Pedestrian 0.0 0 -1.9543917179107666 807.1569213867188 185.9820556640625 842.7452392578125 237.35983276367188 0.9320292 1.8601011 0.9728468 7.534898 1.805145 22.980354 -1.6375532150268555 0.9068080186843872
Pedestrian 0.0 0 -2.048701047897339 901.2670288085938 172.7832794189453 956.9848022460938 248.55946350097656 0.93923 1.8650993 0.939822 7.8005633 1.5028727 15.763005 -1.5891696214675903 0.7485512495040894
Car 0.0 0 -3.3002307415008545 681.097412109375 193.31166076660156 762.1599731445312 226.05128479003906 3.706959 1.5503843 1.7931229 4.9036565 1.8453616 30.622683 -3.1414473056793213 0.9808167815208435
Car 0.0 0 -1.5344226360321045 480.4705505371094 201.9535675048828 693.796630859375 375.0 3.8268776 1.4987305 1.7775593 -0.29027256 1.7083573 7.0891895 -1.5753456354141235 0.9745141267776489
Car 0.0 0 0.48850885033607483 196.44265747070312 190.90359497070312 354.3103332519531 236.01947021484375 4.8687963 1.6310786 2.0474093 -13.039648 1.7666264 23.671131 -0.014999833889305592 0.959434986114502
Car 0.0 0 0.23103384673595428 401.1353759765625 195.33193969726562 522.6339721679688 236.5836944580078 4.173697 1.4858866 1.8549172 -5.977012 1.7968302 23.694113 -0.016068171709775925 0.951066255569458
Car 0.0 0 -3.485947608947754 800.9769897460938 190.3983154296875 913.74951171875 224.99119567871094 4.7955885 1.6358514 2.0006588 11.545071 1.7834308 30.580616 -3.1249616146087646 0.9479760527610779
Car 0.0 0 -0.0560724139213562 397.6820373535156 191.0601043701172 489.63616943359375 228.28660583496094 4.0330048 1.6379491 1.8624439 -8.332763 1.8139565 29.160038 -0.3344140350818634 0.938597559928894
Car 0.0 0 -0.5949987173080444 951.3237915039062 192.48626708984375 1079.7764892578125 235.80581665039062 3.6997495 1.5472792 1.8154854 14.759615 1.7426734 23.368969 -0.031674351543188095 0.8658348321914673
Car 0.0 0 3.1680538654327393 560.0756225585938 192.0814208984375 637.4557495117188 224.85403442382812 3.7035646 1.5546796 1.7947161 -1.0711066 1.7873703 30.627565 3.133096218109131 0.8240239024162292
