Pedestrian 0.0 0 -0.6952441334724426 1198.2095947265625 186.30364990234375 1242.0 273.24542236328125 0.9622838 1.8663172 0.8082494 13.660504 1.8406361 13.774524 0.0859980583190918 0.5597219467163086
Pedestrian 0.0 0 -1.251392126083374 420.178466796875 185.19688415527344 435.25286865234375 217.1514892578125 0.61348 1.7567693 0.63814884 -10.719763 1.6301507 34.453087 -1.553038239479065 0.1391366720199585
Pedestrian 0.0 0 -3.1897075176239014 884.2332763671875 74.23173522949219 1139.3795166015625 375.0 1.0037702 1.5916244 0.5220008 1.8882058 1.1098925 3.1100116 -2.6440560817718506 0.12094683200120926
Pedestrian 0.0 0 1.2667350769042969 913.16455078125 153.35633850097656 945.4445190429688 209.74624633789062 1.2338687 1.8020012 0.6125531 10.161331 0.71090305 20.50178 1.7268818616867065 0.10312763601541519
Cyclist 0.0 0 2.3540430068969727 1192.95068359375 179.79055786132812 1242.0 268.590087890625 1.4493599 1.9351306 0.6812699 13.817611 1.7671252 13.876647 3.1373095512390137 0.29282107949256897
Cyclist 0.0 0 1.2224996089935303 913.8125610351562 152.7274932861328 947.1627807617188 211.43069458007812 1.1465542 1.8691275 0.62514096 10.139434 0.76196045 20.377796 1.6842033863067627 0.11990111321210861
Car 0.0 0 -1.5883612632751465 601.2803955078125 194.15518188476562 642.0208740234375 223.84075927734375 5.5261955 1.4232594 2.0366673 -0.016778082 1.8153106 33.80152 -1.588857650756836 0.9769048690795898
Car 0.0 0 1.6821367740631104 547.9554443359375 187.50144958496094 584.036865234375 211.00103759765625 4.974768 1.6607175 2.1386871 -4.0382447 1.6608312 46.399273 1.5953229665756226 0.9675524234771729
Car 0.0 0 1.8184592723846436 437.1702880859375 193.15989685058594 526.5136108398438 250.0034942626953 3.855866 1.563524 1.8157307 -4.217282 1.7584406 19.428493 1.6047084331512451 0.9652629494667053
Car 0.0 0 1.8652352094650269 312.34796142578125 206.26585388183594 479.3775329589844 294.1390380859375 4.1999044 1.358533 1.9952481 -4.2969584 1.8050181 12.6432 1.5376193523406982 0.9625311493873596
Car 0.0 0 -2.206918954849243 1213.8321533203125 199.20486450195312 1242.0 265.1436767578125 3.8807697 1.4935669 1.6520617 18.501427 1.8503052 16.8628 -1.375218152999878 0.10697231441736221
