Car 0.0 0 -1.7381184101104736 709.4915161132812 202.4668731689453 823.3988037109375 272.1643371582031 4.1475086 1.3607408 1.9984314 3.3553338 1.7771734 15.1568775 -1.5202581882476807 0.9727959036827087
Car 0.0 0 -1.5428136587142944 480.5753173828125 200.8647003173828 703.48583984375 375.0 3.7972088 1.5595771 1.7867991 -0.24572212 1.7486078 6.877986 -1.5785243511199951 0.9616460800170898
Car 0.0 0 3.6307101249694824 202.50328063964844 191.39231872558594 357.2032470703125 236.5425262451172 4.823638 1.6442999 2.0111248 -12.957798 1.8000418 23.82044 3.1325020790100098 0.9590895771980286
Car 0.0 0 -0.16159771382808685 679.719970703125 192.47694396972656 763.6237182617188 225.43577575683594 3.8667006 1.5729066 1.8215414 4.936624 1.8273259 30.829117 -0.002817036584019661 0.9531003832817078
Car 0.0 0 0.22795018553733826 407.2216796875 195.14517211914062 523.9171142578125 234.7135009765625 4.0451474 1.4397467 1.8327817 -5.8944907 1.7456673 23.905024 -0.013806682080030441 0.9499214291572571
Car 0.0 0 2.597996234893799 933.1807250976562 190.958740234375 1056.68603515625 225.67987060546875 4.8618984 1.6444052 2.0568724 18.358044 1.8209296 30.655855 3.1375644207000732 0.947547435760498
Car 0.0 0 -0.0732492208480835 400.05914306640625 189.67616271972656 491.2069091796875 226.34762573242188 4.027096 1.6330515 1.8665352 -8.317807 1.7415823 29.405539 -0.34891295433044434 0.9438309669494629
Car 0.0 0 -3.8120572566986084 1079.0128173828125 189.0135040283203 1214.02880859375 224.011474609375 4.8645134 1.6586423 2.0502973 25.79483 1.7359476 30.622229 -3.1120173931121826 0.9256645441055298
Car 0.0 0 0.029860790818929672 559.7448120117188 191.4558868408203 636.2899169921875 223.70703125 3.6851997 1.5409962 1.7729733 -1.1115224 1.7428564 30.790302 -0.006223298609256744 0.8214154243469238
Car 0.0 0 -1.58414888381958 577.121337890625 196.68832397460938 647.0346069335938 248.039306640625 5.33673 1.4232532 2.0498476 -0.33880505 1.7720267 20.874603 -1.6003779172897339 0.6837652921676636
