Pedestrian 0.0 0 -2.0030434131622314 787.6110229492188 176.24635314941406 806.7862548828125 208.6582794189453 1.5288492 1.6144618 0.33708993 9.523016 1.7919202 36.88356 -1.7503702640533447 0.10783939063549042
Cyclist 0.0 0 -1.9218811988830566 788.5862426757812 175.7983856201172 805.76318359375 208.79583740234375 1.5484735 1.6442649 0.33534336 9.521202 1.798337 36.87891 -1.669223666191101 0.5626965165138245
Cyclist 0.0 0 -1.2488222122192383 362.2784118652344 169.32766723632812 380.14013671875 194.18295288085938 1.9451424 1.7742269 0.65294623 -17.383295 1.5228667 52.47553 -1.5687099695205688 0.20593905448913574
Cyclist 0.0 0 -1.5916444063186646 467.48590087890625 160.70901489257812 477.93389892578125 189.8369903564453 1.8981748 1.8903582 0.63836855 -9.136064 1.1025263 47.818638 -1.7804259061813354 0.18951615691184998
Car 0.0 0 -1.5796663761138916 550.2557373046875 177.3172607421875 612.68359375 239.98619079589844 4.4717584 1.5945737 1.6190226 -0.90308374 1.738645 20.955275 -1.6227355003356934 0.9191256761550903
Car 0.0 0 2.043804883956909 299.278564453125 178.75228881835938 342.7217102050781 197.59873962402344 4.1526947 1.4661019 1.6185448 -23.840448 1.9712851 59.610268 1.6633514165878296 0.447719931602478
Car 0.0 0 -3.017713785171509 605.664794921875 178.75868225097656 659.8294067382812 200.90792846679688 3.9024134 1.6154572 1.6712836 1.7065613 2.0698435 54.351093 -2.986325263977051 0.2241990864276886
Car 0.0 0 -1.1080121994018555 206.2100830078125 167.0349884033203 260.345947265625 197.6256866455078 4.0733833 2.060313 1.7323879 -26.395739 1.6687541 50.64519 -1.5884673595428467 0.209570050239563
Car 0.0 0 -0.7878662347793579 750.877197265625 176.9815673828125 809.5296630859375 200.44224548339844 3.9789684 1.5618814 1.668725 11.877095 1.8606994 50.411617 -0.5564835071563721 0.20829735696315765
Car 0.0 0 1.7976560592651367 330.0900573730469 175.3176727294922 358.6645812988281 192.11224365234375 3.938317 1.4684306 1.5999233 -24.181616 1.7002814 65.74119 1.4451857805252075 0.1754361391067505
Car 0.0 0 -1.6279622316360474 519.8131713867188 176.31190490722656 541.2576904296875 195.43116760253906 3.856891 1.6454988 1.6943038 -7.1918354 1.9665804 64.87797 -1.738363265991211 0.15987500548362732
