Pedestrian 0.0 0 1.3676446676254272 302.1460876464844 178.98048400878906 362.78759765625 313.0508117675781 0.7578263 1.640634 0.58901316 -3.6576948 1.7244537 9.348685 0.9947021007537842 0.7571250200271606
Pedestrian 0.0 0 1.9251651763916016 415.5260314941406 161.56947326660156 434.80645751953125 209.1740264892578 0.6368155 1.7274506 0.49750087 -6.834553 1.3183215 26.52218 1.6729602813720703 0.622035026550293
Pedestrian 0.0 0 -0.12280583381652832 842.8158569335938 174.68724060058594 874.4561157226562 233.26898193359375 0.8455146 1.76519 0.638337 7.583026 1.8228796 22.162868 0.20685863494873047 0.3659132421016693
Pedestrian 0.0 0 -3.7707879543304443 1188.0133056640625 147.52365112304688 1242.0 250.24839782714844 0.86911964 1.7237782 0.5216975 10.529966 1.2990788 12.397698 -3.0666723251342773 0.32815083861351013
Pedestrian 0.0 0 -1.916739821434021 803.8096313476562 134.0540771484375 899.845703125 294.57989501953125 0.96654 1.7939122 0.7931393 2.782621 1.3606721 8.556127 -1.602309226989746 0.27097660303115845
Pedestrian 0.0 0 -1.9327276945114136 721.9601440429688 146.6287078857422 758.3350830078125 207.91896057128906 1.0008852 1.8449911 0.801069 3.9630685 1.0559019 22.283207 -1.7567180395126343 0.2402561753988266
Pedestrian 0.0 0 0.03535608947277069 659.8872680664062 168.8090057373047 673.2149047851562 192.059326171875 1.0684628 1.8911501 0.55373996 4.6042705 1.5624924 59.021637 0.11320829391479492 0.20500268042087555
Pedestrian 0.0 0 -2.0519440174102783 702.0482788085938 171.1928253173828 719.7040405273438 197.87063598632812 1.3172047 1.7377789 0.61554956 6.635192 1.6299293 47.721653 -1.913790225982666 0.1970428228378296
Pedestrian 0.0 0 -2.742382526397705 369.56463623046875 158.6022186279297 411.61328125 223.82464599609375 1.0011959 1.8351538 0.5897735 -6.3184495 1.4345115 20.643473 -3.039403200149536 0.16717515885829926
Pedestrian 0.0 0 -2.6505141258239746 232.07077026367188 143.3580780029297 304.7348327636719 276.9930725097656 0.699472 1.7599905 0.58799225 -4.6853204 1.3718832 9.809596 -3.0961029529571533 0.15618683397769928
Cyclist 0.0 0 -1.579195261001587 680.5682373046875 165.39614868164062 707.0726318359375 243.6479034423828 1.9315135 1.7830509 0.60103667 1.9632262 1.6134739 17.42996 -1.467032790184021 0.8494054675102234
Cyclist 0.0 0 -2.0426604747772217 702.2824096679688 171.14013671875 719.3600463867188 197.9116973876953 1.2745274 1.744216 0.60376155 6.6299767 1.632912 47.707752 -1.9045741558074951 0.23759454488754272
Cyclist 0.0 0 -3.7707879543304443 1188.0133056640625 147.52365112304688 1242.0 250.24839782714844 0.86911964 1.7237782 0.5216975 10.529966 1.2990788 12.397698 -3.0666723251342773 0.11013077199459076
Cyclist 0.0 0 -1.9327276945114136 721.9601440429688 146.6287078857422 758.3350830078125 207.91896057128906 1.0008852 1.8449911 0.801069 3.9630685 1.0559019 22.283207 -1.7567180395126343 0.11011217534542084
Car 0.0 0 -0.544180691242218 894.8771362304688 167.29690551757812 963.27734375 194.59072875976562 3.5067787 1.6387866 1.6328863 19.555475 1.3054832 44.355247 -0.12893426418304443 0.32551589608192444
