Pedestrian 0.0 0 2.081221103668213 234.11569213867188 187.00941467285156 277.17681884765625 265.84912109375 0.72085667 1.6930892 0.5802229 -7.899844 2.0147905 16.00197 1.6226426362991333 0.6610825061798096
Pedestrian 0.0 0 2.7904248237609863 645.1381225585938 166.4942169189453 668.4596557617188 205.5098876953125 0.97394913 1.8197753 0.5329526 2.1673825 1.5234997 34.044994 2.85400128364563 0.6204642057418823
Pedestrian 0.0 0 0.15380913019180298 872.4803466796875 143.5192108154297 940.1428833007812 252.44439697265625 0.98530704 1.7944156 0.7007188 5.0587845 1.3115169 12.437572 0.540107250213623 0.5713676810264587
Pedestrian 0.0 0 -2.7931323051452637 429.22705078125 175.3628692626953 449.7019958496094 207.3973846435547 0.9459367 1.7269782 0.57530105 -9.319143 1.8651408 39.288853 -3.0260238647460938 0.5004286170005798
Pedestrian 0.0 0 2.9008290767669678 706.9744262695312 178.58575439453125 728.4530029296875 221.48464965820312 0.7350535 1.7136502 0.61423516 4.3211193 1.9490995 29.25122 3.047492742538452 0.40955108404159546
Pedestrian 0.0 0 0.9283779859542847 391.45947265625 157.78941345214844 418.7255859375 198.4296875 1.1930689 1.8351241 0.61291623 -9.466305 1.155236 33.18363 0.6504888534545898 0.2821574807167053
Cyclist 0.0 0 -0.8797124028205872 750.2689208984375 157.95814514160156 783.641845703125 193.63320922851562 1.7710084 1.6762581 0.57045186 7.5114794 0.976707 34.671608 -0.6663631200790405 0.2757780849933624
Cyclist 0.0 0 1.6105810403823853 397.93994140625 157.9090576171875 412.5151672363281 198.6267852783203 1.4413394 1.8310419 0.59082705 -9.458748 1.1593386 33.214172 1.3331449031829834 0.2429756224155426
Cyclist 0.0 0 -0.30094200372695923 1103.9420166015625 160.91522216796875 1180.982421875 215.90472412109375 1.7730023 1.6149863 0.59202594 15.980987 1.2647148 21.757303 0.33257246017456055 0.18948814272880554
Cyclist 0.0 0 -1.2149041891098022 308.1680908203125 188.81581115722656 344.85302734375 246.16151428222656 1.748609 1.6684372 0.48146984 -8.8093 2.1828995 22.35799 -1.5902372598648071 0.18756438791751862
Cyclist 0.0 0 -1.2534164190292358 430.76702880859375 174.32073974609375 447.3199768066406 208.26840209960938 1.0068295 1.823113 0.5943946 -9.346895 1.9044737 39.318527 -1.4868067502975464 0.10625101625919342
Car 0.0 0 2.4548702239990234 0.0 208.5777130126953 111.75872802734375 375.0 3.97622 1.5002608 1.6276511 -5.2038317 1.8112539 4.2818213 1.5725760459899902 0.6320555210113525
Car 0.0 0 1.7626463174819946 440.3876647949219 171.68804931640625 505.2491149902344 225.63040161132812 4.002481 1.8425412 1.6165498 -5.0209656 1.8030735 26.64901 1.5764185190200806 0.57779860496521
