Car 0.0 0 2.0226926803588867 145.22634887695312 195.83529663085938 337.6473388671875 292.8310241699219 4.1370187 1.4689413 1.6439669 -6.9182587 1.9808085 13.982291 1.563223958015442 0.9611223936080933
Car 0.0 0 1.8395096063613892 447.0732116699219 185.5673828125 509.4503479003906 223.2975311279297 4.175997 1.4902275 1.6794147 -5.815379 2.0942416 32.102592 1.6603031158447266 0.9329552054405212
Car 0.0 0 -1.6111313104629517 597.1815795898438 180.79116821289062 666.8944091796875 247.95944213867188 3.618909 1.5986036 1.703295 0.45951253 1.8327227 19.424181 -1.5874789953231812 0.9285061359405518
Car 0.0 0 1.924822211265564 411.52203369140625 181.3309783935547 467.55157470703125 212.14434814453125 4.337579 1.5875711 1.6724573 -9.563936 2.092245 40.66822 1.6938493251800537 0.8194203972816467
Car 0.0 0 2.2422842979431152 70.62312316894531 186.25856018066406 202.0011444091797 237.70765686035156 3.6293948 1.416568 1.5277869 -14.805949 1.8739742 22.72077 1.6647512912750244 0.8171632885932922
Car 0.0 0 1.9238379001617432 259.37060546875 185.22972106933594 353.53033447265625 235.62075805664062 3.9870687 1.4779283 1.6231817 -10.086719 1.9278233 24.18047 1.5286407470703125 0.7467745542526245
Car 0.0 0 -1.0861613750457764 706.3040161132812 177.8730926513672 795.2298583984375 226.1719970703125 3.4063003 1.4733034 1.5131377 4.725824 1.6544255 24.182474 -0.893170177936554 0.7320414781570435
Car 0.0 0 -0.9390089511871338 675.4790649414062 181.34181213378906 757.3863525390625 221.23829650878906 3.6376016 1.550576 1.6104691 4.52805 1.9338977 30.691977 -0.7925335168838501 0.6810564398765564
Car 0.0 0 1.9042418003082275 326.163818359375 180.29287719726562 398.454833984375 228.22244262695312 3.9521832 1.8348143 1.6580288 -10.315118 2.1671002 30.213057 1.5752376317977905 0.6741834282875061
Car 0.0 0 -1.3083339929580688 790.1620483398438 174.71450805664062 949.6165161132812 280.9928283691406 4.0486293 1.6275656 1.7559046 4.8608603 1.6677537 13.283395 -0.9575341939926147 0.5756511688232422
Car 0.0 0 -1.38302481174469 601.6279296875 173.55206298828125 639.9127197265625 200.07627868652344 3.5919468 1.4811039 1.6038315 0.6399673 1.5242554 42.30952 -1.3679001331329346 0.5639476180076599
Car 0.0 0 1.7523189783096313 527.0994262695312 183.0983123779297 561.3158569335938 207.2698516845703 3.814591 1.4914542 1.6138489 -4.3790464 2.2036693 48.162907 1.6616467237472534 0.5624929666519165
