Pedestrian 0.0 0 -1.6012557744979858 402.60162353515625 169.0268096923828 435.8070983886719 256.3219299316406 0.9069888 1.6160561 0.5866694 -3.6268344 1.4052961 13.602906 -1.8618165254592896 0.8827503323554993
Pedestrian 0.0 0 -2.429183006286621 499.83221435546875 156.4034423828125 570.8925170898438 252.18032836914062 1.0315343 1.7851049 0.92589986 -1.4027073 1.3376265 13.848268 -2.530129909515381 0.77317214012146
Pedestrian 0.0 0 2.0272984504699707 219.42369079589844 154.91012573242188 237.59597778320312 198.93434143066406 0.40798804 1.9110264 0.58134896 -16.474163 0.80168027 30.900543 1.5374953746795654 0.5823320746421814
Pedestrian 0.0 0 1.6533360481262207 423.49786376953125 163.99542236328125 436.9532775878906 196.42608642578125 0.698339 1.808091 0.68146765 -9.847669 0.8893113 39.81377 1.4108593463897705 0.5796487927436829
Pedestrian 0.0 0 -1.5796587467193604 324.0068359375 161.2987060546875 344.2537536621094 204.4408416748047 0.92549765 1.7950871 0.7909611 -11.515773 0.9976313 29.98995 -1.9462857246398926 0.5247532725334167
Pedestrian 0.0 0 1.6742242574691772 297.3000793457031 157.33535766601562 314.9220886230469 197.44960021972656 0.7935025 1.9236369 0.7127096 -14.5471115 0.8142437 34.38447 1.2739876508712769 0.49412664771080017
Pedestrian 0.0 0 -1.8658778667449951 439.35943603515625 165.18331909179688 461.12066650390625 202.96485900878906 0.43870804 1.748258 0.9077416 -7.268596 1.0409667 33.12551 -2.081880569458008 0.4658973217010498
Cyclist 0.0 0 2.1322460174560547 62.4322624206543 149.71429443359375 236.8107452392578 328.6412658691406 1.7838243 1.7456458 0.7823779 -4.95868 1.4469904 7.7872047 1.5652257204055786 0.9570344686508179
Cyclist 0.0 0 -2.24969482421875 681.5938110351562 153.0277099609375 785.3680419921875 268.25482177734375 1.9085441 1.7705461 0.6471117 2.0595856 1.3500736 11.8507 -2.0776190757751465 0.8926236033439636
Cyclist 0.0 0 -1.5773439407348633 324.002197265625 161.03363037109375 344.7309875488281 204.78482055664062 0.96141267 1.821097 0.8102228 -11.516297 1.0123144 30.020456 -1.94364595413208 0.12999986112117767
Car 0.0 0 -2.282848596572876 1033.1627197265625 184.25131225585938 1157.6434326171875 231.6582489013672 3.4094512 1.454011 1.5813614 16.300808 1.5909843 23.743736 -1.6812196969985962 0.9269000887870789
Car 0.0 0 0.8697556853294373 1098.180419921875 183.7084503173828 1224.0 236.4710235595703 3.7381184 1.6605104 1.6471747 19.149715 1.7812581 24.373852 1.5356953144073486 0.9199020266532898
Car 0.0 0 -2.1723570823669434 952.6641845703125 182.57864379882812 1067.158203125 230.4301300048828 3.5095763 1.5003219 1.6902447 13.66407 1.5781842 24.14263 -1.657333493232727 0.8885603547096252
Car 0.0 0 -1.6347403526306152 600.9951782226562 174.79339599609375 636.0095825195312 204.4367218017578 3.8602808 1.4791399 1.5898623 0.6523651 1.1958231 37.24026 -1.6172244548797607 0.8808296918869019
