Car 0.0 0 -1.6850303411483765 660.1538696289062 181.76792907714844 727.4873657226562 232.45254516601562 3.564565 1.3779072 1.6247987 2.4297786 1.6724824 22.026867 -1.575164794921875 0.9445350170135498
Car 0.0 0 -1.561591386795044 572.8505249023438 183.10549926757812 630.107177734375 229.76864624023438 3.4029987 1.3421893 1.70655 -0.30744165 1.6965055 23.20517 -1.574839472770691 0.9400602579116821
Car 0.0 0 -1.208141565322876 201.042236328125 188.5486602783203 465.12567138671875 362.83538818359375 3.3729181 1.4125255 1.5174539 -2.7660377 1.6209005 7.856248 -1.546669363975525 0.9373396635055542
Car 0.0 0 -1.4804718494415283 523.9888916015625 180.7655029296875 568.0628051757812 216.27777099609375 3.549794 1.3885503 1.5597614 -2.7160401 1.7458948 30.778116 -1.568489670753479 0.8768787384033203
Car 0.0 0 -2.25496768951416 880.2833251953125 179.25421142578125 1242.0 375.0 3.790917 1.5013007 1.6517537 2.867537 1.550854 3.6347573 -1.5870188474655151 0.8439862728118896
Car 0.0 0 1.3772027492523193 88.823974609375 189.7049560546875 274.693359375 325.6239318847656 3.5275989 1.4198757 1.4777082 -5.964024 1.6907641 9.781069 0.829643726348877 0.804639995098114
Car 0.0 0 0.9120132923126221 458.4825439453125 175.41798400878906 527.3386840820312 202.40362548828125 4.3167152 1.464308 1.6072091 -6.8276086 1.6198142 41.599373 0.7493360042572021 0.7853255271911621
Car 0.0 0 -1.5787787437438965 589.9679565429688 173.3956756591797 625.32421875 207.0301513671875 3.619682 1.5702832 1.6541404 -0.17231087 1.5987068 35.562393 -1.583624005317688 0.7588861584663391
Car 0.0 0 1.0949841737747192 336.2287902832031 182.87893676757812 449.87396240234375 239.96243286132812 3.6891024 1.4173477 1.55063 -6.251907 1.727443 20.428463 0.7979962825775146 0.7544647455215454
Car 0.0 0 -0.857923150062561 0.0 188.8359832763672 351.79510498046875 375.0 3.7842932 1.520333 1.6418988 -2.6286786 1.6295372 3.0158875 -1.5748300552368164 0.7537648677825928
Car 0.0 0 1.0214253664016724 366.2138366699219 177.39266967773438 471.3116760253906 231.13096618652344 3.7204287 1.5926776 1.6000866 -6.3405013 1.7529309 23.556417 0.7584943771362305 0.7223231792449951
Car 0.0 0 2.151747703552246 34.4642333984375 185.76133728027344 183.03822326660156 240.86883544921875 4.2882056 1.4453349 1.6404275 -15.1746435 1.8796335 22.09436 1.5499285459518433 0.6953760385513306
Car 0.0 0 1.909900426864624 279.6319580078125 180.1474609375 338.7881774902344 212.8098602294922 3.7310023 1.5556144 1.662445 -15.435514 1.9505339 37.122593 1.5158493518829346 0.6052265167236328
