Pedestrian 0.0 0 -2.2738616466522217 269.2301330566406 179.781005859375 325.678466796875 263.41796875 0.7766662 1.6498071 0.7281317 -6.318547 1.6372545 14.439875 -2.686336040496826 0.5518806576728821
Pedestrian 0.0 0 -1.5553390979766846 991.0404663085938 150.51254272460938 1023.5350952148438 219.58717346191406 1.2427534 1.7151228 0.7081135 10.364337 0.9721303 18.266155 -1.0392301082611084 0.2514082193374634
Pedestrian 0.0 0 2.8150625228881836 507.3185729980469 165.21646118164062 521.4488525390625 187.9718017578125 1.0788808 1.9436243 0.577019 -7.7850175 0.63939357 60.882645 2.6878833770751953 0.21866494417190552
Pedestrian 0.0 0 -3.5069148540496826 994.43701171875 112.19480895996094 1062.24853515625 242.11595153808594 0.6632912 1.7397887 0.51284045 5.791321 0.8267779 9.7719345 -2.9719185829162598 0.21426330506801605
Pedestrian 0.0 0 3.3480677604675293 115.68305969238281 105.92323303222656 202.3043975830078 243.18060302734375 0.89213514 1.8082222 0.703045 -6.199901 0.82742447 9.79514 2.7837672233581543 0.16310924291610718
Pedestrian 0.0 0 1.862531304359436 790.2632446289062 161.67030334472656 806.1116943359375 194.69561767578125 0.64876586 1.7410722 0.6572132 10.297131 0.7497952 37.719383 2.129030704498291 0.15281349420547485
Pedestrian 0.0 0 -1.604995846748352 592.7742919921875 169.9060821533203 603.8970336914062 193.85887145996094 0.4052517 1.8185151 0.8340888 -0.49992523 1.0154755 53.895306 -1.6142714023590088 0.15082328021526337
Pedestrian 0.0 0 -0.08425188064575195 770.0529174804688 155.80569458007812 802.5255126953125 186.71876525878906 1.7621707 1.7548782 0.56255275 10.382507 0.35441306 40.55622 0.1663684844970703 0.1004524901509285
Cyclist 0.0 0 -1.573610544204712 990.7866821289062 146.72027587890625 1023.0287475585938 217.8192138671875 1.7101178 1.7525915 0.69733965 10.381821 0.9215171 18.34001 -1.0585095882415771 0.4762202203273773
Cyclist 0.0 0 -0.0948026180267334 769.8018798828125 156.3143310546875 802.200927734375 187.07708740234375 1.7543782 1.7470642 0.56171715 10.36792 0.37490815 40.56271 0.1554417610168457 0.32513439655303955
Car 0.0 0 -0.8495709896087646 0.0 207.11077880859375 299.2193603515625 370.0 3.7001271 1.4427508 1.6102011 -3.1371098 1.645107 3.4645572 -1.5854090452194214 0.8524874448776245
Car 0.0 0 -0.41097936034202576 850.2792358398438 160.46817016601562 1002.852294921875 207.81607055664062 4.079658 1.4378527 1.5967059 10.018804 0.8310888 22.288265 0.011467218399047852 0.7947031259536743
Car 0.0 0 1.4604544639587402 677.1898193359375 173.88583374023438 703.2662963867188 194.44671630859375 4.0064325 1.5801581 1.6252054 6.768034 1.0730957 56.344242 1.5800009965896606 0.16021506488323212
Car 0.0 0 0.10199105739593506 0.0 158.26791381835938 91.86820983886719 187.56655883789062 4.40136 1.7082129 1.7975935 -34.108852 0.41337985 43.158348 -0.5668187737464905 0.13145285844802856
