Pedestrian 0.0 0 0.34869384765625 652.8906860351562 162.29908752441406 677.0562133789062 200.2181396484375 1.0778716 1.8402438 0.5020587 2.664157 1.328363 35.46449 0.4236748218536377 0.602388858795166
Pedestrian 0.0 0 0.3934374153614044 658.9827880859375 162.22402954101562 682.6500854492188 199.9299774169922 1.0633887 1.8718817 0.53329307 3.021918 1.3445232 36.298233 0.4764983654022217 0.5311664938926697
Cyclist 0.0 0 2.104027032852173 30.172239303588867 169.6884765625 255.0574188232422 375.0 1.6356384 1.6401241 0.69003296 -3.4794235 1.6200597 5.4808145 1.5383851528167725 0.8770913481712341
Car 0.0 0 -2.081437587738037 834.4009399414062 173.4956512451172 1242.0 375.0 3.2336276 1.4296995 1.5029845 2.7977657 1.4360389 5.099933 -1.5796784162521362 0.9120470881462097
Car 0.0 0 1.8898427486419678 338.28515625 177.57850646972656 454.034912109375 246.19711303710938 3.8233626 1.4726932 1.5878025 -5.1413875 1.6015917 17.689089 1.6069830656051636 0.8847436308860779
Car 0.0 0 1.95515775680542 194.17100524902344 186.91542053222656 399.63592529296875 296.2590637207031 4.2666345 1.4569556 1.6824402 -5.086864 1.7388006 12.30153 1.5630552768707275 0.8754309415817261
Car 0.0 0 -1.829079508781433 722.0069580078125 158.68215942382812 917.9435424804688 298.8476257324219 3.8339727 1.6241366 1.6623738 2.6782439 1.4602811 10.277686 -1.5741605758666992 0.870438814163208
Car 0.0 0 1.7998063564300537 428.3887634277344 179.0845947265625 496.9443054199219 223.35633850097656 3.6467226 1.3813727 1.5250366 -5.03897 1.6124829 24.874828 1.599937915802002 0.8336307406425476
Car 0.0 0 2.2350101470947266 0.0 197.1408233642578 280.1298522949219 375.0 3.8395262 1.4882553 1.6219271 -5.0866547 1.7954543 7.157905 1.6171826124191284 0.8279356956481934
Car 0.0 0 1.6791436672210693 529.2351684570312 166.81643676757812 559.801513671875 196.3680419921875 3.6534443 1.8662426 1.6161854 -4.29489 1.4853165 47.40479 1.5887900590896606 0.5645900368690491
Car 0.0 0 -1.6654796600341797 681.8655395507812 172.34445190429688 748.9658203125 227.41322326660156 3.721831 1.463037 1.5688373 2.942255 1.4498578 21.060375 -1.52667236328125 0.5372129678726196
Car 0.0 0 -1.7217462062835693 686.5177612304688 157.9648895263672 797.8087768554688 251.9615020751953 4.2887373 1.7542586 1.6888548 2.645133 1.4767411 15.62155 -1.5540112257003784 0.4929315149784088
