Pedestrian 0.0 0 1.714152455329895 637.7109375 160.84263610839844 658.7167358398438 210.0339813232422 0.9226357 1.8039913 0.6608722 1.5960923 1.0846151 26.443209 1.7744386196136475 0.5954501628875732
Pedestrian 0.0 0 1.7134500741958618 563.670166015625 166.15281677246094 577.9443969726562 198.8687744140625 0.726268 1.7674108 0.68282443 -1.8732237 0.99373746 38.585495 1.6649408340454102 0.3539130389690399
Pedestrian 0.0 0 -1.2846165895462036 398.9906005859375 193.51821899414062 472.8970947265625 339.5906677246094 0.9338438 1.6856253 0.6533999 -2.1122723 1.8568649 8.722271 -1.5222123861312866 0.3206562399864197
Pedestrian 0.0 0 1.134813666343689 909.88134765625 119.37015533447266 975.4882202148438 245.49803161621094 0.8142212 1.8294771 0.6021104 5.02765 0.94445693 10.65926 1.5755412578582764 0.2759617567062378
Pedestrian 0.0 0 -1.8101468086242676 251.71461486816406 148.6862335205078 304.772216796875 251.9807586669922 0.7735124 1.7720984 0.6960412 -5.8930063 1.2279552 12.644441 -2.2462716102600098 0.2128440886735916
Pedestrian 0.0 0 -1.1563324928283691 164.37322998046875 139.22227478027344 247.6417236328125 281.9964904785156 0.8455868 1.6827252 0.6147373 -4.979869 1.1979116 8.78 -1.6722724437713623 0.212702214717865
Pedestrian 0.0 0 -1.0880767107009888 244.95494079589844 104.39010620117188 364.73223876953125 333.36956787109375 0.79563624 1.6950401 0.58102614 -2.4213154 1.1333413 5.6481876 -1.493067741394043 0.18633155524730682
Pedestrian 0.0 0 1.508285403251648 805.7564697265625 134.27545166015625 835.5369262695312 207.43502807617188 0.8725622 1.8547724 0.6861483 5.57355 0.6844605 18.423735 1.802052617073059 0.1738845854997635
Pedestrian 0.0 0 -1.4576961994171143 542.1765747070312 183.7298583984375 565.4895629882812 241.03848266601562 0.78297496 1.6367431 0.5962057 -1.5211688 1.7344406 20.636753 -1.5312747955322266 0.17299784719944
Pedestrian 0.0 0 0.6946755647659302 1088.298095703125 130.82273864746094 1224.0 370.0 0.9412869 1.7622702 0.6724607 3.0437376 1.5526775 3.5218487 1.407381296157837 0.16934847831726074
Pedestrian 0.0 0 -3.745974540710449 1076.8818359375 83.61481475830078 1208.2763671875 292.0467224121094 0.7146048 1.8287369 0.66730624 4.896197 0.98038924 6.545455 -3.1037354469299316 0.14281833171844482
Pedestrian 0.0 0 -3.0184109210968018 523.8682861328125 184.8275909423828 561.505859375 250.97862243652344 0.8670582 1.6230255 0.667343 -1.5924666 1.7353334 17.736115 -3.107957363128662 0.14159435033798218
Pedestrian 0.0 0 -1.4067846536636353 498.50994873046875 187.44761657714844 538.9736938476562 272.6991271972656 0.94480026 1.695677 0.68877697 -1.8129978 1.8458152 14.623582 -1.5301328897476196 0.13441583514213562
Pedestrian 0.0 0 -2.0686583518981934 1015.6240234375 89.11111450195312 1134.377685546875 268.3064880371094 0.9211645 1.8102232 0.7085601 4.980586 0.8887105 7.625252 -1.4900579452514648 0.12486261129379272
Car 0.0 0 -1.6398775577545166 668.1586303710938 158.94790649414062 704.9555053710938 195.0474853515625 4.7594986 1.9719135 1.7834682 4.663731 0.79604536 41.033813 -1.526707410812378 0.7961753606796265
