Pedestrian 0.0 0 3.2842013835906982 433.4483642578125 169.54434204101562 483.9280700683594 257.0446472167969 0.97397965 1.8284329 0.6685982 -3.276209 1.7596312 15.440636 3.0751211643218994 0.5190078616142273
Pedestrian 0.0 0 0.8386842012405396 1183.17041015625 104.01602935791016 1242.0 218.5579376220703 0.9359069 1.8682729 0.6443731 10.3756 0.7458268 12.243257 1.5416984558105469 0.4390190839767456
Cyclist 0.0 0 -3.5344324111938477 886.9413452148438 174.5322723388672 1020.6921997070312 266.80145263671875 2.0751138 1.6663176 0.91481227 6.359952 1.6993741 13.550702 -3.0956082344055176 0.9269250631332397
Car 0.0 0 -1.6066746711730957 590.2440795898438 185.65115356445312 668.5783081054688 251.81036376953125 3.38634 1.3547041 1.6781073 0.33861792 1.6893429 17.138414 -1.5869194269180298 0.9381327629089355
Car 0.0 0 -1.537429690361023 576.9305419921875 179.398681640625 623.3631591796875 223.6437225341797 3.9972103 1.6752733 1.7932453 -0.38662162 1.9654293 29.930307 -1.5503463745117188 0.8830744028091431
Car 0.0 0 2.0848677158355713 179.34422302246094 181.86241149902344 299.0592346191406 242.821533203125 3.9572513 1.6992381 1.6059303 -11.560149 2.0083568 22.716223 1.6141302585601807 0.8229024410247803
Car 0.0 0 -2.0868563652038574 411.1807556152344 179.53944396972656 511.867919921875 229.3155975341797 3.761969 1.491156 1.6385195 -5.063269 1.7328292 24.089273 -2.2940282821655273 0.7593638896942139
Car 0.0 0 -1.7062007188796997 666.4468383789062 181.43374633789062 712.4631958007812 216.70030212402344 3.6104305 1.4620264 1.5835354 3.4962888 1.8720951 32.625843 -1.5994449853897095 0.6517464518547058
Car 0.0 0 -2.211038827896118 453.6817932128906 181.91433715820312 541.591064453125 223.07969665527344 3.8677924 1.5727587 1.669718 -4.8170824 1.9789715 30.370058 -2.3683412075042725 0.6248117685317993
Car 0.0 0 -2.2906246185302734 488.22796630859375 180.87109375 558.650634765625 210.9347686767578 3.7426343 1.4617708 1.5990987 -4.616414 1.9038322 37.906982 -2.4118106365203857 0.48043888807296753
Car 0.0 0 -2.5980517864227295 414.6075439453125 181.14114379882812 527.5677490234375 222.83157348632812 3.8974106 1.4504714 1.6021937 -5.253101 1.7783599 27.090528 -2.789583921432495 0.4585981070995331
