Car 0.0 0 3.6868436336517334 0.0 182.38238525390625 308.87158203125 300.8511657714844 4.0835123 1.3943377 1.549106 -6.384655 1.5316324 9.498039 3.095014810562134 0.9505810737609863
Car 0.0 0 -1.7495496273040771 677.8438110351562 181.49879455566406 740.6846313476562 227.40965270996094 3.4560988 1.4122791 1.5171626 3.2686782 1.7287225 24.61772 -1.6175442934036255 0.9444418549537659
Car 0.0 0 -2.003763437271118 831.3800048828125 191.71766662597656 1242.0 375.0 3.56009 1.4006966 1.5609916 3.0882835 1.6078411 6.1001143 -1.535115122795105 0.9243706464767456
Car 0.0 0 3.5093541145324707 179.89781188964844 182.18038940429688 405.60302734375 263.6087341308594 3.9815562 1.5698794 1.6212748 -6.509812 1.7757635 15.005139 3.1000208854675293 0.8854736089706421
Car 0.0 0 -1.858780860900879 742.6424560546875 175.76400756835938 925.19873046875 300.333251953125 3.6765451 1.5904185 1.6436815 3.1742744 1.6431735 11.14242 -1.5812509059906006 0.8243154287338257
Car 0.0 0 -2.8025660514831543 303.396484375 178.14169311523438 462.7719421386719 235.6577911376953 3.8459108 1.4891257 1.5724837 -6.1617427 1.6400603 19.689856 -3.105851650238037 0.8062783479690552
Car 0.0 0 0.19103410840034485 451.97442626953125 163.86827087402344 531.1478271484375 202.2325897216797 3.9248977 2.003599 1.7209414 -6.3280697 1.5346718 38.596073 0.028523683547973633 0.6397318243980408
Car 0.0 0 0.28259241580963135 361.9819641113281 180.43971252441406 490.8243408203125 233.35440063476562 3.5343812 1.5413258 1.5325556 -5.6017385 1.7825038 22.077513 0.034105777740478516 0.5968554615974426
Car 0.0 0 0.25666019320487976 257.4391784667969 175.76986694335938 455.3709411621094 245.73751831054688 4.1685123 1.5652262 1.6575384 -5.962741 1.6391197 17.20726 -0.07691526412963867 0.534644603729248
Car 0.0 0 3.275131940841675 400.7447509765625 175.34088134765625 509.0691223144531 216.79229736328125 4.1236467 1.6230941 1.6816962 -6.2800336 1.7281165 29.367054 3.0644588470458984 0.5242515206336975
