Cyclist 0.0 0 1.5638539791107178 452.1533508300781 175.10499572753906 475.3469543457031 238.95489501953125 1.8830731 1.721149 0.6170668 -4.212166 1.7885487 20.501738 1.3612196445465088 0.9140591621398926
Cyclist 0.0 0 1.616758108139038 417.0310363769531 175.8639373779297 444.6159362792969 249.35873413085938 1.8367054 1.7607099 0.6001528 -4.5806355 1.8415104 18.321238 1.3717626333236694 0.9009256362915039
Car 0.0 0 -1.849212408065796 664.0467529296875 177.68954467773438 781.7191772460938 258.896240234375 3.3016372 1.4713546 1.5388055 2.1741269 1.5840251 15.01681 -1.7054319381713867 0.9516811966896057
Car 0.0 0 1.045639157295227 794.1905517578125 179.8955078125 1242.0 375.0 3.9244416 1.4677098 1.7022642 2.9265847 1.545677 5.934983 1.5037575960159302 0.8966754674911499
Car 0.0 0 -1.4584053754806519 323.41180419921875 189.89927673339844 410.6859436035156 259.6674499511719 3.8215446 1.4174973 1.5981044 -5.882034 1.8837984 17.686064 -1.7794779539108276 0.8849319219589233
Car 0.0 0 -1.8586336374282837 606.9321899414062 173.00823974609375 694.7277221679688 232.72134399414062 3.7492974 1.6419812 1.63664 1.0917338 1.647444 21.863102 -1.8087401390075684 0.8087353110313416
Car 0.0 0 1.6209038496017456 358.6569519042969 184.61036682128906 419.4991455078125 238.34765625 3.9575064 1.4660093 1.6322565 -6.9157763 1.8712003 22.725864 1.3254948854446411 0.7381176352500916
Car 0.0 0 -1.7452524900436401 558.20947265625 177.86160278320312 605.5941162109375 212.72860717773438 3.7260282 1.5174484 1.594984 -1.415893 1.7673426 33.96183 -1.786919116973877 0.7272066473960876
Car 0.0 0 -1.6408220529556274 539.0928955078125 178.74679565429688 568.4913940429688 205.04681396484375 3.4486063 1.506615 1.5416791 -3.4905894 1.8809301 43.96628 -1.7200483083724976 0.5296139717102051
Car 0.0 0 1.6537481546401978 415.6036682128906 180.1514434814453 453.12322998046875 210.31874084472656 3.9505243 1.4989977 1.6464857 -9.460175 1.9141848 38.93475 1.4153920412063599 0.4705447256565094
Car 0.0 0 -1.517022728919983 522.8165283203125 177.94972229003906 545.3236083984375 198.43687438964844 3.8503525 1.607274 1.6446949 -6.259334 2.0420551 59.545742 -1.6217561960220337 0.43647047877311707
