Pedestrian 0.0 0 -2.5840418338775635 141.40541076660156 169.86419677734375 226.79225158691406 275.22601318359375 1.0025915 1.8308605 0.89717406 -7.6983333 1.7792647 12.995205 -3.1188528537750244 0.221873939037323
Pedestrian 0.0 0 1.4584020376205444 162.8560791015625 166.49827575683594 198.5540313720703 223.5552215576172 0.86348355 1.9149593 0.9648004 -14.8322735 1.7020049 24.849388 0.9202747344970703 0.1784323751926422
Pedestrian 0.0 0 -0.015642933547496796 545.2443237304688 157.8772735595703 578.2074584960938 223.96665954589844 0.93475145 1.8742703 0.81327677 -1.4526429 1.4498941 20.904652 -0.08502038568258286 0.15647970139980316
Pedestrian 0.0 0 0.9149932861328125 842.08447265625 37.6495361328125 1029.8988037109375 351.8614501953125 0.84676224 1.6943889 0.65328944 1.8797674 0.96565616 4.379254 1.3204529285430908 0.1410147249698639
Pedestrian 0.0 0 0.02663329243659973 512.8023681640625 158.23924255371094 544.5905151367188 222.8397674560547 0.89056224 1.8203621 0.6723561 -2.3721194 1.4088947 20.703066 -0.087447389960289 0.11206434667110443
Pedestrian 0.0 0 1.3624393939971924 185.95486450195312 154.75108337402344 210.9736328125 205.60470581054688 0.47960314 1.8287677 0.7098289 -15.078952 1.1781195 26.359922 0.8428318500518799 0.10595813393592834
Pedestrian 0.0 0 -1.3700792789459229 268.6007995605469 139.16207885742188 290.08319091796875 196.07774353027344 0.54644316 1.9385489 0.5777478 -11.454039 0.7913592 24.9048 -1.801146149635315 0.10537613183259964
Cyclist 0.0 0 0.3896777629852295 0.0 141.02415466308594 56.218902587890625 191.11500549316406 1.6488949 1.7057331 0.64905846 -20.440203 0.6221962 25.116741 -0.2934260964393616 0.21534863114356995
Cyclist 0.0 0 -1.3584978580474854 565.805419921875 178.037841796875 586.7981567382812 215.9844970703125 1.9371072 1.8109057 0.6467363 -1.693037 2.0751202 35.714817 -1.4058667421340942 0.1871228963136673
Cyclist 0.0 0 2.5592856407165527 563.2973022460938 154.90501403808594 603.561767578125 205.19789123535156 1.5671443 1.9667779 0.55161715 -1.0998682 1.265214 28.89399 2.521238327026367 0.1383025348186493
Cyclist 0.0 0 -1.2590254545211792 291.76519775390625 165.17529296875 345.75775146484375 262.0515441894531 1.5408652 1.7236813 0.4996746 -5.521515 1.5874149 13.621958 -1.6441261768341064 0.10482782125473022
Car 0.0 0 1.47353196144104 589.8991088867188 186.29251098632812 613.80615234375 205.38746643066406 3.992822 1.4941182 1.6504135 -0.747603 2.6776593 61.4499 1.4613665342330933 0.30794820189476013
Car 0.0 0 1.4776359796524048 638.3599243164062 193.86802673339844 660.5175170898438 213.15330505371094 4.048108 1.5120399 1.5593908 3.3970492 3.4098833 63.0962 1.5314232110977173 0.15205968916416168
Car 0.0 0 1.3339793682098389 642.7227783203125 189.58291625976562 698.3555908203125 225.5229034423828 3.8552256 1.4465525 1.6618662 2.6579652 2.2584183 32.965054 1.4144351482391357 0.10517902672290802
