Pedestrian 0.0 0 -2.638230800628662 334.09576416015625 180.962646484375 381.5639953613281 250.0346221923828 0.9463394 1.7221879 0.66316134 -6.5024886 1.9348886 18.487438 -2.9764413833618164 0.2640030086040497
Pedestrian 0.0 0 -2.219245195388794 284.2933349609375 155.59303283691406 308.33001708984375 200.8399658203125 0.6367473 2.0100672 0.7651152 -14.185192 1.2436172 32.54053 -2.6303319931030273 0.25226959586143494
Pedestrian 0.0 0 -1.8212862014770508 261.91754150390625 149.04434204101562 299.34130859375 210.05177307128906 0.93496674 1.9290078 0.90212816 -10.757442 1.176523 23.458872 -2.2512407302856445 0.20782767236232758
Pedestrian 0.0 0 1.9681739807128906 395.5550842285156 178.57933044433594 422.6298828125 233.06761169433594 0.899745 1.7517812 0.5561194 -6.658748 1.9446404 23.776403 1.6951124668121338 0.19704410433769226
Pedestrian 0.0 0 -0.3791619539260864 639.2942504882812 156.32009887695312 657.0086059570312 189.44882202148438 0.8482871 1.8735013 0.6004961 2.1433015 0.93883145 41.222424 -0.32721513509750366 0.13960722088813782
Cyclist 0.0 0 -1.0847562551498413 364.71380615234375 180.45626831054688 409.2099914550781 241.48292541503906 1.74668 1.6970453 0.4919657 -6.573084 1.9302249 21.190825 -1.3855310678482056 0.36812683939933777
Cyclist 0.0 0 -1.3825843334197998 339.6520690917969 181.5146484375 374.2279968261719 250.08724975585938 1.0572772 1.6918372 0.65332866 -6.529553 1.9213306 18.515314 -1.7216241359710693 0.2168804109096527
Cyclist 0.0 0 -1.7773897647857666 628.3196411132812 173.7765350341797 644.3197631835938 205.65383911132812 1.8477204 1.8607693 0.58659375 1.5303707 1.9175045 43.131386 -1.7419230937957764 0.19858112931251526
Cyclist 0.0 0 -2.9611308574676514 741.3307495117188 176.4390106201172 789.921630859375 238.02764892578125 1.5639035 2.0689335 0.5457311 5.3142285 2.19551 24.850155 -2.750453233718872 0.13432693481445312
Car 0.0 0 2.0413293838500977 0.0 188.72036743164062 403.3802490234375 375.0 4.0352235 1.5044669 1.6263233 -3.473062 1.7036383 7.0123234 1.5814650058746338 0.9223414659500122
Car 0.0 0 -1.5371503829956055 495.20989990234375 184.0965118408203 527.1498413085938 214.4859161376953 3.2407682 1.4465827 1.5291936 -5.106394 2.0542536 37.28414 -1.6732624769210815 0.8242698311805725
Car 0.0 0 3.248990535736084 326.4465026855469 177.38682556152344 442.69500732421875 220.0522003173828 4.6073623 1.7404388 1.743203 -9.624076 1.9437511 31.005154 2.9480178356170654 0.697624921798706
Car 0.0 0 -0.10279510915279388 595.4774169921875 169.22036743164062 641.5360107421875 185.12771606445312 4.143565 1.4602487 1.6473202 0.7538873 1.1270497 67.242035 -0.09158403426408768 0.20368973910808563
Car 0.0 0 1.5217829942703247 504.16888427734375 179.00518798828125 534.6632080078125 206.8770294189453 4.1768055 1.571481 1.627043 -5.5786695 1.9644117 43.848003 1.3952354192733765 0.146775022149086
