Pedestrian 0.0 0 0.8228005766868591 468.86907958984375 177.51193237304688 484.9089660644531 206.6651611328125 0.79727626 1.8410639 0.63845515 -8.557824 2.142974 46.215244 0.6397013664245605 0.4166105389595032
Pedestrian 0.0 0 -1.918473720550537 970.609619140625 147.83132934570312 1019.316162109375 243.9217529296875 0.8460782 1.7508086 0.5522101 7.1911182 1.2952427 13.601123 -1.4321188926696777 0.12467139959335327
Pedestrian 0.0 0 1.0934653282165527 848.9317626953125 99.47378540039062 941.9227905273438 257.5064697265625 0.9510236 1.7968469 0.6783735 3.3642762 0.9628645 8.710727 1.4620381593704224 0.12190501391887665
Pedestrian 0.0 0 -2.075218915939331 1185.57421875 149.4492950439453 1242.0 268.5813293457031 0.75689507 1.7067556 0.6349268 9.121413 1.3718039 10.768018 -1.372420310974121 0.11392844468355179
Car 0.0 0 1.660762906074524 269.6139221191406 186.01019287109375 310.86859130859375 217.1068115234375 4.107698 1.5483034 1.7306585 -17.711338 2.3190684 40.02652 1.2441717386245728 0.8208481073379517
Car 0.0 0 1.2645740509033203 381.44378662109375 185.63525390625 421.9436950683594 208.82955932617188 3.8629277 1.5034655 1.6647772 -14.818666 2.4459832 51.116177 0.9824073314666748 0.2830069959163666
Car 0.0 0 1.7052881717681885 362.3510437011719 185.34381103515625 390.1293029785156 204.9454345703125 4.243351 1.6147033 1.8129857 -20.890413 2.7713878 64.54949 1.3922922611236572 0.20425163209438324
Car 0.0 0 1.86719810962677 317.2408752441406 186.0294189453125 359.6234130859375 210.39224243164062 3.9831526 1.5080798 1.595336 -18.377022 2.438681 48.903145 1.5077402591705322 0.13999836146831512
Car 0.0 0 1.6334253549575806 243.62936401367188 190.43618774414062 275.1571044921875 215.83248901367188 3.709541 1.4867722 1.6222899 -22.857515 2.6833596 47.06429 1.181310772895813 0.13243849575519562
Car 0.0 0 -1.6873290538787842 387.82696533203125 161.530029296875 425.7664489746094 191.56019592285156 3.9239917 1.6286913 1.6350454 -11.693438 1.014892 41.25547 -1.963524580001831 0.11927179992198944
