Pedestrian 0.0 0 2.48260498046875 991.3854370117188 108.7179183959961 1065.4190673828125 240.07504272460938 0.6690522 1.7519802 0.56576097 5.7796474 0.79625624 9.747329 3.017822265625 0.41054946184158325
Pedestrian 0.0 0 1.8560465574264526 273.587890625 178.95901489257812 323.30841064453125 264.8608093261719 0.7752504 1.7040441 0.74668694 -6.294625 1.6751047 14.452161 1.445274829864502 0.390568345785141
Pedestrian 0.0 0 -3.2502853870391846 723.5150756835938 163.32559204101562 737.897216796875 187.32945251464844 1.0669798 1.8876426 0.53677726 9.948502 0.53830314 55.900482 -3.0741612911224365 0.3094000816345215
Pedestrian 0.0 0 0.5683319568634033 0.0 135.11099243164062 32.98908615112305 199.32852172851562 0.71854126 1.8711048 0.52889264 -17.52099 0.5501735 20.904846 -0.1292308270931244 0.28758254647254944
Pedestrian 0.0 0 3.550002336502075 119.46591186523438 110.87245178222656 201.3552703857422 249.74130249023438 0.77549595 1.8568686 0.6381231 -6.206611 0.927524 9.824355 2.986558437347412 0.2414454221725464
Cyclist 0.0 0 -1.5864174365997314 989.762939453125 146.9044189453125 1025.5670166015625 216.59519958496094 1.7778406 1.7176114 0.774676 10.413499 0.8912059 18.386913 -1.0711052417755127 0.7480106949806213
Car 0.0 0 -0.8052870631217957 0.0 207.1777801513672 291.7089538574219 370.0 3.6930118 1.4895536 1.6166 -3.1755579 1.687644 3.3479593 -1.5642637014389038 0.8829628229141235
Car 0.0 0 2.131152391433716 0.0 188.44212341308594 129.01089477539062 280.0047912597656 4.5617642 1.633189 1.7108411 -12.560222 1.8342865 15.386544 1.4465439319610596 0.7489523887634277
Car 0.0 0 0.7174832820892334 496.985107421875 170.61117553710938 591.9511108398438 207.7594757080078 3.7889137 1.4386383 1.5830598 -2.549176 1.0571785 29.132744 0.6302034854888916 0.5674842000007629
Car 0.0 0 -1.5536378622055054 550.76171875 167.81773376464844 575.7516479492188 190.5200653076172 3.9045787 1.4568195 1.6023276 -2.7617404 0.6443292 47.35027 -1.611897587776184 0.3351554572582245
