Pedestrian 0.0 0 -1.7182748317718506 854.7041625976562 169.04368591308594 869.8856811523438 202.28012084960938 0.639455 1.8181908 0.7042915 13.895065 1.6101063 39.848705 -1.3827626705169678 0.3258095383644104
Pedestrian 0.0 0 1.438806176185608 785.673583984375 135.73263549804688 818.387451171875 212.24563598632812 0.96666616 1.8354253 0.6562942 4.6842656 0.9453007 17.826262 1.6957701444625854 0.29672345519065857
Pedestrian 0.0 0 1.1830036640167236 1008.3032836914062 102.04765319824219 1093.59716796875 273.72625732421875 0.7154109 1.7358836 0.54168046 4.6213946 1.0203016 7.6877966 1.7242563962936401 0.24275638163089752
Cyclist 0.0 0 -1.0747201442718506 0.0 222.53817749023438 89.61944580078125 375.0 1.4550073 1.6137968 0.3937527 -5.565055 2.134821 6.807068 -1.7600655555725098 0.20984257757663727
Cyclist 0.0 0 -1.7182748317718506 854.7041625976562 169.04368591308594 869.8856811523438 202.28012084960938 0.639455 1.8181908 0.7042915 13.895065 1.6101063 39.848705 -1.3827626705169678 0.11776139587163925
Car 0.0 0 -1.5390205383300781 565.72705078125 180.69187927246094 621.3348388671875 235.94595336914062 3.4111063 1.5972222 1.6459048 -0.5186053 1.8666471 23.053795 -1.5615122318267822 0.9683879017829895
Car 0.0 0 -1.6736799478530884 638.2727661132812 177.60194396972656 666.3290405273438 200.84274291992188 3.7879565 1.6623048 1.722584 3.1223698 2.0328677 54.32565 -1.6162680387496948 0.6239617466926575
Car 0.0 0 2.3893344402313232 0.0 219.4047393798828 85.63334655761719 375.0 4.020878 1.4732306 1.6204026 -6.2104063 1.954443 5.4126673 1.535409688949585 0.49201667308807373
Car 0.0 0 1.2439367771148682 831.6763305664062 167.0408477783203 867.83349609375 187.88394165039062 3.6474748 1.5823561 1.6001608 18.73868 1.1413938 56.604084 1.5636292695999146 0.4208373427391052
Car 0.0 0 0.48443976044654846 157.69337463378906 168.18873596191406 248.06321716308594 193.8948516845703 4.411444 1.5001713 1.6960922 -24.24977 1.228271 43.016525 -0.028884675353765488 0.2837958037853241
