Pedestrian 0.0 0 2.349661111831665 1028.3922119140625 101.95345306396484 1122.962890625 270.27203369140625 0.69793767 1.7665794 0.5360927 5.0392685 1.0228041 7.9091663 2.916944742202759 0.4077201783657074
Cyclist 0.0 0 -1.5939741134643555 714.9024047851562 166.8122100830078 724.6699829101562 197.70716857910156 1.8069904 1.7175424 0.5046489 6.2035027 1.3820195 41.037853 -1.4439445734024048 0.5303307175636292
Cyclist 0.0 0 -2.139685869216919 953.7003173828125 155.38711547851562 983.1369018554688 193.95294189453125 1.6669425 1.7343801 0.37528417 16.4845 0.9492183 33.29517 -1.6799644231796265 0.23721008002758026
Cyclist 0.0 0 -1.58266282081604 729.74365234375 182.04144287109375 750.6533203125 255.806884765625 1.3817819 1.4949745 0.42012504 2.7392771 1.7020303 15.51449 -1.4079015254974365 0.18502409756183624
Cyclist 0.0 0 2.0108084678649902 116.00951385498047 184.10031127929688 158.82421875 239.8017120361328 1.3996824 1.600841 0.53683144 -14.278492 1.9517868 21.759598 1.4300920963287354 0.16003552079200745
Car 0.0 0 1.5964577198028564 500.43280029296875 176.7479248046875 528.757080078125 202.07810974121094 4.1490455 1.5324768 1.7041721 -6.1333885 1.7952242 46.46494 1.4652161598205566 0.8394066095352173
Car 0.0 0 -1.0060921907424927 81.85537719726562 194.87353515625 195.7857666015625 239.8142852783203 3.8988106 1.3787968 1.5951742 -16.876827 2.2327774 26.010874 -1.581649661064148 0.494524210691452
Car 0.0 0 3.7674336433410645 0.0 181.91586303710938 97.69075012207031 212.6679229736328 3.8842676 1.4770535 1.619394 -28.175896 1.9413431 36.055176 3.1040964126586914 0.3505714237689972
Car 0.0 0 -1.181229829788208 378.7101745605469 178.47293090820312 433.64447021484375 206.06915283203125 4.174744 1.5084832 1.6509889 -11.962046 1.8566364 42.48987 -1.4556539058685303 0.30802643299102783
Car 0.0 0 2.0110726356506348 174.7372589111328 182.94479370117188 305.7481994628906 246.55960083007812 3.8993797 1.5161933 1.6851164 -10.013011 1.8209802 19.792725 1.5427213907241821 0.16288542747497559
Car 0.0 0 -0.9054540395736694 164.6697998046875 172.5502471923828 225.21693420410156 197.3923797607422 4.140162 1.7606419 1.680456 -30.61065 1.739471 53.304226 -1.4267343282699585 0.16093093156814575
