Pedestrian 0.0 0 1.6776933670043945 207.8211212158203 129.6962432861328 236.91294860839844 202.88555908203125 0.5623469 1.9135544 0.6283353 -10.378884 0.78554136 19.241148 1.183016300201416 0.4437156319618225
Pedestrian 0.0 0 1.4825230836868286 844.0146484375 178.8974151611328 863.4270629882812 228.080810546875 0.86713284 1.6930093 0.5723748 8.544092 1.9105829 25.442736 1.806506872177124 0.4425935447216034
Pedestrian 0.0 0 -1.579797387123108 499.8178405761719 150.22769165039062 523.6341552734375 217.18264770507812 0.7872857 1.7395277 0.6146711 -2.6646583 1.1520413 19.177639 -1.7178595066070557 0.34632644057273865
Pedestrian 0.0 0 1.256324291229248 783.6795654296875 170.1907958984375 834.7498168945312 252.89828491210938 1.089687 1.600074 0.68283737 3.9393108 1.5489093 14.5173235 1.5212962627410889 0.3301107585430145
Pedestrian 0.0 0 1.0079572200775146 1097.59716796875 81.60675811767578 1241.8828125 297.1838684082031 0.87644666 1.8143716 0.6636058 4.9696712 1.0467612 6.535448 1.6580923795700073 0.2749845087528229
Pedestrian 0.0 0 2.394437789916992 1062.2490234375 138.62086486816406 1116.38037109375 224.81546020507812 0.69747704 1.7745241 0.6472145 10.057261 1.0701102 15.227898 2.978123903274536 0.27343887090682983
Pedestrian 0.0 0 -0.6498313546180725 951.2107543945312 104.02566528320312 1028.6209716796875 241.47015380859375 0.753019 1.8968034 0.6292647 5.373117 0.9472954 10.328679 -0.17014411091804504 0.26968643069267273
Pedestrian 0.0 0 -1.1204733848571777 343.6953125 114.21855926513672 440.0487976074219 299.40191650390625 0.8210289 1.6603234 0.58829373 -2.1233816 1.1349657 6.916869 -1.4183268547058105 0.21581071615219116
Pedestrian 0.0 0 1.744224190711975 629.1239013671875 174.78245544433594 645.852294921875 213.77215576171875 0.6726917 1.7865596 0.67101747 1.2398572 1.8775202 33.497543 1.7812206745147705 0.17931818962097168
Pedestrian 0.0 0 2.3275206089019775 1042.8961181640625 142.41790771484375 1091.1080322265625 223.3053741455078 0.6785896 1.7692739 0.61412424 10.180958 1.1038947 16.16159 2.889669895172119 0.17894352972507477
Pedestrian 0.0 0 -0.920791745185852 895.935546875 171.51849365234375 944.8090209960938 253.10377502441406 0.689953 1.7691386 0.73694265 6.8863673 1.7405366 16.134335 -0.5173852443695068 0.177175834774971
Pedestrian 0.0 0 2.580831289291382 642.7177734375 174.2597198486328 657.7149047851562 204.3790740966797 0.6648283 1.7682354 0.61210173 2.3523371 1.8528687 42.825836 2.6357040405273438 0.17193050682544708
Pedestrian 0.0 0 -1.29583740234375 200.4800262451172 149.115234375 235.7445526123047 225.94094848632812 0.63574904 1.689024 0.54646677 -8.857942 1.1674818 16.231106 -1.7954031229019165 0.156832754611969
Cyclist 0.0 0 -1.4575475454330444 728.5916137695312 181.98245239257812 767.5889282226562 257.35516357421875 1.9434106 1.6765486 0.7087356 3.290185 1.9092603 17.330038 -1.2699260711669922 0.45006033778190613
Cyclist 0.0 0 1.1532201766967773 778.2740478515625 168.875732421875 839.1112670898438 255.8863983154297 1.4380319 1.6634964 0.64980716 3.9292219 1.5877964 14.552146 1.4169411659240723 0.3538854718208313
Cyclist 0.0 0 1.427343726158142 844.2562866210938 178.8704071044922 864.1259765625 226.85287475585938 0.8733506 1.6476965 0.54066104 8.536913 1.8636304 25.372692 1.7519062757492065 0.1324111521244049
Cyclist 0.0 0 -1.579797387123108 499.8178405761719 150.22769165039062 523.6341552734375 217.18264770507812 0.7872857 1.7395277 0.6146711 -2.6646583 1.1520413 19.177639 -1.7178595066070557 0.12693072855472565
Car 0.0 0 -0.8221486806869507 0.0 189.1723175048828 241.8121795654297 285.1759033203125 4.020464 1.4612467 1.6264868 -9.173529 1.8219239 13.813992 -1.4083549976348877 0.3225655257701874
Car 0.0 0 -1.5952588319778442 708.5706176757812 183.17584228515625 738.6427612304688 211.7147216796875 3.872448 1.4694121 1.5691916 6.3207583 2.0799773 40.63164 -1.440933346748352 0.1989450752735138
