Pedestrian 0.0 0 1.7634263038635254 552.5335693359375 168.1265869140625 571.2948608398438 209.70199584960938 0.9728722 1.7618247 0.63378596 -2.1076045 1.5618511 31.095715 1.6957517862319946 0.27396160364151
Pedestrian 0.0 0 1.6588560342788696 567.9927368164062 167.6812744140625 582.9573974609375 205.33822631835938 0.75463915 1.780748 0.65223545 -1.6862868 1.5364945 34.507656 1.61002779006958 0.2657982409000397
Cyclist 0.0 0 1.6088974475860596 673.264404296875 170.81362915039062 682.558349609375 199.7144775390625 1.1546782 1.8487295 0.55744475 4.3736296 1.7185687 46.761486 1.7021567821502686 0.7294756174087524
Cyclist 0.0 0 1.7634263038635254 552.5335693359375 168.1265869140625 571.2948608398438 209.70199584960938 0.9728722 1.7618247 0.63378596 -2.1076045 1.5618511 31.095715 1.6957517862319946 0.14975827932357788
Car 0.0 0 -1.2889471054077148 399.9268493652344 180.61244201660156 568.7354736328125 296.4120178222656 3.7889037 1.473159 1.6022968 -1.8338135 1.6176093 11.419685 -1.4481712579727173 0.9530566334724426
Car 0.0 0 1.7103111743927002 587.0847778320312 170.98916625976562 640.1305541992188 211.2503662109375 4.0134187 1.6110268 1.7354937 0.18235278 1.5367647 30.980398 1.71619713306427 0.8780631422996521
Car 0.0 0 -2.072617292404175 876.5053100585938 196.76480102539062 1242.0 375.0 3.6684656 1.4905541 1.5760299 2.5446565 1.6730902 3.5816562 -1.454899549484253 0.8106781244277954
Car 0.0 0 -1.727372169494629 744.9692993164062 178.04833984375 820.0582275390625 245.19618225097656 2.485845 1.5624161 1.465848 4.2550054 1.7036871 18.278698 -1.4986604452133179 0.774806797504425
Car 0.0 0 2.20279860496521 0.0 198.35281372070312 407.9817199707031 375.0 3.5920022 1.4736795 1.5579422 -2.705238 1.6961243 4.426932 1.6542670726776123 0.7219330072402954
Car 0.0 0 -1.6280796527862549 737.9083862304688 183.00364685058594 795.443603515625 233.79884338378906 3.5942965 1.4447786 1.5831724 4.9113274 1.7978265 23.173895 -1.419236183166504 0.6879025101661682
Car 0.0 0 -2.8860745429992676 424.3296813964844 172.28652954101562 544.891357421875 215.590576171875 3.8798025 1.4540023 1.5331495 -4.3652816 1.4353063 25.150019 -3.057932138442993 0.41026049852371216
Car 0.0 0 -1.4205529689788818 614.675048828125 175.68772888183594 655.8609619140625 204.39852905273438 4.147353 1.4506586 1.6272707 1.3863611 1.6130794 39.07429 -1.3850877285003662 0.29583337903022766
