Pedestrian 0.0 0 1.389592170715332 804.3923950195312 179.49441528320312 825.3041381835938 216.67984008789062 1.6848323 1.7172346 0.66608137 9.743779 2.0431218 34.498787 1.664860486984253 0.1059064194560051
Cyclist 0.0 0 -1.8157647848129272 857.1813354492188 146.55755615234375 890.9605712890625 205.4351806640625 1.7244942 1.7774637 0.5911714 8.230318 0.98395526 22.667974 -1.4674841165542603 0.21713700890541077
Cyclist 0.0 0 1.389592170715332 804.3923950195312 179.49441528320312 825.3041381835938 216.67984008789062 1.6848323 1.7172346 0.66608137 9.743779 2.0431218 34.498787 1.664860486984253 0.21668827533721924
Car 0.0 0 -1.8113288879394531 828.0050659179688 189.20408630371094 1120.1187744140625 375.0 3.613499 1.5042102 1.5895908 3.1342874 1.7087178 7.088596 -1.3950145244598389 0.9382083415985107
Car 0.0 0 1.7194222211837769 565.0550537109375 181.1663055419922 625.1863403320312 226.1348114013672 4.157329 1.486474 1.633852 -0.5150199 1.8207524 26.816053 1.700218915939331 0.9151614904403687
Car 0.0 0 1.5095016956329346 729.7910766601562 179.86228942871094 769.6727905273438 214.30091857910156 3.862483 1.5984808 1.7269497 6.943945 1.9714823 36.337368 1.6983217000961304 0.8783835172653198
Car 0.0 0 1.6978423595428467 621.205078125 181.8408966064453 658.6130981445312 208.58090209960938 4.2067256 1.4828938 1.7469257 1.8293343 2.0555236 43.723465 1.739656686782837 0.7314188480377197
Car 0.0 0 -2.366870880126953 945.46826171875 240.81874084472656 1242.0 375.0 3.764918 1.4620275 1.5793884 2.7415237 1.8805398 2.5319273 -1.5417481660842896 0.4126132130622864
Car 0.0 0 -1.6669986248016357 798.9708862304688 192.4809112548828 920.23193359375 303.9869384765625 3.7387536 1.5393494 1.6021903 4.1608667 1.9385922 12.6617 -1.3494975566864014 0.31021133065223694
Car 0.0 0 1.8559637069702148 639.3621826171875 180.2271270751953 671.068603515625 201.11790466308594 3.6695807 1.6061838 1.6169642 3.6981895 2.228737 58.88517 1.918684720993042 0.20844368636608124
