Pedestrian 0.0 0 3.674285411834717 37.101951599121094 172.24612426757812 126.06250762939453 291.95849609375 0.9197089 1.7298142 0.5448989 -7.901859 1.7213883 10.74097 3.040015697479248 0.6425732970237732
Pedestrian 0.0 0 -1.9319419860839844 894.891845703125 143.58164978027344 927.3643798828125 204.1108856201172 0.9999015 1.8529626 0.6233578 9.373543 0.9572154 22.595158 -1.5387020111083984 0.13788779079914093
Pedestrian 0.0 0 -2.3262386322021484 9.715063095092773 157.8054656982422 102.5892562866211 289.8332824707031 0.865348 1.7882684 0.60692 -7.822756 1.5847993 10.138036 -2.983436346054077 0.12192735821008682
Pedestrian 0.0 0 -1.3464171886444092 416.622802734375 150.2591552734375 437.043701171875 190.66331481933594 1.6390078 1.7517513 0.53169143 -8.179539 0.7724935 32.10595 -1.5958774089813232 0.109431192278862
Pedestrian 0.0 0 1.8528355360031128 205.24424743652344 133.248291015625 261.85089111328125 218.27505493164062 1.0599351 1.9052814 0.9095718 -8.7793865 1.0181541 16.775278 1.370680809020996 0.10854136198759079
Cyclist 0.0 0 -1.9220995903015137 740.7410888671875 164.2980499267578 775.7877807617188 220.8999481201172 1.8544734 1.7612642 0.50072557 4.7427125 1.4953896 23.403515 -1.7221577167510986 0.8933687210083008
Cyclist 0.0 0 -1.3464171886444092 416.622802734375 150.2591552734375 437.043701171875 190.66331481933594 1.6390078 1.7517513 0.53169143 -8.179539 0.7724935 32.10595 -1.5958774089813232 0.2330491542816162
Cyclist 0.0 0 3.6564111709594727 35.87184524536133 175.24481201171875 129.41073608398438 294.4136962890625 0.98070204 1.7193847 0.55355334 -7.8934712 1.7564868 10.753797 3.0232176780700684 0.10566843301057816
Car 0.0 0 1.8569982051849365 388.6998291015625 185.5413818359375 567.5581665039062 308.9922790527344 3.8035283 1.4725215 1.6300669 -1.8417372 1.7012281 10.997745 1.691072940826416 0.9553795456886292
Car 0.0 0 1.7869791984558105 321.59075927734375 189.01113891601562 451.23004150390625 283.33538818359375 3.6729667 1.4391816 1.5496014 -4.0796733 1.7852184 13.544171 1.4944103956222534 0.8963512182235718
Car 0.0 0 1.718183994293213 510.71142578125 178.6781005859375 552.1975708007812 208.67562866210938 3.665481 1.400364 1.5525049 -3.9340222 1.7084994 36.265373 1.6101278066635132 0.6988962292671204
Car 0.0 0 1.5899851322174072 520.8539428710938 177.86767578125 547.7803344726562 203.21343994140625 3.7560391 1.4547491 1.5677454 -4.624341 1.7751322 44.115387 1.4855427742004395 0.13700667023658752
