Pedestrian 0.0 0 1.1230380535125732 937.1823120117188 78.58960723876953 1059.052978515625 315.17059326171875 0.81742233 1.738358 0.5439086 2.9848182 1.0460768 5.716569 1.604236125946045 0.3933771252632141
Pedestrian 0.0 0 -1.4925258159637451 692.8648681640625 161.46115112304688 706.1867065429688 195.5506591796875 0.6421454 1.8766214 0.6874718 4.9428406 1.249805 40.10097 -1.3698844909667969 0.3841136395931244
Pedestrian 0.0 0 -0.42681989073753357 964.8302612304688 156.79380798339844 1005.99853515625 218.0570831298828 0.9570753 1.7930613 0.5106192 11.078273 1.3233674 21.394667 0.05097031593322754 0.30059170722961426
Cyclist 0.0 0 1.8541828393936157 306.3380432128906 176.05679321289062 347.20233154296875 240.3828582763672 1.9920472 1.8659348 0.6332673 -8.673835 1.9687107 22.04963 1.479398250579834 0.8729363679885864
Car 0.0 0 1.7937341928482056 389.4671630859375 181.279541015625 452.560546875 220.8827667236328 3.9398024 1.5408722 1.786292 -8.052409 1.9256203 30.917873 1.5389492511749268 0.9341109991073608
Car 0.0 0 1.9955275058746338 193.07301330566406 192.18211364746094 296.1789245605469 246.5423583984375 3.5631373 1.4638909 1.534765 -11.325682 2.1163094 22.527716 1.5296868085861206 0.9002273082733154
Car 0.0 0 1.9197957515716553 315.2440490722656 187.84556579589844 384.45947265625 224.56597900390625 3.9589021 1.4290658 1.5992613 -11.368783 2.1289012 31.679823 1.5752452611923218 0.8870345950126648
Car 0.0 0 0.19968636333942413 286.1049499511719 181.87393188476562 354.20916748046875 201.3453369140625 4.671158 1.4494596 1.7185396 -22.522514 2.1676276 56.15029 -0.18177764117717743 0.7936809659004211
Car 0.0 0 1.6604148149490356 509.1280517578125 171.5510711669922 542.1453857421875 200.277587890625 3.8480344 1.6718594 1.6607049 -5.125836 1.5963883 43.93554 1.5442726612091064 0.7611517310142517
Car 0.0 0 -2.9709718227386475 971.31103515625 151.9401092529297 1234.604736328125 249.3854522705078 3.871657 1.5703905 1.6232737 9.069953 1.2337083 13.5476885 -2.381021738052368 0.5152080059051514
