Pedestrian 0.0 0 2.7661876678466797 368.2462463378906 176.5044403076172 382.1308288574219 207.347412109375 0.5760775 1.7252041 0.5766593 -13.332765 1.934341 40.858322 2.4507651329040527 0.38115373253822327
Pedestrian 0.0 0 -1.586682915687561 811.0940551757812 155.49221801757812 826.1591186523438 197.1204376220703 0.6315931 1.9143599 0.66224766 9.663854 1.1163005 33.570015 -1.3063899278640747 0.36835259199142456
Cyclist 0.0 0 2.138040542602539 20.729028701782227 187.4179229736328 107.00456237792969 273.87664794921875 2.0413332 1.8323891 0.5860366 -12.615331 2.190509 16.680925 1.4905369281768799 0.8599199056625366
Cyclist 0.0 0 -3.7007081508636475 1143.5960693359375 144.55325317382812 1196.2540283203125 184.47605895996094 1.8317268 1.796105 0.64595956 25.456121 0.523228 32.871494 -3.041764736175537 0.36830031871795654
Car 0.0 0 -2.8779518604278564 384.5523681640625 185.3784942626953 471.43023681640625 217.77728271484375 3.5623374 1.4132617 1.54218 -8.292617 1.9984891 32.891006 -3.1249287128448486 0.8829248547554016
Car 0.0 0 -2.8343136310577393 409.95123291015625 180.50433349609375 487.58258056640625 210.20606994628906 3.734532 1.5248107 1.5973494 -8.604131 1.9434795 38.49149 -3.054231643676758 0.6482068300247192
Car 0.0 0 1.6491601467132568 378.01202392578125 174.5828399658203 405.6064453125 198.49696350097656 3.8515315 1.6344306 1.5963198 -15.611651 1.7634898 51.659782 1.3556851148605347 0.6216604709625244
Car 0.0 0 -2.7195446491241455 435.33770751953125 181.01422119140625 509.5924377441406 206.5959014892578 4.166361 1.495946 1.6552733 -8.460598 2.0118835 44.298676 -2.908261775970459 0.2670654058456421
Car 0.0 0 -2.945352792739868 442.214111328125 177.257080078125 511.76617431640625 201.06527709960938 4.2007217 1.5080816 1.6702032 -8.635961 1.7998456 46.885952 -3.127501964569092 0.21053962409496307
Car 0.0 0 3.1524033546447754 421.15655517578125 178.1588592529297 493.0193176269531 206.26637268066406 3.9406857 1.5427414 1.6239805 -8.745573 1.8549658 41.231457 2.943391799926758 0.19328446686267853
