Car 0.0 0 -1.5963642597198486 586.9495849609375 171.6979217529297 660.420654296875 241.36941528320312 3.5273392 1.5526633 1.6389068 0.23366322 1.5272576 17.850832 -1.5832751989364624 0.9344977736473083
Car 0.0 0 2.142036199569702 87.24900817871094 174.28514099121094 261.67388916015625 250.21670532226562 4.222969 1.7064179 1.8001978 -10.927498 1.7475978 18.435877 1.606979489326477 0.6599071621894836
Car 0.0 0 1.9239331483840942 433.5989685058594 176.10809326171875 477.7561340332031 200.54005432128906 3.9412336 1.5291549 1.5950308 -10.19232 1.754279 47.77105 1.7137272357940674 0.6308788657188416
Car 0.0 0 -1.5387170314788818 1063.91162109375 152.5194854736328 1242.0 375.0 3.7488801 1.4922441 1.5918182 4.8718696 1.3846283 5.752946 -0.8360558748245239 0.5909246802330017
Car 0.0 0 -0.8649590015411377 690.6857299804688 164.6065673828125 829.52734375 227.2227325439453 3.7680502 1.5627645 1.6988846 4.1250396 1.3572845 19.831343 -0.6598773002624512 0.5668075680732727
Car 0.0 0 -0.8765444755554199 661.8809204101562 165.85792541503906 739.2603759765625 198.27719116210938 4.191799 1.5950752 1.7110049 4.7205873 1.251216 37.553978 -0.7514989376068115 0.4612812101840973
Car 0.0 0 -1.4622207880020142 591.0203857421875 172.46522521972656 636.6028442382812 208.3105010986328 3.694993 1.4962685 1.6342789 0.18404904 1.4803982 32.04464 -1.4564772844314575 0.4497179090976715
Car 0.0 0 -0.8364170789718628 654.1069946289062 170.55642700195312 712.3388061523438 195.10890197753906 4.0183787 1.5835516 1.6181115 4.920234 1.4357237 48.4818 -0.7352771759033203 0.383139431476593
Car 0.0 0 1.850461721420288 458.4383544921875 172.3110809326172 494.4776306152344 193.8910369873047 4.0353026 1.5743479 1.6386493 -10.10706 1.5350971 54.723965 1.66782808303833 0.35233718156814575
Car 0.0 0 -0.8985171914100647 647.0023193359375 171.86688232421875 696.1068725585938 193.39447021484375 3.9366322 1.5788964 1.6265404 4.6876135 1.5068552 54.905884 -0.8133482933044434 0.3403800129890442
