Pedestrian 0.0 0 -2.032817840576172 970.0888671875 146.97042846679688 1014.2233276367188 218.75196838378906 0.937218 1.7593572 0.62766856 9.555157 1.1253121 18.157581 -1.548403024673462 0.6380344033241272
Cyclist 0.0 0 2.123964786529541 0.0 168.37152099609375 66.8691635131836 253.91738891601562 1.8497891 1.804017 0.5098847 -13.068824 1.709847 16.162964 1.444022536277771 0.8803328275680542
Car 0.0 0 3.591857433319092 127.17212677001953 186.2825927734375 316.7823486328125 259.00189208984375 3.2790387 1.4550606 1.4856571 -8.303536 1.7597656 15.541779 3.1011695861816406 0.9590662121772766
Car 0.0 0 0.37376487255096436 238.8754119873047 183.71412658691406 385.7311706542969 239.8238983154297 3.616084 1.5448081 1.6168873 -8.6371565 1.874251 21.024025 -0.016036877408623695 0.9049471020698547
Car 0.0 0 -2.760248899459839 292.30572509765625 180.4879150390625 411.6457824707031 229.0928497314453 3.4136102 1.5472217 1.5664814 -8.598006 1.8113537 24.08029 -3.1031956672668457 0.8530367612838745
Car 0.0 0 -2.7631020545959473 344.0013732910156 174.7307891845703 457.5712585449219 213.6425018310547 4.1722817 1.5415508 1.6665322 -8.60817 1.6218798 29.711918 -3.045102119445801 0.7345567941665649
Car 0.0 0 0.21334898471832275 374.8607177734375 179.27188110351562 467.98651123046875 215.54994201660156 3.8073297 1.5750554 1.6098518 -8.48293 1.8725572 32.520176 -0.04181630164384842 0.38712629675865173
Car 0.0 0 -2.639845609664917 458.10369873046875 178.5646209716797 519.8931884765625 202.37451171875 3.808686 1.5447719 1.6415993 -8.221883 1.9431341 48.883865 -2.806478261947632 0.35486623644828796
Car 0.0 0 0.40178805589675903 317.658203125 183.22109985351562 436.4718322753906 225.163818359375 3.8855636 1.4723608 1.5831636 -8.634217 1.8711408 26.764463 0.08972835540771484 0.34330758452415466
Car 0.0 0 1.5980103015899658 438.0489807128906 173.76800537109375 472.8683776855469 208.0633544921875 4.325959 1.6965661 1.68133 -8.140984 1.74807 38.09273 1.387462854385376 0.33371174335479736
