Pedestrian 0.0 0 -1.3071980476379395 238.9779815673828 176.3845977783203 262.66094970703125 230.7574920654297 0.68423194 1.7224553 0.5255184 -11.6355 1.8386956 23.292286 -1.7704800367355347 0.21526847779750824
Pedestrian 0.0 0 1.8496100902557373 98.57752227783203 175.37457275390625 143.18045043945312 236.1542510986328 0.97969234 1.894756 0.9533586 -15.72559 1.9781599 23.15579 1.2530344724655151 0.20419828593730927
Pedestrian 0.0 0 0.224421888589859 570.3551025390625 175.60693359375 589.1152954101562 206.4135284423828 0.9778907 1.866908 0.8968092 -1.88843 2.038497 44.34718 0.18186473846435547 0.14642760157585144
Pedestrian 0.0 0 -0.5858287811279297 15.389908790588379 177.25186157226562 134.20164489746094 296.2125244140625 1.3783504 1.7395025 0.6421964 -8.437746 1.8137406 11.361172 -1.224630355834961 0.12822671234607697
Pedestrian 0.0 0 -2.2453157901763916 303.3728942871094 158.21934509277344 359.5476379394531 256.4355163574219 0.57314366 1.6630644 0.7204782 -4.937765 1.4156181 12.670168 -2.6169252395629883 0.11970923095941544
Cyclist 0.0 0 -1.338207483291626 562.6354370117188 176.34616088867188 584.8278198242188 215.78663635253906 1.8335017 1.8079386 0.6478285 -1.745332 1.9784927 34.202507 -1.3891925811767578 0.37601274251937866
Cyclist 0.0 0 0.2826794981956482 3.8547332286834717 176.32835388183594 140.12039184570312 294.7452087402344 1.6016347 1.7586516 0.6369329 -8.445478 1.8163472 11.325957 -0.35804760456085205 0.19959062337875366
Cyclist 0.0 0 1.028293251991272 800.2666015625 94.522216796875 935.3816528320312 261.1141357421875 1.7282035 1.6502934 0.596675 2.7503114 0.8746807 8.052636 1.3574130535125732 0.19837552309036255
Cyclist 0.0 0 -1.2498903274536133 569.287841796875 139.85470581054688 597.8931884765625 189.73768615722656 1.6456517 1.8548989 0.6121276 -1.0430478 0.62817824 27.703215 -1.2875233888626099 0.16248442232608795
Cyclist 0.0 0 1.8486179113388062 250.9134979248047 159.48956298828125 308.578857421875 267.58306884765625 1.4125234 1.7089484 0.5178498 -5.5817966 1.4980156 12.142182 1.417724370956421 0.1181040033698082
Car 0.0 0 -1.665334701538086 588.20166015625 188.1283721923828 612.8090209960938 207.69268798828125 4.1687846 1.4791603 1.6567849 -0.8476618 2.7973316 60.086807 -1.6794410943984985 0.562922477722168
Car 0.0 0 -1.207322120666504 290.84478759765625 145.550048828125 386.0513916015625 189.32669067382812 4.447364 1.557701 1.9861084 -10.398541 0.5865045 27.902 -1.5640580654144287 0.14588941633701324
