Pedestrian 0.0 0 -1.8610280752182007 810.8025512695312 162.132080078125 850.4613037109375 224.7720947265625 0.9454417 1.8515289 0.91136587 6.6070294 1.5349661 21.799206 -1.5667426586151123 0.3029228746891022
Pedestrian 0.0 0 -0.6751165986061096 824.1015014648438 162.02513122558594 858.5864868164062 220.61244201660156 0.8336423 1.817306 0.6203723 7.2675085 1.481766 22.817488 -0.366769403219223 0.27311402559280396
Pedestrian 0.0 0 -0.5371192693710327 727.4837646484375 174.36135864257812 742.6393432617188 201.7398681640625 0.72669405 1.7843931 0.701651 8.206053 1.88501 47.531498 -0.36615997552871704 0.21022461354732513
Cyclist 0.0 0 -1.737581491470337 827.9390869140625 162.48602294921875 854.7232666015625 221.6060333251953 1.0777378 1.8188087 0.6321509 7.2454753 1.5001992 22.773132 -1.4295494556427002 0.1534099131822586
Car 0.0 0 2.1666173934936523 0.0 187.9084930419922 85.30927276611328 229.32272338867188 3.675348 1.4239572 1.5312594 -22.453135 2.0496018 28.07401 1.4920084476470947 0.8811522126197815
Car 0.0 0 2.1265835762023926 75.00234985351562 184.97482299804688 158.8987274169922 219.3190460205078 3.5879045 1.4385873 1.5376163 -22.713108 2.0296035 33.333508 1.5284572839736938 0.8380030989646912
Car 0.0 0 2.1237292289733887 138.4953155517578 184.4251708984375 217.0301055908203 214.27471923828125 4.187421 1.4354212 1.6309236 -22.94788 2.085927 38.432743 1.5854508876800537 0.769172191619873
Car 0.0 0 2.0199220180511475 205.0394744873047 178.26795959472656 255.77264404296875 205.83641052246094 3.2943609 1.5993139 1.465354 -23.22012 1.9437606 44.18364 1.5360543727874756 0.7666120529174805
Car 0.0 0 1.9578101634979248 244.805908203125 180.26344299316406 289.2266845703125 202.934814453125 3.530527 1.4505373 1.5131055 -23.337595 1.9741464 49.14688 1.5144809484481812 0.5911831855773926
Car 0.0 0 1.8867390155792236 284.675537109375 180.9918975830078 323.95281982421875 201.59591674804688 3.9717808 1.4603593 1.5924798 -23.188358 2.101886 54.799995 1.4864404201507568 0.21487058699131012
