Pedestrian 0.0 0 -2.9141361713409424 444.07373046875 146.6409149169922 481.997802734375 212.80599975585938 0.9825781 1.9190649 0.6117809 -4.3664947 1.1591337 21.242819 -3.116863965988159 0.3018079400062561
Pedestrian 0.0 0 1.2511730194091797 701.3114624023438 172.53961181640625 721.10302734375 212.44911193847656 0.80711824 1.6885555 0.6180202 4.2999406 1.6756123 30.977993 1.389098048210144 0.12218741327524185
Pedestrian 0.0 0 -1.017722725868225 115.39142608642578 106.60208892822266 231.0614013671875 292.6837158203125 0.79355973 1.6933668 0.6341789 -4.239985 1.0908238 6.9620323 -1.5647448301315308 0.11560387909412384
Pedestrian 0.0 0 -1.878672480583191 799.6353759765625 126.20487213134766 835.1435546875 207.79100036621094 0.69490474 1.8059505 0.58733386 4.6349306 0.7737062 16.325315 -1.6020411252975464 0.11480871587991714
Pedestrian 0.0 0 1.995505928993225 769.8340454101562 145.9051971435547 794.8402709960938 199.43045043945312 0.7156426 1.8007234 0.59243727 5.865772 0.89445627 24.735844 2.228341579437256 0.1070442646741867
Pedestrian 0.0 0 -0.770281195640564 1006.7431640625 94.90052795410156 1137.9974365234375 294.7358093261719 0.88660544 1.7961253 0.59894234 4.3282175 1.0958352 6.8669724 -0.20788338780403137 0.10255531221628189
Cyclist 0.0 0 -2.049955129623413 771.2978515625 125.75997161865234 816.0662841796875 195.36636352539062 1.5629379 1.7222079 0.4470518 4.680952 0.557361 18.661587 -1.8041921854019165 0.2216222733259201
Cyclist 0.0 0 1.4611834287643433 635.6846923828125 178.97042846679688 647.8231811523438 206.3896484375 2.015933 1.8136933 0.6074999 2.1276264 2.2399046 49.208233 1.5043936967849731 0.1853204220533371
Car 0.0 0 -1.8270599842071533 719.1533813476562 169.88392639160156 860.703857421875 267.5145568847656 3.5477734 1.5758835 1.6650511 3.1288517 1.5283005 13.439931 -1.598331332206726 0.9602721333503723
Car 0.0 0 1.4559217691421509 647.5117797851562 174.21249389648438 682.2586059570312 200.9444122314453 4.068433 1.5638126 1.6714638 3.3031497 1.6518195 44.483707 1.530040979385376 0.15032391250133514
Car 0.0 0 1.5022794008255005 635.7908935546875 176.07290649414062 662.4077758789062 199.89019775390625 3.8726578 1.5937207 1.601166 2.6861176 1.8292042 50.75387 1.5551544427871704 0.14913921058177948
Car 0.0 0 1.718621850013733 483.6181335449219 168.2723388671875 534.9639282226562 207.9696807861328 3.9669425 1.6261067 1.6562557 -4.373602 1.4387883 31.545023 1.580853819847107 0.11108394712209702
