Pedestrian 0.0 0 0.6683498620986938 989.4430541992188 104.50773620605469 1095.40478515625 276.2914123535156 0.81582326 1.7405777 0.5490449 4.593131 1.0484252 7.7876806 1.2012314796447754 0.18518829345703125
Pedestrian 0.0 0 -0.9514504671096802 214.23817443847656 183.7119598388672 244.2238006591797 232.55654907226562 0.9822747 1.9351546 0.6255712 -15.52091 2.3851225 29.346674 -1.4379353523254395 0.15931560099124908
Pedestrian 0.0 0 -3.631795883178711 1217.7364501953125 158.8991241455078 1242.0 196.22862243652344 1.2168715 1.8432971 0.598781 31.217793 1.1545758 36.0529 -2.918149709701538 0.15786467492580414
Pedestrian 0.0 0 -1.8862831592559814 773.7238159179688 136.58250427246094 813.306396484375 213.81094360351562 0.8873016 1.8098372 0.6794552 4.358501 0.9601779 17.37261 -1.6404731273651123 0.13887225091457367
Pedestrian 0.0 0 1.0563819408416748 0.0 138.76446533203125 35.279258728027344 219.040771484375 0.6020631 1.8876296 0.71954465 -14.5080595 1.0864011 17.4066 0.3615570068359375 0.1370808482170105
Pedestrian 0.0 0 1.27235746383667 60.95264434814453 174.2816925048828 94.9714584350586 241.3819580078125 0.56449693 1.795105 0.6092822 -14.596613 1.8353254 19.730509 0.6354169845581055 0.13000476360321045
Pedestrian 0.0 0 -1.8706655502319336 706.201904296875 183.46240234375 726.3196411132812 226.40980529785156 0.7898032 1.7236674 0.60941803 4.3143687 2.1658204 29.608982 -1.7259724140167236 0.12882773578166962
Cyclist 0.0 0 2.0465896129608154 217.19534301757812 179.8190155029297 262.31158447265625 236.00062561035156 1.961593 1.7942613 0.5100589 -12.46713 2.0383492 24.265228 1.571974277496338 0.697376549243927
Cyclist 0.0 0 -1.3499908447265625 330.7590637207031 165.3318634033203 357.16265869140625 214.03054809570312 1.6408466 1.7784445 0.5912992 -10.057525 1.5040995 27.199799 -1.7041637897491455 0.1568215787410736
Cyclist 0.0 0 -0.9514504671096802 214.23817443847656 183.7119598388672 244.2238006591797 232.55654907226562 0.9822747 1.9351546 0.6255712 -15.52091 2.3851225 29.346674 -1.4379353523254395 0.138457253575325
Cyclist 0.0 0 -0.6620805263519287 1202.5135498046875 155.35226440429688 1242.0 193.17373657226562 1.8974245 1.8704579 0.6388274 30.792543 1.005269 36.042538 0.044927120208740234 0.12146955728530884
Car 0.0 0 -1.5769890546798706 568.3850708007812 176.23983764648438 618.4439697265625 224.8693084716797 3.3942304 1.5800322 1.6445677 -0.6429035 1.7076881 25.402899 -1.6022919416427612 0.9554288387298584
Car 0.0 0 1.7731513977050781 420.5971984863281 183.71995544433594 474.69580078125 219.9415283203125 3.847234 1.4656072 1.6213115 -7.2343388 1.9815044 32.29293 1.5527676343917847 0.8995640873908997
Car 0.0 0 1.723636507987976 518.3276977539062 178.14097595214844 557.9409790039062 204.71920776367188 4.1867704 1.4791673 1.7403513 -4.274553 1.8113163 43.140953 1.6248754262924194 0.8017067313194275
Car 0.0 0 1.731736660003662 502.93798828125 181.89990234375 535.1257934570312 204.46826171875 4.1426888 1.4951031 1.6416401 -6.486135 2.168472 51.57995 1.6066441535949707 0.13281676173210144
