Car 0.0 0 -1.9148812294006348 751.8348999023438 202.3247528076172 1088.85302734375 375.0 4.0365653 1.3604101 1.5950577 2.5480816 1.7352253 7.1456475 -1.5723457336425781 0.9494842886924744
Car 0.0 0 -1.6263540983200073 563.560791015625 186.2423095703125 624.4495239257812 238.17837524414062 3.4646702 1.4280971 1.6944994 -0.61612386 1.8804523 22.560272 -1.6536574363708496 0.9475435614585876
Car 0.0 0 -1.799756646156311 696.1629638671875 180.90768432617188 825.4891357421875 277.0259704589844 3.3593407 1.4944623 1.5520635 2.562199 1.6613517 13.209471 -1.6081688404083252 0.9373077154159546
Car 0.0 0 -1.1934908628463745 126.51966094970703 214.31710815429688 469.92547607421875 375.0 3.7550473 1.3441556 1.5605112 -2.5509474 1.8440064 6.797898 -1.5524853467941284 0.9346423745155334
Car 0.0 0 -1.395217776298523 363.5163879394531 187.6331329345703 505.1862487792969 304.4184875488281 3.7807107 1.5678029 1.640049 -2.8099222 1.8556725 12.103152 -1.6233409643173218 0.8856909871101379
Car 0.0 0 -1.6983082294464111 628.4804077148438 185.17518615722656 675.3428344726562 220.47132873535156 3.4849029 1.3771274 1.580708 1.7169446 1.9409237 31.197477 -1.6433290243148804 0.8698371052742004
Car 0.0 0 1.4357130527496338 7.201265335083008 189.5126495361328 206.66915893554688 347.00042724609375 3.3325245 1.4810755 1.5475917 -6.352664 1.7271264 8.895365 0.8155505657196045 0.8240919709205627
Car 0.0 0 -1.5076837539672852 526.2830810546875 186.6210479736328 559.0670166015625 214.65936279296875 3.5095615 1.4057084 1.5794783 -3.6993077 2.1974177 39.694843 -1.6006090641021729 0.7827507853507996
Car 0.0 0 -1.3963268995285034 429.0252990722656 188.93968200683594 521.2919921875 260.2826232910156 3.4788413 1.4392359 1.5587534 -3.1311574 1.8594283 17.084612 -1.5775887966156006 0.7797843813896179
Car 0.0 0 1.126271367073059 311.6568603515625 187.6129913330078 435.59124755859375 250.88385009765625 3.8425095 1.4006928 1.5477043 -6.276572 1.8246734 18.786963 0.8038382530212402 0.7254267334938049
Car 0.0 0 2.0190482139587402 193.32888793945312 184.9110107421875 280.0421447753906 227.5871124267578 4.0352592 1.6301585 1.6977853 -15.8303 2.1785107 30.751411 1.5436443090438843 0.720374345779419
Car 0.0 0 -1.6037083864212036 570.4771728515625 179.67588806152344 607.228515625 213.2161865234375 3.7591548 1.4868765 1.6325287 -1.102065 1.8335372 34.69662 -1.635460615158081 0.7170448303222656
Car 0.0 0 -2.475985288619995 942.1387939453125 188.2184600830078 1242.0 375.0 3.672312 1.4542297 1.5754552 2.7018535 1.5436504 2.3120196 -1.6129921674728394 0.6513405442237854
Car 0.0 0 2.2562973499298096 0.0 189.9979705810547 153.65023803710938 246.84527587890625 3.8795457 1.4229674 1.5929089 -15.571541 1.9748697 21.231043 1.6234838962554932 0.6223289966583252
