Pedestrian 0.0 0 1.5103148221969604 822.165283203125 151.217529296875 840.567138671875 195.78427124023438 0.71455044 1.9092598 0.7209357 9.56964 0.9827013 31.339886 1.8066728115081787 0.18815769255161285
Pedestrian 0.0 0 2.139819622039795 231.33314514160156 137.6266326904297 281.303955078125 198.6514434814453 1.6539123 1.8414868 0.6145699 -11.11118 0.7788225 22.626638 1.6833443641662598 0.18043950200080872
Pedestrian 0.0 0 1.9443589448928833 342.191650390625 173.67703247070312 364.5238342285156 206.8401336669922 1.5070429 1.6763686 0.5784589 -13.283189 1.7201124 37.27043 1.6019937992095947 0.12460660189390182
Cyclist 0.0 0 -1.186866044998169 342.70635986328125 172.74745178222656 364.89532470703125 205.16110229492188 1.5258368 1.643681 0.5531224 -13.292017 1.6386365 37.359985 -1.5286827087402344 0.2930169701576233
Cyclist 0.0 0 2.139819622039795 231.33314514160156 137.6266326904297 281.303955078125 198.6514434814453 1.6539123 1.8414868 0.6145699 -11.11118 0.7788225 22.626638 1.6833443641662598 0.27019426226615906
Car 0.0 0 3.391190528869629 367.08056640625 185.2608184814453 460.1019592285156 220.7957000732422 3.5155377 1.432239 1.5394071 -8.274824 1.9696589 30.433378 3.125709056854248 0.8646386861801147
Car 0.0 0 0.23610199987888336 393.4729309082031 179.8209991455078 478.11846923828125 211.86756896972656 3.8267305 1.545333 1.6313702 -8.673296 1.9008516 35.96274 -0.0005532093346118927 0.7735743522644043
Car 0.0 0 -1.2569950819015503 365.0507507324219 174.4170684814453 404.7315368652344 197.83106994628906 3.6027162 1.5317622 1.5505874 -15.347487 1.6427438 49.252846 -1.559065341949463 0.35698559880256653
Car 0.0 0 -2.7584969997406006 412.7860107421875 177.32501220703125 489.38525390625 207.37338256835938 3.7397487 1.5754116 1.6118275 -8.65732 1.825898 39.259323 -2.9755396842956543 0.2705583870410919
Car 0.0 0 -0.42526382207870483 1128.78369140625 134.628662109375 1242.0 174.66636657714844 3.6477964 1.4906313 1.6142927 22.616228 0.067833476 28.097754 0.25246524810791016 0.2563152015209198
Car 0.0 0 0.1906701922416687 431.4307556152344 174.19769287109375 503.8746337890625 199.7813262939453 4.129607 1.5398395 1.6640047 -8.741403 1.6243656 44.353867 -0.003919204697012901 0.23782415688037872
