Car 0.0 0 2.1589419841766357 34.50315856933594 189.73350524902344 229.68946838378906 270.8892822265625 3.9492426 1.4794006 1.6698107 -10.357797 1.8996428 15.960863 1.5833054780960083 0.9510800838470459
Car 0.0 0 1.9428350925445557 348.3699645996094 179.92205810546875 426.2261657714844 218.0092010498047 4.611361 1.532523 1.7667297 -9.881599 1.8722211 32.273205 1.6457128524780273 0.9199172854423523
Car 0.0 0 -1.62678062915802 568.4524536132812 166.84573364257812 770.6507568359375 356.9923095703125 3.334046 1.5513194 1.649745 0.43133414 1.5026586 7.551856 -1.5697263479232788 0.905409574508667
Car 0.0 0 1.743941068649292 507.7830810546875 177.54751586914062 542.2681884765625 200.82144165039062 3.8716676 1.4129952 1.5686792 -5.471895 1.7292076 46.577045 1.626996636390686 0.799690306186676
Car 0.0 0 1.8426827192306519 401.27142333984375 174.61309814453125 453.142333984375 210.5157928466797 4.0623026 1.8092273 1.6602548 -9.745929 1.9087213 38.609318 1.595423698425293 0.787228524684906
Car 0.0 0 2.0471253395080566 233.61453247070312 179.3041229248047 308.37188720703125 215.9840850830078 3.3632188 1.4558973 1.5296873 -14.496978 1.7482135 30.94734 1.6090428829193115 0.779303252696991
Car 0.0 0 -1.1195815801620483 723.9090576171875 168.09498596191406 839.7017211914062 225.906005859375 4.1922946 1.5513548 1.697497 5.164668 1.4240053 21.518763 -0.8840293884277344 0.743412435054779
Car 0.0 0 1.9431642293930054 456.8405456542969 180.00704956054688 502.1961364746094 203.27793884277344 4.1283216 1.4559748 1.6198015 -8.772178 1.960422 48.66395 1.7648191452026367 0.646479070186615
Car 0.0 0 -0.9640182852745056 689.4741821289062 172.7654266357422 760.2019653320312 206.6562042236328 3.3525581 1.4356924 1.4791158 5.1329193 1.4322985 32.285034 -0.8063503503799438 0.6044397950172424
Car 0.0 0 -0.990502119064331 671.5274658203125 173.03396606445312 734.8506469726562 201.25479125976562 3.7208922 1.445854 1.6132554 5.0306816 1.4564052 38.926323 -0.8619784712791443 0.5063714981079102
Car 0.0 0 2.4273955821990967 204.43043518066406 178.4320068359375 291.9840393066406 207.02569580078125 4.422678 1.5000328 1.7117252 -20.562786 1.8368154 41.144684 1.9639338254928589 0.5025599002838135
