Pedestrian 0.0 0 -1.0696804523468018 712.991943359375 158.66152954101562 791.8367309570312 292.0111389160156 0.8230788 1.5947798 0.66848564 1.8758799 1.3229891 9.118277 -0.8667837977409363 0.8368504047393799
Pedestrian 0.0 0 -1.5656226873397827 708.0299682617188 159.79759216308594 754.021728515625 274.6253356933594 0.82642525 1.6320391 0.64676565 1.879389 1.3249003 10.67134 -1.3912948369979858 0.8128991723060608
Pedestrian 0.0 0 -1.3474761247634888 814.8197631835938 157.2891082763672 917.9658813476562 360.7984619140625 0.7192123 1.6599709 0.7182671 2.3016555 1.4638791 6.353297 -0.9999060034751892 0.6934871673583984
Pedestrian 0.0 0 1.8720009326934814 0.0 162.83193969726562 112.06086730957031 374.0 0.8690195 1.7383759 0.7705476 -4.67845 1.5992777 5.947057 1.2054328918457031 0.67380291223526
Pedestrian 0.0 0 -1.851685643196106 599.4767456054688 152.54396057128906 647.048828125 231.4379425048828 0.9158172 1.7208147 0.85014194 0.4455065 1.0904566 16.215374 -1.8242182731628418 0.5746181607246399
Pedestrian 0.0 0 -1.7127546072006226 751.35302734375 162.9998321533203 801.9423217773438 276.4968566894531 0.794402 1.5741984 0.59931636 2.4738333 1.318922 10.383688 -1.478872299194336 0.5430758595466614
Pedestrian 0.0 0 -1.9686808586120605 717.85693359375 154.3460235595703 742.2630615234375 208.13134765625 0.6662367 1.7820423 0.59629256 4.30265 0.88344866 24.188185 -1.7926398515701294 0.5283960700035095
Pedestrian 0.0 0 2.1471519470214844 115.4461669921875 139.59901428222656 274.8482971191406 374.0 0.90099376 1.6875995 0.68118596 -3.110396 1.3960924 5.4893184 1.631632924079895 0.5192503333091736
Pedestrian 0.0 0 -1.863468050956726 789.8485107421875 157.51744079589844 870.642578125 317.42962646484375 0.83729744 1.6152681 0.6001893 2.3729918 1.3743873 7.67407 -1.5635722875595093 0.44046035408973694
Pedestrian 0.0 0 -1.4381129741668701 298.6639099121094 159.4072723388672 335.7801208496094 235.62509155273438 1.2469841 1.9165536 0.74553823 -7.4363155 1.3621986 18.755693 -1.8155838251113892 0.364645779132843
Pedestrian 0.0 0 -1.884835958480835 781.3678588867188 143.5235137939453 852.0656127929688 258.2798156738281 0.9799992 1.7786417 0.8299616 3.4206376 1.1913334 11.632513 -1.5988390445709229 0.32026997208595276
Pedestrian 0.0 0 -3.2366902828216553 806.2391357421875 146.87452697753906 833.9487915039062 235.58493041992188 0.46919617 1.760845 0.7501132 4.4198155 1.0747987 14.669682 -2.9440512657165527 0.3002389669418335
Pedestrian 0.0 0 -1.6475931406021118 326.8878479003906 152.1475372314453 399.65032958984375 297.7744140625 0.9145524 1.6476582 0.76214516 -2.9445317 1.3169086 8.69495 -1.9741196632385254 0.2566867172718048
Cyclist 0.0 0 -1.9806487560272217 627.6810302734375 180.20188903808594 682.1902465820312 257.53656005859375 1.6049948 1.6474518 0.6293022 1.1429073 1.6210278 16.161463 -1.910048246383667 0.32967233657836914
Cyclist 0.0 0 -1.4381129741668701 298.6639099121094 159.4072723388672 335.7801208496094 235.62509155273438 1.2469841 1.9165536 0.74553823 -7.4363155 1.3621986 18.755693 -1.8155838251113892 0.325512558221817
Cyclist 0.0 0 -1.884835958480835 781.3678588867188 143.5235137939453 852.0656127929688 258.2798156738281 0.9799992 1.7786417 0.8299616 3.4206376 1.1913334 11.632513 -1.5988390445709229 0.1634451299905777
Car 0.0 0 1.6674275398254395 538.678466796875 161.8885040283203 592.0125122070312 206.3481903076172 4.021889 1.5805917 1.6636637 -1.3324834 0.88443685 27.583807 1.619158387184143 0.9233844876289368
