Car 0.0 0 -1.742739200592041 669.8972778320312 173.21742248535156 765.882080078125 246.3332061767578 4.106636 1.6871698 1.7521957 2.6209 1.6980208 18.7488 -1.603848934173584 0.9381073117256165
Car 0.0 0 -2.6688573360443115 128.4179229736328 182.77236938476562 375.2723693847656 270.6788024902344 3.8365974 1.5236471 1.6110592 -6.636549 1.7215377 13.529823 -3.1248862743377686 0.9334888458251953
Car 0.0 0 0.39363059401512146 217.36146545410156 183.85826110839844 432.1727294921875 259.5026550292969 4.087516 1.5495074 1.6271956 -6.214719 1.8051721 15.881842 0.020638227462768555 0.8762165307998657
Car 0.0 0 3.3649826049804688 339.7712097167969 179.12965393066406 464.1201171875 231.4002685546875 3.5473278 1.5873995 1.5951303 -6.607294 1.7957951 23.02042 3.085477352142334 0.7440900206565857
Car 0.0 0 0.22499102354049683 355.5445861816406 169.60247802734375 493.93310546875 230.90052795410156 4.420184 2.0731397 1.8004035 -6.463528 1.9635289 25.354458 -0.02461913228034973 0.683622419834137
Car 0.0 0 -2.734550714492798 267.6209716796875 184.9148712158203 441.091552734375 246.30868530273438 3.846494 1.447526 1.5309347 -6.4412827 1.7680128 18.254791 -3.0737662315368652 0.6374939680099487
Car 0.0 0 -1.644569754600525 652.3491821289062 180.1838836669922 697.6151733398438 219.9964599609375 3.5650046 1.5035806 1.58404 2.577088 1.8238864 29.699703 -1.558014988899231 0.6141164302825928
Car 0.0 0 0.2684580087661743 451.1890869140625 179.64096069335938 529.34033203125 207.2847442626953 4.0065436 1.4806521 1.6143159 -6.666402 1.8682126 40.15101 0.10392570495605469 0.4629533886909485
Car 0.0 0 -1.2442150115966797 427.74981689453125 167.86924743652344 501.0104675292969 214.198974609375 3.9243534 1.7129749 1.6866833 -5.747737 1.5290288 28.729507 -1.4416719675064087 0.4305994510650635
Car 0.0 0 -2.8914992809295654 410.3363952636719 176.03761291503906 510.3462829589844 211.33995056152344 4.1330547 1.5372504 1.6456238 -6.7309623 1.6850587 32.49885 -3.0957255363464355 0.4297276735305786
