Pedestrian 0.0 0 -1.8671858310699463 773.178955078125 152.96438598632812 791.1842651367188 191.53543090820312 0.7050907 1.89483 0.6928009 8.505642 0.91809624 35.817043 -1.6340299844741821 0.21409131586551666
Pedestrian 0.0 0 -0.30880066752433777 809.9046020507812 115.82047271728516 897.0680541992188 261.31915283203125 0.93008596 1.8019547 0.5485155 3.0385218 1.0959705 9.212071 0.00980377197265625 0.1696317046880722
Pedestrian 0.0 0 0.9407229423522949 990.917724609375 126.80916595458984 1065.0906982421875 257.32666015625 0.61324865 1.8163124 0.6951164 5.948447 1.1758994 10.381188 1.461054801940918 0.14530636370182037
Pedestrian 0.0 0 2.948641061782837 724.9506225585938 163.58013916015625 741.6244506835938 193.5640411376953 0.91206115 1.8042308 0.5185989 7.428793 1.2465494 43.684986 3.1170833110809326 0.1308094561100006
Pedestrian 0.0 0 -3.5673251152038574 936.9046630859375 132.4641571044922 980.1251220703125 206.69662475585938 0.80793446 1.86644 0.62752974 8.860297 0.8512692 18.46147 -3.1198582649230957 0.11974488198757172
Pedestrian 0.0 0 -1.8592466115951538 799.23974609375 179.77650451660156 832.5282592773438 237.7245330810547 0.8799632 1.7445018 0.7675634 6.299039 1.962815 22.270004 -1.5835983753204346 0.1196104884147644
Cyclist 0.0 0 -1.817122459411621 733.82421875 169.3937225341797 747.7819213867188 201.44082641601562 1.5412804 1.660303 0.3589391 6.8744063 1.48139 38.15988 -1.6388866901397705 0.1923314332962036
Car 0.0 0 1.9324493408203125 239.9864959716797 176.62892150878906 442.39227294921875 300.13690185546875 3.9354155 1.5804784 1.644557 -4.004295 1.6505517 11.337249 1.5929282903671265 0.9308829307556152
Car 0.0 0 -1.5588418245315552 662.7803955078125 168.27317810058594 694.82763671875 197.81509399414062 3.7497478 1.5076888 1.6320022 3.6799483 1.2742622 38.7724 -1.4642137289047241 0.6716384887695312
Car 0.0 0 -0.19717437028884888 668.6642456054688 167.27157592773438 776.97021484375 207.1126708984375 4.061551 1.5530733 1.6303179 4.443178 1.3358189 29.030302 -0.045299842953681946 0.25334715843200684
Car 0.0 0 -2.7348134517669678 283.5966796875 146.2247772216797 391.5647888183594 187.77456665039062 4.0730004 1.767253 1.7488703 -11.934444 0.6349803 31.654312 -3.095357656478882 0.1418129801750183
