Pedestrian 0.0 0 -2.3121347427368164 28.240997314453125 163.60377502441406 66.0627212524414 208.3015899658203 1.2082075 1.8372009 0.5769503 -23.471125 1.4573498 30.038834 -2.975405693054199 0.12166067957878113
Cyclist 0.0 0 1.3128275871276855 1189.983642578125 195.74647521972656 1223.6199951171875 246.775390625 1.3959228 1.8671229 0.6647157 22.988863 2.7761607 27.864517 2.002641201019287 0.19040986895561218
Cyclist 0.0 0 1.1806278228759766 1096.83056640625 180.69537353515625 1141.2652587890625 238.61155700683594 1.6726389 1.7334161 0.5436992 15.947794 1.9900737 22.705462 1.7929472923278809 0.14716851711273193
Cyclist 0.0 0 1.8692396879196167 17.844318389892578 176.47276306152344 47.70089340209961 215.8406524658203 1.586964 1.6772305 0.58638257 -25.416107 1.8410246 31.738834 1.1940178871154785 0.12562964856624603
Car 0.0 0 1.7618604898452759 416.28863525390625 184.2742462158203 515.509765625 256.06658935546875 3.4651253 1.4208143 1.5945297 -3.238866 1.7108146 16.562845 1.5687472820281982 0.9483686685562134
Car 0.0 0 -1.5691078901290894 593.0623779296875 176.37783813476562 633.9022216796875 217.16830444335938 4.5458326 1.6231776 1.6476288 0.110112615 1.7879233 31.380049 -1.5655988454818726 0.9249057173728943
Car 0.0 0 1.9437614679336548 315.5183410644531 178.5752410888672 358.7611999511719 201.91009521484375 3.9921024 1.6440415 1.6787277 -20.322191 2.0870945 53.82225 1.582731008529663 0.856705904006958
Car 0.0 0 1.6817901134490967 544.0101928710938 178.09771728515625 575.413330078125 201.2703094482422 3.8953927 1.4715459 1.694771 -3.3826017 1.8402133 48.695568 1.6124372482299805 0.791586697101593
Car 0.0 0 1.878127932548523 594.1640625 177.21206665039062 622.4945068359375 193.56822204589844 3.7508473 1.4816444 1.6318655 -0.14628308 1.907899 68.476524 1.875991702079773 0.1291441172361374
Car 0.0 0 1.1838382482528687 766.3990478515625 183.88528442382812 798.213623046875 200.27000427246094 3.6941671 1.4508106 1.6610965 16.29561 2.527833 68.4679 1.417494773864746 0.12495126575231552
Car 0.0 0 1.7669895887374878 513.4752197265625 180.228515625 547.031982421875 201.2893524169922 4.581626 1.5867226 1.8415078 -6.424909 2.2078586 58.37371 1.6573656797409058 0.12480716407299042
