Pedestrian 0.0 0 0.9035767316818237 864.427490234375 124.8904800415039 913.9284057617188 232.99647521972656 0.56041765 1.768386 0.54750293 4.6429806 0.98416173 12.149071 1.2686164379119873 0.20763716101646423
Pedestrian 0.0 0 -1.2059929370880127 126.29306030273438 151.41867065429688 146.3832244873047 190.92970275878906 0.6085123 1.9315042 0.6562635 -23.429409 0.88399214 35.637486 -1.7875785827636719 0.17424888908863068
Pedestrian 0.0 0 -1.7012410163879395 1038.1488037109375 164.6509552001953 1059.7437744140625 203.8439483642578 0.4378132 1.763093 0.7881794 19.919325 1.3944376 32.814804 -1.155673861503601 0.15752987563610077
Pedestrian 0.0 0 -2.660442590713501 297.5488586425781 166.32083129882812 321.0782470703125 203.2432861328125 0.8539104 1.8716134 0.77196795 -15.448963 1.5408027 36.993347 -3.0560412406921387 0.15349379181861877
Cyclist 0.0 0 -2.079775810241699 826.29833984375 165.74392700195312 848.2929077148438 194.22865295410156 1.6869338 1.7180474 0.5346636 13.94206 1.2895626 44.3968 -1.7754950523376465 0.2635522782802582
Car 0.0 0 -1.5266004800796509 565.6537475585938 174.7167205810547 621.4003295898438 227.0541534423828 3.5373147 1.5530696 1.6458279 -0.5105179 1.6182551 23.322023 -1.5484869480133057 0.9639866352081299
Car 0.0 0 1.9679677486419678 185.96253967285156 197.21343994140625 375.3413391113281 297.5418395996094 4.479261 1.502594 1.7354214 -6.2163205 2.0569065 14.1518135 1.5540813207626343 0.9536910057067871
Car 0.0 0 -1.8399169445037842 819.7086791992188 168.62574768066406 851.30029296875 186.39434814453125 3.8203993 1.4621744 1.5985974 19.096817 1.1145898 61.30783 -1.537951946258545 0.31751754879951477
Car 0.0 0 -2.4654297828674316 0.0 179.8885040283203 118.94074249267578 224.37026977539062 3.685411 1.6726893 1.7255005 -21.736872 1.9579444 28.317377 -3.120110273361206 0.1326630860567093
Car 0.0 0 -1.8586885929107666 627.7805786132812 173.70968627929688 660.4381713867188 193.5791778564453 3.7704237 1.5522213 1.6395848 2.7076516 1.6244391 58.56559 -1.8124886751174927 0.12390226870775223
Car 0.0 0 0.45033401250839233 215.3747100830078 173.49571228027344 302.6109924316406 196.9030303955078 4.8177395 1.509606 1.9146353 -23.103817 1.5531068 47.546177 -0.0019893357530236244 0.11937873065471649
