Pedestrian 0.0 0 1.121473789215088 774.1434936523438 166.65283203125 790.9696655273438 200.67506408691406 0.70015615 1.8279102 0.64812034 9.3301935 1.4950979 39.174545 1.3552875518798828 0.507893979549408
Pedestrian 0.0 0 2.060873031616211 302.0865783691406 174.66534423828125 339.7141418457031 225.9182586669922 0.94261175 1.8527135 0.95973676 -10.706392 1.921253 26.636738 1.6786946058273315 0.30429428815841675
Pedestrian 0.0 0 -1.8066742420196533 714.528564453125 154.70960998535156 742.4834594726562 203.3263397216797 0.9122256 1.9192863 0.91832584 4.708406 1.2033421 28.971193 -1.6455625295639038 0.2325008660554886
Pedestrian 0.0 0 -0.4518347978591919 978.3766479492188 122.0880126953125 1085.91455078125 282.0373229980469 0.90811414 1.8208768 0.6501119 4.9330173 1.2433103 8.567571 0.07058382034301758 0.2233314961194992
Pedestrian 0.0 0 1.6768912076950073 223.1078338623047 176.0084686279297 258.1053466796875 250.3446502685547 0.9860428 1.7745377 0.67233527 -9.175646 1.8554944 17.852003 1.202118992805481 0.1578889936208725
Pedestrian 0.0 0 -1.4601068496704102 353.6927795410156 166.46202087402344 373.05645751953125 204.16299438476562 1.5525045 1.7264302 0.69505584 -11.6064415 1.4340819 33.871696 -1.790226936340332 0.14888140559196472
Pedestrian 0.0 0 -1.851804494857788 695.2044677734375 147.42294311523438 764.6903076171875 283.0603332519531 1.5782986 1.6599238 0.48398072 1.5128938 1.3490574 9.64061 -1.696144700050354 0.14513109624385834
Cyclist 0.0 0 -1.4478800296783447 354.0770568847656 166.28897094726562 374.52752685546875 205.3465118408203 1.7093787 1.7909418 0.7100555 -11.60202 1.4902672 33.991833 -1.7767993211746216 0.5114620923995972
Cyclist 0.0 0 -1.851804494857788 695.2044677734375 147.42294311523438 764.6903076171875 283.0603332519531 1.5782986 1.6599238 0.48398072 1.5128938 1.3490574 9.64061 -1.696144700050354 0.2454938143491745
Car 0.0 0 1.7586668729782104 523.8180541992188 178.1380615234375 581.3939208984375 216.22509765625 3.866131 1.4369904 1.6760448 -2.3386297 1.6702876 29.79192 1.6803287267684937 0.9499779939651489
Car 0.0 0 1.5517305135726929 575.128662109375 173.3886260986328 602.677001953125 199.19143676757812 3.8148296 1.5520442 1.6533434 -1.3959472 1.5875024 45.424732 1.5210092067718506 0.5785377025604248
Car 0.0 0 -1.3189387321472168 381.28521728515625 170.8346405029297 407.57696533203125 185.83441162109375 3.5878248 1.3774008 1.5326995 -20.324696 1.1923242 68.07665 -1.6090703010559082 0.18167874217033386
Car 0.0 0 1.4174913167953491 524.6668701171875 167.51783752441406 564.48828125 196.20298767089844 3.9236991 1.4907922 1.5860872 -3.672944 1.2138251 39.59205 1.3249863386154175 0.16216148436069489
