Pedestrian 0.0 0 2.5247156620025635 0.0 175.4264373779297 52.17269515991211 266.5244140625 0.89248353 1.8477511 0.86471856 -12.5882435 1.904268 15.206091 1.8332267999649048 0.5499910116195679
Cyclist 0.0 0 1.6265004873275757 443.06768798828125 175.46270751953125 466.855712890625 235.4014129638672 1.9390247 1.8389786 0.64544034 -5.021232 1.926981 23.230568 1.4136276245117188 0.873998761177063
Cyclist 0.0 0 1.594004511833191 470.5976257324219 175.94346618652344 490.53875732421875 228.9247589111328 1.9611673 1.7705023 0.6450465 -4.559689 1.8833354 25.24675 1.41532564163208 0.865434467792511
Car 0.0 0 -1.8183029890060425 647.7106323242188 178.73377990722656 737.5928344726562 240.4180450439453 3.3354468 1.4086214 1.50292 1.9822819 1.5746126 18.566067 -1.7119368314743042 0.9572389125823975
Car 0.0 0 -1.5092942714691162 369.02459716796875 188.86209106445312 434.94451904296875 243.18341064453125 3.546967 1.3562629 1.6289475 -6.0274816 1.8658808 21.043844 -1.7882508039474487 0.9344199895858765
Car 0.0 0 -1.759521245956421 557.1759643554688 179.6124267578125 600.287109375 209.69606018066406 3.456143 1.441572 1.5966969 -1.6973166 1.8086 37.27715 -1.805022120475769 0.8655477166175842
Car 0.0 0 -1.8351960182189941 602.4698486328125 174.8674774169922 673.565185546875 222.3519744873047 3.605875 1.540386 1.6088051 0.8688579 1.617341 25.507181 -1.8011459112167358 0.8466732501983643
Car 0.0 0 1.2500196695327759 740.0663452148438 182.3255615234375 969.0377197265625 324.4338684082031 3.8374472 1.4534198 1.6477604 2.8918617 1.6049937 9.576156 1.5432971715927124 0.8413141369819641
Car 0.0 0 -2.153455972671509 841.2138671875 77.27644348144531 1242.0 375.0 4.181936 1.7012631 1.6428334 2.8649435 1.3939613 4.416699 -1.5780221223831177 0.7575225830078125
Car 0.0 0 -1.6189078092575073 536.9041137695312 178.89932250976562 563.3035888671875 202.56008911132812 3.5110526 1.4666167 1.558885 -4.0046263 1.8804672 47.50661 -1.7030051946640015 0.4978545308113098
Car 0.0 0 1.5246611833572388 522.1636352539062 177.4240264892578 542.7394409179688 195.33148193359375 3.8989618 1.4852934 1.601448 -6.8118567 1.8972837 62.93869 1.4168508052825928 0.39187943935394287
Car 0.0 0 1.6231563091278076 389.5105285644531 184.98167419433594 441.838134765625 232.69459533691406 3.9857345 1.5224819 1.6277264 -7.0284324 1.9991453 26.21654 1.3612240552902222 0.3614591360092163
