Pedestrian 0.0 0 1.3430640697479248 0.0 194.21327209472656 47.06852722167969 270.5936584472656 1.0693604 1.4967957 1.1796343 -12.9458065 1.9757736 15.372886 0.6431629657745361 0.2146073877811432
Pedestrian 0.0 0 2.058459758758545 193.3064727783203 166.5541534423828 220.99351501464844 217.2731170654297 0.54042643 1.8371568 0.7156315 -14.785883 1.6093197 26.411257 1.5480988025665283 0.13352537155151367
Pedestrian 0.0 0 -2.4726643562316895 171.2680206298828 181.8562469482422 192.22808837890625 215.11752319335938 0.76163876 1.8680481 0.6939271 -24.443039 2.3865001 41.12863 -3.008887529373169 0.12229027599096298
Cyclist 0.0 0 -1.7310304641723633 723.051025390625 167.4375762939453 737.4144897460938 199.73886108398438 1.7713993 1.6419408 0.45780882 6.213676 1.366971 37.561035 -1.5670864582061768 0.7943187355995178
Cyclist 0.0 0 1.9738130569458008 179.9438018798828 178.1351776123047 204.76974487304688 207.65541076660156 1.948679 1.8079972 0.64556944 -26.384647 2.149174 45.555046 1.4488418102264404 0.3423078954219818
Car 0.0 0 1.7250310182571411 460.11962890625 177.90748596191406 509.8971862792969 212.7716827392578 4.0512924 1.5425223 1.7464144 -5.95425 1.7991776 34.55178 1.554378867149353 0.9426589608192444
Car 0.0 0 1.9700144529342651 335.2939453125 181.4166259765625 399.4727783203125 213.71937561035156 4.0061164 1.5004876 1.6638529 -12.281291 1.9604526 36.666027 1.646809458732605 0.3260524570941925
Car 0.0 0 -1.6247891187667847 868.9111938476562 161.6830596923828 893.5557250976562 181.83255004882812 3.8025625 1.5790007 1.6653508 21.971426 0.70395476 58.60357 -1.2660919427871704 0.1911197155714035
Car 0.0 0 -0.0861709788441658 647.8506469726562 171.41114807128906 700.8926391601562 191.55162048339844 4.039094 1.5651256 1.6096661 5.019663 1.453358 56.876873 0.0018558502197265625 0.1784696877002716
Car 0.0 0 -0.8966121673583984 0.0 189.4352264404297 122.88363647460938 286.424072265625 3.9750888 1.4759892 1.635932 -11.407934 1.8365636 13.667652 -1.5921368598937988 0.14927010238170624
Car 0.0 0 1.9874019622802734 176.9483642578125 190.99468994140625 237.23851013183594 218.4614715576172 4.097797 1.4598601 1.6371106 -24.100939 2.6010072 43.256367 1.4790743589401245 0.14095602929592133
Car 0.0 0 -0.948137640953064 0.0 170.67333984375 74.2273178100586 215.74795532226562 3.9368606 1.7957484 1.7086661 -25.111753 1.7092302 30.760498 -1.6327770948410034 0.13744208216667175
