Pedestrian 0.0 0 0.9137723445892334 236.36587524414062 181.29310607910156 303.8131408691406 291.0535583496094 0.74032956 1.7790055 0.73887277 -5.824287 1.9286668 12.26552 0.4704461097717285 0.46053165197372437
Pedestrian 0.0 0 2.4197945594787598 662.1653442382812 149.6531524658203 685.0957641601562 192.91244506835938 0.8582366 1.899027 0.56602514 2.7960548 0.88089776 32.154213 2.5065340995788574 0.342673122882843
Cyclist 0.0 0 1.6081955432891846 577.2320556640625 176.93011474609375 586.7718505859375 201.17147827148438 1.8957422 1.7812656 0.64864254 -2.1269126 2.093655 54.28356 1.5690340995788574 0.4871615469455719
Cyclist 0.0 0 1.550991415977478 566.4137573242188 178.1059112548828 575.6560668945312 202.75498962402344 1.9752672 1.7924093 0.64813393 -2.9442136 2.1924875 53.904297 1.4964263439178467 0.4112565219402313
Car 0.0 0 -1.0885186195373535 15.826693534851074 213.88909912109375 356.36151123046875 375.0 3.5718482 1.351934 1.5811902 -4.1666284 1.8934546 7.7168493 -1.5836046934127808 0.9605972766876221
Car 0.0 0 -1.7873421907424927 717.1372680664062 181.9556884765625 865.2939453125 290.9540710449219 3.2753983 1.4583411 1.5853466 2.6853642 1.6254872 11.572733 -1.5593348741531372 0.9440067410469055
Car 0.0 0 -1.6944167613983154 658.4862670898438 177.4478759765625 711.176025390625 219.9005126953125 3.5366921 1.4763182 1.5410712 2.7206082 1.6616405 27.262264 -1.59495210647583 0.9280256032943726
Car 0.0 0 1.7340288162231445 468.92169189453125 183.93743896484375 522.5372924804688 223.6163787841797 3.8628001 1.5266144 1.6522025 -4.8441715 2.0295374 30.777292 1.5779151916503906 0.9029325246810913
Car 0.0 0 -1.28281831741333 351.6012878417969 179.9124755859375 477.30224609375 264.927001953125 4.0952225 1.6954074 1.711708 -4.4282794 1.8804469 16.803326 -1.54049551486969 0.7845837473869324
Car 0.0 0 -1.9199433326721191 754.2495727539062 178.84544372558594 843.3759155273438 233.77186584472656 3.694714 1.6092157 1.6192694 5.9892592 1.8204466 23.473711 -1.6701258420944214 0.4989033043384552
Car 0.0 0 1.8042998313903809 514.4798583984375 183.38278198242188 552.6002807617188 208.2377471923828 3.860698 1.4684753 1.586094 -4.895643 2.1746473 46.350826 1.699068546295166 0.4847768247127533
Car 0.0 0 -1.6084123849868774 734.5167846679688 174.4898681640625 780.0890502929688 213.52122497558594 4.249648 1.4754164 1.6610231 5.9494615 1.5481474 29.688957 -1.4106389284133911 0.4817008376121521
