Pedestrian 0.0 0 1.2981452941894531 436.995849609375 155.9180145263672 487.1095886230469 260.0886535644531 0.94193476 1.8113722 0.66086286 -2.6541018 1.3855734 12.859592 1.0946123600006104 0.8585919141769409
Pedestrian 0.0 0 1.078263759613037 510.3708190917969 149.7607879638672 571.5045776367188 255.40354919433594 0.8841363 1.7370181 0.71433616 -1.156589 1.233244 12.186491 0.9836397171020508 0.8362869024276733
Pedestrian 0.0 0 0.9960034489631653 454.11163330078125 154.2325897216797 526.7276000976562 269.88726806640625 0.97812074 1.7209865 0.7069098 -1.8544673 1.3317791 11.115666 0.8306922912597656 0.8272121548652649
Pedestrian 0.0 0 0.5879433155059814 788.3297119140625 150.11077880859375 889.29150390625 295.84515380859375 0.9729167 1.7626538 0.7839855 2.9760933 1.3967772 9.171477 0.9017179012298584 0.8206796050071716
Pedestrian 0.0 0 0.3311598300933838 755.266845703125 148.6260528564453 854.7808837890625 305.1226806640625 1.0118729 1.7821316 0.64527863 2.3833435 1.4208466 8.598982 0.6015384197235107 0.6963664293289185
Pedestrian 0.0 0 0.9996088743209839 559.23388671875 147.56607055664062 642.7394409179688 291.74298095703125 0.9120712 1.7108772 0.6671281 -0.11127339 1.3217481 8.949589 0.9871761798858643 0.695648729801178
Pedestrian 0.0 0 0.9019311666488647 638.5735473632812 163.04794311523438 722.1079711914062 290.37335205078125 0.98039764 1.6838065 0.7126589 1.0002066 1.4546858 9.950285 1.00211501121521 0.6763853430747986
Pedestrian 0.0 0 2.046966791152954 237.8021240234375 151.20733642578125 283.63323974609375 216.97756958007812 1.287178 1.9516073 0.7567745 -10.545158 1.0839667 21.627317 1.593300223350525 0.6597204208374023
Pedestrian 0.0 0 -1.3340001106262207 264.7228698730469 151.6729736328125 289.05291748046875 197.4363250732422 0.89848846 1.8362073 0.71208227 -13.41624 0.6810467 28.875189 -1.7689523696899414 0.6471568942070007
Pedestrian 0.0 0 1.8569947481155396 234.7025909423828 154.35191345214844 259.34796142578125 201.69508361816406 0.8179988 1.8860515 0.68886703 -14.511463 0.8458637 28.627207 1.3878331184387207 0.6109558939933777
Pedestrian 0.0 0 0.9025183320045471 597.8953857421875 166.33055114746094 683.6892700195312 305.2303466796875 0.96185607 1.734929 0.69250417 0.4174398 1.559623 9.41903 0.9468080997467041 0.5525130033493042
Pedestrian 0.0 0 -1.2928721904754639 192.43115234375 153.0176544189453 212.98944091796875 198.27528381347656 0.54436845 1.8986286 0.6341151 -17.086514 0.74718356 29.996553 -1.8106507062911987 0.5420445203781128
Pedestrian 0.0 0 1.1595546007156372 471.5947570800781 161.6467742919922 523.4723510742188 260.85003662109375 0.9444529 1.7898014 0.63955414 -2.0770116 1.4512972 13.321501 1.0048856735229492 0.4683533310890198
Cyclist 0.0 0 1.1248931884765625 642.08837890625 153.31712341308594 702.316650390625 232.9518280029297 1.9902089 1.8386595 0.6725202 1.5787646 1.2126505 17.369781 1.2155355215072632 0.6787213683128357
Cyclist 0.0 0 -1.3298780918121338 264.42486572265625 149.56167602539062 289.2538757324219 196.07882690429688 0.9386576 1.8650061 0.71819365 -13.416428 0.6260945 28.872429 -1.7648723125457764 0.14608752727508545
Car 0.0 0 0.894747793674469 1095.997802734375 184.52371215820312 1224.0 235.48634338378906 3.8979888 1.6047416 1.6509129 19.20419 1.7570035 24.526337 1.5590382814407349 0.8845806121826172
Car 0.0 0 -2.2656075954437256 1031.4803466796875 185.4720001220703 1157.89794921875 232.302490234375 3.4302802 1.4319751 1.6777381 16.297964 1.6133156 23.780155 -1.664775013923645 0.8760620951652527
Car 0.0 0 -2.189018487930298 951.9518432617188 185.0214080810547 1065.6304931640625 230.7772979736328 3.5604744 1.419011 1.5876583 13.625117 1.58679 24.141495 -1.6751976013183594 0.7965520024299622
Car 0.0 0 -1.635776162147522 603.6922607421875 175.20547485351562 637.7783813476562 203.355224609375 3.5906174 1.4031012 1.5470825 0.7702812 1.1406304 37.065025 -1.6149972677230835 0.6303122639656067
