Pedestrian 0.0 0 -0.6784950494766235 1096.907470703125 163.09205627441406 1130.2386474609375 213.1744842529297 0.72341686 1.6529293 0.55795294 16.781063 1.3311026 24.114786 -0.07053766399621964 0.16780641674995422
Pedestrian 0.0 0 -2.080336093902588 1052.9720458984375 166.7241973876953 1108.44921875 240.2439422607422 0.9217512 1.83657 0.84887743 12.0096245 1.6838018 18.509594 -1.5047821998596191 0.15750735998153687
Pedestrian 0.0 0 -0.4034003019332886 659.6011962890625 159.9400634765625 679.339599609375 188.99221801757812 1.1467559 1.883965 0.5945863 3.8623476 1.0468835 47.25072 -0.3218400776386261 0.15120476484298706
Pedestrian 0.0 0 1.927406907081604 213.3323974609375 169.56292724609375 244.3726348876953 213.58978271484375 0.9386924 1.8297454 0.8898694 -16.146702 1.6933273 30.50732 1.4406160116195679 0.13728120923042297
Pedestrian 0.0 0 -0.055925607681274414 1079.451171875 197.14425659179688 1121.61669921875 285.9718933105469 0.62845534 1.6059388 0.5474106 9.221941 2.0794058 13.654809 0.5380728244781494 0.1303442120552063
Cyclist 0.0 0 -0.07739788293838501 804.020751953125 165.75941467285156 846.37646484375 207.24049377441406 1.7707698 1.8236395 0.5659109 9.544862 1.5120968 32.18038 0.21094131469726562 0.2161632627248764
Cyclist 0.0 0 -1.9785971641540527 934.6239624023438 154.4316864013672 982.4850463867188 216.6439208984375 1.8421767 1.7842708 0.60559 10.369476 1.2562697 21.623516 -1.5314459800720215 0.18238569796085358
Cyclist 0.0 0 -3.5447378158569336 1090.68017578125 164.77340698242188 1181.25 242.390380859375 1.6882055 1.8556432 0.62903875 12.854744 1.6628128 17.741625 -2.9177229404449463 0.1314832717180252
Cyclist 0.0 0 0.8483046293258667 721.0452270507812 166.50770568847656 745.5828247070312 193.81361389160156 1.7646013 1.800156 0.6088767 8.244881 1.3821307 48.47552 1.0167758464813232 0.12447810173034668
Car 0.0 0 1.7735791206359863 370.9810791015625 178.01596069335938 421.7436828613281 208.73756408691406 4.429683 1.4956766 1.716696 -11.258853 1.7854329 38.170174 1.486748218536377 0.9025251865386963
Car 0.0 0 2.4284157752990723 0.0 193.38357543945312 106.9227523803711 375.0 3.897568 1.4936906 1.6158444 -6.4726725 1.7217739 6.0241017 1.6071381568908691 0.6659168004989624
Car 0.0 0 -1.3974343538284302 340.24957275390625 176.5099639892578 378.302734375 203.5653839111328 3.666156 1.5545505 1.5801964 -15.24257 1.7872416 43.91447 -1.731520414352417 0.1253657341003418
Car 0.0 0 -3.3777830600738525 747.4720458984375 183.00418090820312 834.9572143554688 214.17657470703125 3.9606223 1.4966183 1.6324625 8.956769 2.0152981 36.011555 -3.134010076522827 0.1169457957148552
