Pedestrian 0.0 0 -1.964516282081604 826.3460083007812 150.58607482910156 855.151123046875 196.38671875 0.88720125 1.8961134 0.87987375 9.656819 0.9745953 30.348001 -1.6564444303512573 0.30644282698631287
Pedestrian 0.0 0 1.360572338104248 949.08349609375 166.3049774169922 989.4329833984375 227.98095703125 0.95198137 1.8489465 0.9312536 10.994498 1.6529754 22.204031 1.8203387260437012 0.23070618510246277
Cyclist 0.0 0 -1.9666507244110107 823.3933715820312 148.7661895751953 852.362548828125 197.01036071777344 1.1694133 1.9905423 0.77021194 9.544919 0.9970436 30.385168 -1.662280797958374 0.1633317917585373
Car 0.0 0 3.371976613998413 357.3392028808594 183.5181427001953 452.1472473144531 220.50222778320312 3.4433546 1.4316827 1.5081844 -8.306574 1.8765854 29.242105 3.095205068588257 0.8713303208351135
Car 0.0 0 -2.8943734169006348 387.95074462890625 180.40518188476562 473.1073913574219 212.5457763671875 3.7091641 1.4955007 1.5617607 -8.631664 1.8675717 34.727985 -3.1379876136779785 0.507250189781189
Car 0.0 0 -2.73684024810791 409.39263916015625 176.9773406982422 483.8030700683594 207.27745056152344 3.4893365 1.5378269 1.5619558 -8.61859 1.7615249 37.995827 -2.9598958492279053 0.4637435972690582
Car 0.0 0 0.16793352365493774 428.3011474609375 174.7193145751953 501.5470886230469 201.1192626953125 4.073741 1.5411092 1.6603373 -8.661681 1.6552899 43.134686 -0.03023640438914299 0.34174370765686035
Car 0.0 0 -2.256875514984131 1132.6329345703125 137.02061462402344 1242.0 186.1797332763672 3.3569772 1.765388 1.6230935 21.991753 0.47890785 27.598013 -1.5840522050857544 0.2652769088745117
Car 0.0 0 0.40262845158576965 420.5974426269531 179.78982543945312 499.9543762207031 207.6401824951172 4.0558376 1.4964936 1.625498 -8.429889 1.8982381 40.558456 0.19770073890686035 0.22964566946029663
Car 0.0 0 -1.154473066329956 358.74493408203125 175.1568603515625 402.8066101074219 198.8612060546875 3.446296 1.5029235 1.5249261 -15.195712 1.6618673 47.8897 -1.4617308378219604 0.22391733527183533
Car 0.0 0 1.5900804996490479 330.61474609375 180.0150146484375 360.5057373046875 208.64373779296875 4.092386 1.6168389 1.6364475 -16.132153 2.076243 44.049187 1.2390203475952148 0.1846640706062317
