Car 0.0 0 -1.403723955154419 453.19921875 184.56434631347656 531.692626953125 237.72576904296875 4.210551 1.4014066 1.583424 -3.3078308 1.3853672 21.060297 -1.5595159530639648 0.9440051317214966
Car 0.0 0 -1.5797109603881836 582.3760986328125 177.0165252685547 621.090576171875 212.5878448486328 3.7944815 1.5974382 1.7395371 -0.3406057 1.2303607 34.19195 -1.5896722078323364 0.9393165707588196
Car 0.0 0 -1.1618261337280273 154.40530395507812 188.67904663085938 428.6452331542969 342.05731201171875 3.7254086 1.4483343 1.6345739 -3.5525892 1.500706 8.750509 -1.5474827289581299 0.9123614430427551
Car 0.0 0 -0.9530785083770752 5.702634811401367 188.1150665283203 196.6556854248047 261.7442626953125 3.9483588 1.4739963 1.5769314 -11.435469 1.5498036 16.527208 -1.5583595037460327 0.9048895239830017
Car 0.0 0 -1.2659258842468262 346.7246398925781 186.48114013671875 429.5611267089844 230.87490844726562 3.8194077 1.3885256 1.6246771 -7.4196706 1.4361843 24.508043 -1.5598984956741333 0.8178083896636963
Car 0.0 0 -1.349076509475708 422.5417785644531 182.58612060546875 474.7138671875 213.065185546875 3.6862035 1.3770117 1.6621817 -7.5644217 1.2593421 34.32043 -1.5660138130187988 0.7867424488067627
Car 0.0 0 -1.104644775390625 131.1270294189453 186.65676879882812 309.8053283691406 272.1373291015625 3.797096 1.4905814 1.6176445 -7.629552 1.5246398 14.508663 -1.588767170906067 0.7262392640113831
Car 0.0 0 -1.4772653579711914 495.2651672363281 182.35348510742188 535.285400390625 211.65350341796875 3.9647932 1.3968275 1.6407709 -4.6429043 1.2615083 36.275394 -1.6045637130737305 0.5158034563064575
Car 0.0 0 -0.7826268672943115 0.0 185.60763549804688 104.13031768798828 375.056884765625 3.91913 1.536382 1.6416664 -7.7237463 1.5428396 7.799889 -1.5631201267242432 0.47913044691085815
Car 0.0 0 -1.2324802875518799 314.3339538574219 184.25401306152344 376.6117248535156 216.92071533203125 3.8640642 1.4530557 1.5653691 -12.323833 1.4114105 33.911797 -1.581049919128418 0.43825438618659973
