Pedestrian 0.0 0 0.6545698046684265 0.0 184.1800994873047 67.30740356445312 334.2414855957031 0.674701 1.7051647 0.6453694 -7.087907 1.845518 8.581227 -0.03581203892827034 0.32159945368766785
Pedestrian 0.0 0 0.09693391621112823 752.7424926757812 144.67416381835938 782.7152709960938 195.81748962402344 1.0334803 1.8664206 0.610098 5.8134303 0.8383858 26.77742 0.310718297958374 0.21536478400230408
Pedestrian 0.0 0 -3.364866018295288 825.0875244140625 167.7266845703125 842.4844360351562 194.9586181640625 1.039129 1.8553911 0.56735486 15.3137665 1.5064088 49.48044 -3.0647244453430176 0.14871948957443237
Cyclist 0.0 0 -1.6638320684432983 837.2612915039062 170.16197204589844 870.6534423828125 236.9631805419922 1.7884437 1.7186724 0.68572664 6.527492 1.6497695 19.509912 -1.3409661054611206 0.49011796712875366
Cyclist 0.0 0 1.065266489982605 625.0476684570312 184.89553833007812 643.3048095703125 212.02603149414062 1.384777 1.692683 0.57393336 1.5179832 2.4803226 46.42462 1.0979526042938232 0.19162175059318542
Cyclist 0.0 0 -0.353558748960495 775.5333862304688 148.38893127441406 820.7348022460938 190.73793029785156 1.7550707 1.7776136 0.6154897 7.951704 0.75104207 30.677813 -0.0999397337436676 0.18876872956752777
Cyclist 0.0 0 1.0075995922088623 746.6701049804688 144.35618591308594 780.9610595703125 195.97198486328125 1.3664682 1.8720607 0.6141479 5.681988 0.8388276 26.914175 1.215659499168396 0.1371738314628601
Car 0.0 0 -1.6613194942474365 546.9931030273438 175.24710083007812 570.181884765625 193.9461212158203 3.672026 1.5377061 1.6503992 -4.451063 1.7494138 61.775826 -1.7332470417022705 0.6857500672340393
Car 0.0 0 1.4805840253829956 533.9873657226562 173.12173461914062 554.919921875 190.04347229003906 3.840568 1.54113 1.6153183 -6.2039533 1.5674044 67.80946 1.3893470764160156 0.15006905794143677
Car 0.0 0 1.9043385982513428 481.667236328125 183.84666442871094 524.6444702148438 207.63746643066406 4.1288304 1.467379 1.6063979 -7.184614 2.2427647 48.69083 1.7578399181365967 0.14028577506542206
