Pedestrian 0.0 0 -2.24739933013916 1058.43115234375 19.381450653076172 1224.0 370.0 0.79102975 1.7741547 0.71176076 3.0793264 0.9705632 3.9287577 -1.5826202630996704 0.5187868475914001
Pedestrian 0.0 0 1.928936243057251 353.6835632324219 164.04042053222656 393.3192138671875 234.91796875 0.83558923 1.8140802 0.7430566 -6.0918145 1.3943952 18.524113 1.6112183332443237 0.4477427005767822
Pedestrian 0.0 0 -2.61962890625 396.2921142578125 169.78309631347656 423.53546142578125 214.73988342285156 0.88656825 1.7382374 0.5230331 -7.665032 1.325376 27.696594 -2.8896212577819824 0.38694319128990173
Pedestrian 0.0 0 2.3854875564575195 171.2069549560547 153.6123809814453 328.601318359375 363.04107666015625 1.1447695 1.7539221 0.6951901 -3.308879 1.5304487 6.5730643 1.919123888015747 0.3459779918193817
Pedestrian 0.0 0 1.2607167959213257 745.5359497070312 126.9087142944336 797.8967895507812 231.22373962402344 0.815512 1.805794 0.6945174 2.9306278 0.8797228 12.669796 1.4880273342132568 0.24190713465213776
Pedestrian 0.0 0 1.633314847946167 698.1065673828125 145.3730010986328 727.6071166992188 227.77232360839844 1.3804744 1.7877493 0.5816738 2.4255784 1.027245 16.071306 1.78311026096344 0.12040463089942932
Cyclist 0.0 0 1.695360779762268 517.0885009765625 165.4874267578125 529.8973999023438 194.25894165039062 1.7499008 1.7228578 0.5668682 -4.978289 0.82526 43.211285 1.5806584358215332 0.8858058452606201
Cyclist 0.0 0 2.435961961746216 126.55838775634766 145.2240753173828 329.7355041503906 363.10430908203125 1.5946838 1.7181146 0.6432973 -3.3927855 1.4416511 6.4302897 1.9504588842391968 0.5752429366111755
Cyclist 0.0 0 1.633314847946167 698.1065673828125 145.3730010986328 727.6071166992188 227.77232360839844 1.3804744 1.7877493 0.5816738 2.4255784 1.027245 16.071306 1.78311026096344 0.19500751793384552
Car 0.0 0 -1.5846153497695923 583.7816772460938 152.50616455078125 631.7110595703125 212.71336364746094 4.5068927 2.03111 1.6178274 0.035492532 1.0882654 26.110918 -1.5832560062408447 0.8437273502349854
Car 0.0 0 -1.6431515216827393 571.8375854492188 164.72003173828125 615.5107421875 203.210693359375 3.984125 1.5666908 1.6057094 -0.5733594 0.9258872 30.830894 -1.6617462635040283 0.3326374292373657
