Pedestrian 0.0 0 0.38917556405067444 350.6336669921875 177.05018615722656 367.8158264160156 203.37567138671875 1.0412191 1.8734291 0.5287077 -18.005566 2.176344 51.730164 0.05422377586364746 0.5153822898864746
Pedestrian 0.0 0 -2.7933614253997803 423.8315124511719 168.63426208496094 448.5616455078125 221.51243591308594 0.6478438 1.7779434 0.620646 -5.9668903 1.6364194 24.601885 -3.0313048362731934 0.46527183055877686
Pedestrian 0.0 0 -2.5166187286376953 159.09169006347656 177.35821533203125 192.63430786132812 227.08006286621094 0.8255607 1.8149108 0.67939055 -16.147678 1.9847498 26.77425 -3.0593180656433105 0.4433612823486328
Cyclist 0.0 0 -1.6943687200546265 649.1802368164062 174.17190551757812 666.3444213867188 218.70802307128906 1.6702152 1.6070079 0.43255714 1.7296058 1.6581041 26.929258 -1.630229115486145 0.4983339011669159
Cyclist 0.0 0 -2.433868646621704 661.1071166992188 163.05789184570312 709.2994384765625 218.2467803955078 1.6817503 1.741471 0.4345836 2.3912778 1.4327154 23.523636 -2.3325624465942383 0.4952695369720459
Cyclist 0.0 0 -1.2106680870056152 160.34011840820312 177.45620727539062 190.9735565185547 227.53929138183594 0.8069357 1.8196454 0.7374299 -16.144913 1.9936728 26.761524 -1.7535018920898438 0.14775332808494568
Car 0.0 0 -1.3902419805526733 435.2408447265625 174.563232421875 535.6595458984375 250.37269592285156 4.211172 1.6119792 1.6605589 -2.933905 1.6589415 17.55297 -1.5558568239212036 0.9227245450019836
Car 0.0 0 1.9543957710266113 268.05322265625 185.26438903808594 346.415283203125 225.95755004882812 3.9873905 1.5288643 1.6628631 -12.661016 2.085422 30.3312 1.5589581727981567 0.8822265863418579
Car 0.0 0 2.223693609237671 0.0 197.85848999023438 130.79051208496094 321.9518737792969 4.0783515 1.4480796 1.6388079 -9.672553 1.9134395 11.335421 1.517284870147705 0.7229638695716858
Car 0.0 0 -1.5568046569824219 585.505126953125 175.58383178710938 612.0585327148438 201.41064453125 3.5977595 1.5926905 1.6515152 -0.7332445 1.7764537 46.67399 -1.572513222694397 0.6975612640380859
Car 0.0 0 1.7841415405273438 420.53704833984375 181.08541870117188 461.5 208.5536346435547 4.1501245 1.6064825 1.676973 -10.637865 2.1501818 45.536434 1.5546451807022095 0.5626065135002136
