Pedestrian 0.0 0 0.9797934889793396 1123.9476318359375 158.76803588867188 1204.047607421875 274.73126220703125 0.893377 1.69943 0.56808543 8.395297 1.4933593 11.034083 1.630203366279602 0.7837550640106201
Pedestrian 0.0 0 2.092751979827881 512.1925048828125 171.06976318359375 536.1383056640625 218.91156005859375 0.5627095 1.7874345 0.71676546 -3.2955537 1.7211314 27.354052 1.972852110862732 0.7318081259727478
Cyclist 0.0 0 -3.335125684738159 770.755126953125 172.4389190673828 836.1160888671875 221.42062377929688 2.0938165 1.6928524 0.8842541 6.7546616 1.6788646 25.444407 -3.075643301010132 0.8831732273101807
Car 0.0 0 -1.5878204107284546 601.2442626953125 181.0562286376953 678.6423950195312 242.61056518554688 3.5464396 1.3169684 1.7078066 0.6444544 1.5389193 17.701027 -1.5514287948608398 0.9542590379714966
Car 0.0 0 1.890099287033081 339.6290588378906 181.42066955566406 401.796142578125 218.46681213378906 3.8647778 1.6340209 1.705513 -11.447189 2.068737 34.649 1.5710128545761108 0.9201590418815613
Car 0.0 0 -1.5059444904327393 580.8826904296875 179.61361694335938 630.2647705078125 222.7157440185547 3.7502525 1.5904273 1.7554463 -0.15860471 1.8819102 29.14869 -1.5113856792449951 0.8839815258979797
Car 0.0 0 1.7280690670013428 435.21551513671875 176.464599609375 467.3797302246094 203.80587768554688 4.1333046 1.8750491 1.6446593 -11.451735 2.146942 52.149048 1.5119038820266724 0.6107962131500244
Car 0.0 0 -2.178683042526245 473.0843505859375 178.6524658203125 543.9456787109375 212.63754272460938 3.750758 1.5735456 1.6489995 -5.1414447 1.8787733 35.999676 -2.320542812347412 0.555750846862793
Car 0.0 0 -2.170180320739746 1105.14501953125 181.62835693359375 1242.0 235.4909210205078 3.7575066 1.4696809 1.6404246 17.24293 1.7638903 22.236717 -1.5106041431427002 0.4731065034866333
Car 0.0 0 -2.3753576278686523 491.5943908691406 179.63827514648438 561.7702026367188 205.7213134765625 4.1120324 1.4223837 1.6036452 -4.937503 1.8373125 42.206356 -2.4918131828308105 0.32849958539009094
