Pedestrian 0.0 0 1.470141887664795 983.7171020507812 170.97137451171875 1020.5720825195312 249.22775268554688 0.8614029 1.7720776 0.67094564 9.103092 1.7298046 16.86266 1.965149164199829 0.512867271900177
Pedestrian 0.0 0 -1.2240264415740967 0.0 153.59820556640625 26.738964080810547 199.64886474609375 0.90859747 1.9197906 0.69379437 -25.409634 1.1173999 30.622194 -1.9166629314422607 0.13984639942646027
Pedestrian 0.0 0 -3.502784490585327 872.6175537109375 159.61895751953125 911.0658569335938 215.90090942382812 0.94891196 1.8779169 0.9309352 9.530135 1.4366717 24.542063 -3.1323888301849365 0.1303328275680542
Pedestrian 0.0 0 -1.690873146057129 967.4893798828125 161.22158813476562 1006.4506225585938 235.09970092773438 0.9865437 1.803518 0.75564677 9.44844 1.5199047 18.205986 -1.2121615409851074 0.1180155798792839
Pedestrian 0.0 0 -2.03406023979187 1073.38232421875 156.47984313964844 1145.0191650390625 254.617431640625 0.9876789 1.7398359 0.72023094 9.144356 1.4499037 13.327768 -1.4327152967453003 0.11156705021858215
Cyclist 0.0 0 2.000220775604248 232.90615844726562 189.32595825195312 252.30279541015625 215.77626037597656 1.6227245 1.8020573 0.6022266 -25.989536 2.9856436 51.004158 1.5289567708969116 0.17416013777256012
Cyclist 0.0 0 -2.1000120639801025 1157.7890625 132.60792541503906 1242.0 269.3138122558594 1.6023445 1.78645 0.55310434 8.516418 1.2608788 10.261693 -1.4072896242141724 0.10148657113313675
Car 0.0 0 2.087630033493042 119.5509033203125 195.04318237304688 246.65956115722656 249.33753967285156 4.1331315 1.4970492 1.7681824 -13.867411 2.2892678 23.668602 1.5576434135437012 0.9125097393989563
Car 0.0 0 -1.6446619033813477 640.3345336914062 167.78231811523438 684.05859375 208.15982055664062 4.25728 1.777496 1.7241496 2.348551 1.5545887 33.893402 -1.5754802227020264 0.1509680598974228
Car 0.0 0 -1.2675728797912598 264.65301513671875 161.75900268554688 309.8356628417969 190.6755828857422 4.557599 2.0416677 1.766961 -23.799938 1.2586579 53.30791 -1.6874804496765137 0.14706972241401672
Car 0.0 0 1.8632547855377197 220.00181579589844 184.42625427246094 265.03253173828125 209.29013061523438 4.5247264 1.6725578 1.7233588 -27.012867 2.5632 53.1279 1.392870306968689 0.10265566408634186
