Pedestrian 0.0 0 0.9225137233734131 866.516357421875 160.52493286132812 894.1138916015625 206.05563354492188 0.7079827 1.8868036 0.82738966 11.327925 1.3762418 30.35579 1.279680609703064 0.27498719096183777
Pedestrian 0.0 0 -2.6911942958831787 448.68896484375 171.2259063720703 468.44598388671875 207.21112060546875 0.75053155 1.7639492 0.65132284 -7.543197 1.6844999 35.772366 -2.8990163803100586 0.25963103771209717
Pedestrian 0.0 0 1.867303490638733 488.5841369628906 130.04483032226562 520.4132690429688 202.9786376953125 0.8962478 1.8045973 0.5652049 -2.7211516 0.74573034 18.335375 1.7199690341949463 0.22137072682380676
Pedestrian 0.0 0 2.081045389175415 687.1751098632812 158.15383911132812 705.3984985351562 200.1681671142578 0.6425312 1.7952431 0.5389927 3.6975212 1.1674737 31.24638 2.1988320350646973 0.2194986343383789
Pedestrian 0.0 0 -0.10115551948547363 896.8648071289062 134.406982421875 977.3428344726562 228.95811462402344 1.3662673 1.7700406 0.6064687 6.272079 1.0506526 14.007415 0.3198411464691162 0.18819139897823334
Pedestrian 0.0 0 0.776055634021759 1013.5894775390625 183.74160766601562 1029.002685546875 210.0388946533203 0.5647246 1.7460521 0.71156895 27.661081 2.4850538 48.579357 1.2936711311340332 0.1738089770078659
Cyclist 0.0 0 -1.7772926092147827 955.4532470703125 140.43048095703125 1007.77978515625 216.7159423828125 1.7329141 1.7802652 0.8014284 9.074024 1.0239593 17.776937 -1.3053295612335205 0.30541861057281494
Cyclist 0.0 0 -0.13471749424934387 893.7736206054688 134.41543579101562 980.484130859375 229.55624389648438 1.4587183 1.7799977 0.6346406 6.269679 1.0612051 14.006852 0.2861514091491699 0.20813333988189697
Cyclist 0.0 0 -1.3802504539489746 449.9385070800781 170.0751190185547 467.92913818359375 206.5757293701172 1.1414135 1.782624 0.67154413 -7.5292344 1.6472666 35.812088 -1.5874751806259155 0.1419660449028015
Cyclist 0.0 0 1.867303490638733 488.5841369628906 130.04483032226562 520.4132690429688 202.9786376953125 0.8962478 1.8045973 0.5652049 -2.7211516 0.74573034 18.335375 1.7199690341949463 0.14166200160980225
Car 0.0 0 -1.5666917562484741 561.0985717773438 168.6574249267578 585.4073486328125 193.06861877441406 3.693177 1.6031429 1.5956782 -2.5326757 1.3279015 49.26463 -1.6180561780929565 0.795304536819458
Car 0.0 0 1.669825553894043 1137.491455078125 192.15371704101562 1175.148193359375 216.2630157470703 3.9228632 1.4696809 1.6686232 37.24672 2.8397496 49.199184 2.3178296089172363 0.4045189321041107
Car 0.0 0 1.6297508478164673 1058.2454833984375 188.06405639648438 1085.9686279296875 207.96868896484375 4.2224646 1.4925612 1.6861343 38.219105 2.7973356 59.67307 2.1994009017944336 0.20296616852283478
