Pedestrian 0.0 0 0.14976824820041656 460.8640441894531 187.6554412841797 507.1243896484375 270.70989990234375 0.851942 1.6615924 0.67733103 -2.6432114 1.9749639 14.906467 -0.02572735771536827 0.2244761735200882
Pedestrian 0.0 0 1.3366634845733643 1031.82177734375 177.0498504638672 1061.5245361328125 232.07196044921875 0.76433367 1.7255772 0.6548105 13.962796 1.8633257 23.159988 1.8792011737823486 0.18828006088733673
Cyclist 0.0 0 -1.4253681898117065 411.2476806640625 178.6625213623047 441.09893798828125 253.78155517578125 0.86736757 1.5844007 0.5135616 -4.052879 1.7152245 15.745266 -1.6773021221160889 0.17571094632148743
Cyclist 0.0 0 -1.352764368057251 461.5611572265625 187.150390625 505.85894775390625 272.86041259765625 0.9201869 1.6940709 0.72112674 -2.644107 1.9989586 14.891921 -1.5284862518310547 0.1600031554698944
Car 0.0 0 -1.4633322954177856 900.4375 176.6536865234375 1001.9978637695312 253.83546447753906 3.6992798 1.4830614 1.6533285 7.6304646 1.5786289 16.068245 -1.0199830532073975 0.8104164004325867
Car 0.0 0 1.8579835891723633 840.4917602539062 176.6394805908203 882.8189697265625 200.0471954345703 4.3273773 1.5625386 1.6762804 17.844225 1.8429704 51.134995 2.1937344074249268 0.730051577091217
Car 0.0 0 1.780961275100708 790.2145385742188 175.27488708496094 843.2334594726562 207.5092315673828 4.284085 1.4891976 1.683746 10.320907 1.6178927 35.961353 2.0604491233825684 0.7017970085144043
Car 0.0 0 1.5447521209716797 982.2635498046875 156.57760620117188 1021.930419921875 193.50425720214844 4.4822383 1.8617954 1.7452831 20.96769 1.0415182 38.769657 2.0405256748199463 0.1944998949766159
Car 0.0 0 -1.4479715824127197 916.745361328125 190.38143920898438 1007.7009887695312 251.43618774414062 3.9558752 1.4449837 1.8464621 10.021969 1.9952955 20.475708 -0.9927942752838135 0.15695597231388092
Car 0.0 0 -1.5335533618927002 996.6867065429688 171.61460876464844 1025.0390625 193.87506103515625 3.9913785 1.5422453 1.6443428 28.954744 1.4567356 52.119774 -1.0264649391174316 0.13883760571479797
Car 0.0 0 -1.5326886177062988 1027.35595703125 178.91664123535156 1079.0772705078125 219.53370666503906 3.917162 1.5040805 1.6505212 18.077402 1.7692494 29.426388 -0.9818017482757568 0.13044486939907074
