Pedestrian 0.0 0 3.0367119312286377 510.66986083984375 182.59046936035156 521.1671142578125 208.80606079101562 0.65796524 1.7967305 0.6525372 -6.56854 2.4789746 50.135662 2.9064385890960693 0.16640806198120117
Pedestrian 0.0 0 -1.9560441970825195 1076.347412109375 137.3960418701172 1139.64892578125 217.6125946044922 1.4243945 1.7560737 0.70857096 11.350907 0.9801979 16.564402 -1.3552801609039307 0.1571519672870636
Cyclist 0.0 0 1.8581112623214722 329.03631591796875 182.52549743652344 353.58984375 224.5435333251953 1.994807 1.8324734 0.5084918 -12.291075 2.2880177 32.94356 1.501011848449707 0.7432438135147095
Cyclist 0.0 0 1.9392964839935303 446.638916015625 181.1149444580078 461.24151611328125 202.94627380371094 1.729517 1.7242932 0.5754989 -12.683404 2.4054892 58.56515 1.7260210514068604 0.1962760090827942
Cyclist 0.0 0 -1.9560441970825195 1076.347412109375 137.3960418701172 1139.64892578125 217.6125946044922 1.4243945 1.7560737 0.70857096 11.350907 0.9801979 16.564402 -1.3552801609039307 0.1753113865852356
Cyclist 0.0 0 -1.0163092613220215 1056.7894287109375 150.81166076660156 1100.703369140625 200.0454559326172 1.6684498 1.8047369 0.5934264 17.547676 0.99710083 27.07081 -0.44119060039520264 0.14991523325443268
Car 0.0 0 0.6600480079650879 0.0 198.2971954345703 241.77017211914062 319.5924377441406 4.4174094 1.5482721 1.7367887 -8.040103 1.9483244 10.453917 0.004434823989868164 0.9096224308013916
Car 0.0 0 3.2993781566619873 457.5707092285156 183.67967224121094 516.685791015625 208.39540100097656 3.455438 1.4998814 1.5705252 -7.712616 2.1918914 45.29234 3.1307108402252197 0.7758591175079346
Car 0.0 0 -1.365890383720398 403.7320861816406 180.88816833496094 434.95086669921875 203.11801147460938 3.7307303 1.5983784 1.5829369 -14.560892 2.2341611 55.15918 -1.623982310295105 0.31151047348976135
Car 0.0 0 -1.369674563407898 504.5298156738281 179.7552947998047 534.8084716796875 200.9163360595703 3.6806798 1.5179889 1.5837995 -6.8611026 2.0615 54.888912 -1.4940294027328491 0.19494177401065826
Car 0.0 0 -1.5060516595840454 517.6055297851562 177.65512084960938 540.38427734375 197.6759796142578 3.9971592 1.590077 1.6390084 -6.7624087 2.005318 60.313267 -1.6177067756652832 0.16715897619724274
Car 0.0 0 1.856425404548645 373.5533142089844 183.95204162597656 413.1513671875 207.3025665283203 3.8217244 1.444704 1.5288634 -14.503463 2.218615 48.374645 1.5651379823684692 0.16186726093292236
