Pedestrian 0.0 0 3.245361089706421 494.66229248046875 173.65736389160156 509.4006652832031 216.65487670898438 0.5341677 1.7655895 0.73885155 -4.5302773 1.7998008 30.021036 3.095587730407715 0.6367441415786743
Pedestrian 0.0 0 2.129155158996582 501.5726013183594 174.27047729492188 528.6451416015625 216.5834503173828 0.89087194 1.8714383 0.8713568 -4.314833 1.9368217 32.534748 1.9973024129867554 0.46936166286468506
Cyclist 0.0 0 -3.1321029663085938 836.4461669921875 168.32762145996094 898.2449340820312 218.12222290039062 1.9005343 1.6036351 0.82418036 8.48595 1.4582214 23.947355 -2.791550636291504 0.8562129139900208
Car 0.0 0 -1.7813349962234497 746.8912963867188 177.5925750732422 875.9652099609375 263.5399475097656 4.2321186 1.4572802 1.6094757 3.838702 1.5677936 14.619467 -1.5245567560195923 0.9761170148849487
Car 0.0 0 2.6444904804229736 628.5795288085938 173.80198669433594 698.7732543945312 199.10377502441406 4.078179 1.5199893 1.6500281 3.3235655 1.5816319 45.052395 2.718128204345703 0.873062252998352
Car 0.0 0 -3.2318167686462402 810.6043090820312 166.30126953125 882.1200561523438 190.66064453125 4.2944446 1.5447124 1.6735634 15.3171625 1.1295388 47.046333 -2.9170639514923096 0.7108705639839172
Car 0.0 0 0.4267352521419525 369.2588195800781 179.2534637451172 434.5377197265625 204.02935791015625 3.54069 1.4772607 1.5806617 -12.871398 1.8823773 44.59467 0.14574122428894043 0.6770851016044617
Car 0.0 0 1.331346869468689 263.1498718261719 181.8083953857422 303.09222412109375 207.05836486816406 3.7561796 1.5742738 1.5880148 -21.961187 2.199065 48.346184 0.9049654006958008 0.310083270072937
Car 0.0 0 -3.4345526695251465 975.0997924804688 165.99642944335938 1058.1737060546875 190.5926971435547 4.1985636 1.4822942 1.6077989 25.10082 1.0693802 44.72061 -2.9230897426605225 0.2878444492816925
Car 0.0 0 -3.5841317176818848 1156.4765625 157.5365447998047 1242.0 187.40142822265625 3.7042212 1.7053943 1.6497319 34.658745 0.8310692 42.44471 -2.8993732929229736 0.26247328519821167
