Pedestrian 0.0 0 2.9266395568847656 307.96942138671875 160.18345642089844 332.7435302734375 196.6942138671875 1.0749149 1.8422047 0.5958758 -14.870969 1.2032515 36.9522 2.5440332889556885 0.19877710938453674
Pedestrian 0.0 0 -3.4817469120025635 950.93115234375 154.54087829589844 973.7175903320312 190.12184143066406 0.87670684 1.791386 0.64196277 17.875042 0.86973774 36.69277 -3.028428554534912 0.14314237236976624
Pedestrian 0.0 0 -1.9842495918273926 142.17398071289062 190.8245086669922 181.90933227539062 243.1793212890625 0.93874055 1.9339746 1.0082536 -17.29941 2.6437356 27.799475 -2.5408997535705566 0.13901622593402863
Cyclist 0.0 0 -1.491446614265442 412.4732971191406 183.7977294921875 424.53253173828125 212.93312072753906 1.8691387 1.7852849 0.5975066 -12.209988 2.4968264 45.913803 -1.751363754272461 0.5740206241607666
Cyclist 0.0 0 1.6787456274032593 441.79364013671875 168.9568328857422 453.10968017578125 197.10548400878906 1.6737204 1.8115444 0.548349 -10.679551 1.5610945 47.295425 1.4566649198532104 0.14692509174346924
Car 0.0 0 0.38904643058776855 225.9368438720703 193.7815399169922 412.9222412109375 254.37020874023438 4.5614824 1.5787383 1.7512165 -8.117821 2.1943064 20.312658 0.008847475051879883 0.8413824439048767
Car 0.0 0 0.10875869542360306 487.3121032714844 184.59605407714844 536.34765625 204.9460906982422 3.5718694 1.5078537 1.587313 -7.5178695 2.4213922 55.270782 -0.02643052488565445 0.6689021587371826
Car 0.0 0 -2.8064591884613037 756.3375244140625 165.2045135498047 805.446044921875 181.59555053710938 3.9794984 1.4391288 1.6880347 15.3938265 0.7678628 65.12898 -2.574359655380249 0.18273137509822845
Car 0.0 0 -0.39187192916870117 828.0908813476562 164.571044921875 891.9158935546875 184.38604736328125 4.313444 1.4917165 1.6566323 19.094522 0.8685148 55.27072 -0.059236079454422 0.15661823749542236
Car 0.0 0 -1.256651759147644 411.5773620605469 180.4191131591797 447.2184753417969 202.5798797607422 3.9301326 1.6848214 1.6591825 -14.557801 2.3170867 58.24908 -1.5015581846237183 0.14468204975128174
Car 0.0 0 1.7927874326705933 438.26947021484375 179.77467346191406 465.4297180175781 197.06689453125 3.8798556 1.4772751 1.581335 -14.261978 2.121108 65.14001 1.5772451162338257 0.13693860173225403
Car 0.0 0 -3.677861452102661 1019.054931640625 160.37051391601562 1134.1025390625 204.21591186523438 3.803357 1.8207847 1.6930283 19.852331 1.3027364 30.873701 -3.106410503387451 0.13572758436203003
