Pedestrian 0.0 0 -2.25484299659729 383.88787841796875 171.87637329101562 434.6630859375 245.1934814453125 0.9009828 1.8141447 0.88106376 -5.184043 1.7903125 18.470362 -2.5284712314605713 0.3508102297782898
Pedestrian 0.0 0 -0.9265297651290894 453.4395751953125 174.11520385742188 480.27947998046875 226.59689331054688 0.66932946 1.7994695 0.64786965 -5.041238 1.8446523 25.200035 -1.1239722967147827 0.30654966831207275
Cyclist 0.0 0 1.6761600971221924 565.0839233398438 167.74578857421875 598.4984130859375 246.11331176757812 1.7457204 1.8082958 0.6354692 -0.7152032 1.690784 17.537966 1.6354024410247803 0.9436048865318298
Cyclist 0.0 0 -2.004256010055542 997.81591796875 163.6961669921875 1118.59765625 334.69769287109375 1.708829 1.6575029 0.42307904 4.7583694 1.5690948 7.863611 -1.4600857496261597 0.40876057744026184
Car 0.0 0 -2.6066668033599854 22.941617965698242 176.93313598632812 346.0687561035156 271.46630859375 4.52016 1.4872957 1.6903177 -7.1183696 1.5620654 12.291863 -3.1315860748291016 0.9582151174545288
Car 0.0 0 -1.7339400053024292 718.0535278320312 185.4481964111328 861.0105590820312 303.5455322265625 3.3968484 1.4720004 1.5433015 2.5381315 1.6966593 11.105077 -1.5092434883117676 0.9455152153968811
Car 0.0 0 -1.937732219696045 782.4158325195312 183.19740295410156 1080.906005859375 375.0 2.4492822 1.5826241 1.448413 2.4101145 1.688128 6.1007347 -1.561497688293457 0.909821093082428
Car 0.0 0 1.5016193389892578 641.0839233398438 178.4016571044922 673.864013671875 204.14927673339844 3.9599595 1.4463886 1.6872376 2.775477 1.7954801 43.369656 1.5655280351638794 0.7682164311408997
Car 0.0 0 -1.378199815750122 509.5042419433594 179.980224609375 572.5537719726562 226.2943115234375 3.7890003 1.5363901 1.607747 -2.4983077 1.8179224 26.501993 -1.4721907377243042 0.7007972598075867
Car 0.0 0 1.7529761791229248 446.4059753417969 173.50888061523438 540.3063354492188 246.40333557128906 4.0119247 1.665678 1.6711506 -2.9184208 1.6847131 18.548306 1.5969139337539673 0.6765620112419128
