Pedestrian 0.0 0 -1.232056736946106 757.0059814453125 163.65786743164062 786.6029663085938 219.98609924316406 0.7826862 1.7573252 0.6997788 5.414621 1.2017963 22.926298 -1.0001314878463745 0.6303005218505859
Pedestrian 0.0 0 0.5696349143981934 529.8654174804688 175.65354919433594 546.0154418945312 205.58462524414062 0.7570227 1.7766514 0.6075021 -3.8041883 1.4303823 43.080887 0.48155999183654785 0.4033173620700836
Pedestrian 0.0 0 -2.954926013946533 561.1784057617188 180.51898193359375 576.5552978515625 211.1337432861328 0.778758 1.752587 0.6632352 -1.8781936 1.6972177 41.502716 -3.000149965286255 0.19464169442653656
Pedestrian 0.0 0 1.7095310688018799 498.952392578125 190.2422332763672 529.2899780273438 249.44790649414062 0.8637121 1.6871165 0.7718949 -2.5772216 1.9495997 21.034496 1.5876151323318481 0.19318147003650665
Pedestrian 0.0 0 2.7536470890045166 520.912109375 174.55776977539062 536.5316162109375 204.7010498046875 0.7496261 1.7269489 0.542435 -4.2078195 1.3300097 41.56723 2.652761459350586 0.1748742163181305
Pedestrian 0.0 0 0.4998764395713806 514.3518676757812 175.86624145507812 531.4892578125 206.1923828125 0.80800897 1.7739291 0.6221763 -4.637323 1.4451574 42.45803 0.3910863399505615 0.1739528775215149
Pedestrian 0.0 0 3.0580496788024902 571.4575805664062 174.70494079589844 583.2777099609375 198.9625244140625 0.86802846 1.8679866 0.5978711 -1.8457246 1.3452735 55.661133 3.024901866912842 0.17302334308624268
Pedestrian 0.0 0 -1.7413357496261597 696.058837890625 171.0802764892578 737.2481079101562 250.27345275878906 0.9189494 1.7642577 0.78426456 2.5926192 1.5333458 16.465437 -1.5851597785949707 0.169386088848114
Pedestrian 0.0 0 -1.7301857471466064 687.5379028320312 170.5972137451172 712.9417114257812 232.39234924316406 1.6317482 1.709702 0.46649185 2.802685 1.4092041 20.693146 -1.595564603805542 0.12316597253084183
Cyclist 0.0 0 -1.7403205633163452 686.1661987304688 171.89108276367188 712.3547973632812 234.52635192871094 1.634278 1.7302939 0.47215796 2.7703922 1.466001 20.666492 -1.607062578201294 0.5152060985565186
Cyclist 0.0 0 1.603325605392456 642.9403076171875 180.6051483154297 652.82666015625 207.48187255859375 1.7489077 1.8127294 0.6230377 3.208869 1.7530411 49.346878 1.668260931968689 0.18136940896511078
Car 0.0 0 1.8337846994400024 264.7099609375 151.2689971923828 490.333740234375 346.7473449707031 4.274419 1.9751512 1.6684388 -2.640463 1.6710575 9.401681 1.5599879026412964 0.39104989171028137
Car 0.0 0 2.323834180831909 0.0 0.0 359.22113037109375 374.0 4.502112 1.886537 1.7837992 -2.8914669 1.4547781 3.317378 1.6069262027740479 0.36062899231910706
Car 0.0 0 -1.64898681640625 639.5131225585938 179.5 665.7782592773438 202.13259887695312 3.7059042 1.5463142 1.5663533 3.6119761 1.4103243 50.93447 -1.5781911611557007 0.1666896492242813
Car 0.0 0 -1.5767749547958374 670.6631469726562 185.79673767089844 724.0809326171875 229.96807861328125 3.9945366 1.4847902 1.8178514 3.5156465 1.6577193 26.64533 -1.4455903768539429 0.1592734456062317
Car 0.0 0 -1.9504307508468628 615.225341796875 170.2400665283203 646.9656372070312 186.58055114746094 3.9939554 1.494314 1.6263899 2.8046982 0.46498194 67.841774 -1.909112572669983 0.15437199175357819
