Pedestrian 0.0 0 1.7283002138137817 428.5477600097656 149.77969360351562 459.84783935546875 222.69004821777344 0.8398997 1.8449671 0.6691445 -4.336056 1.2614393 18.697908 1.500427484512329 0.46635326743125916
Pedestrian 0.0 0 3.461400032043457 19.96015167236328 117.03246307373047 83.8235855102539 227.5982666015625 0.68741506 1.7893264 0.618647 -9.380854 0.8863042 12.080497 2.801135540008545 0.33672600984573364
Pedestrian 0.0 0 0.5985236763954163 93.37750244140625 145.77719116210938 231.2781219482422 333.697265625 0.9380218 1.7209347 0.62508166 -4.332704 1.4733287 6.9360757 0.04016733169555664 0.13050393760204315
Pedestrian 0.0 0 -2.6240642070770264 795.5107421875 120.31359100341797 867.0560302734375 205.3778076171875 1.4355477 1.794004 0.5258942 4.815069 0.6862846 15.916056 -2.330288887023926 0.11568734794855118
Cyclist 0.0 0 -2.4919729232788086 788.0180053710938 120.41630554199219 865.174072265625 206.07492065429688 1.6682191 1.8049619 0.5122386 4.7334156 0.7003749 16.02493 -2.204761505126953 0.3236294984817505
Cyclist 0.0 0 1.7371211051940918 427.9530029296875 149.7956085205078 460.5328369140625 223.10958862304688 0.9218261 1.8515662 0.68200517 -4.334305 1.2695779 18.700878 1.5093721151351929 0.15922297537326813
Cyclist 0.0 0 -1.1183279752731323 0.0 83.92459869384766 132.93304443359375 322.4266662597656 1.8044032 1.7301207 0.5953 -4.864333 1.0853747 6.1762686 -1.7854524850845337 0.1372435837984085
Cyclist 0.0 0 -1.1745824813842773 0.0 110.03642272949219 67.95523834228516 268.2869567871094 1.6424491 1.6787884 0.64221233 -7.1867228 1.012751 8.531309 -1.8746442794799805 0.10035813599824905
Car 0.0 0 -1.8890150785446167 739.9844970703125 171.95130920410156 935.5660400390625 295.3696594238281 3.631042 1.5436736 1.6847292 3.1367066 1.532741 10.867609 -1.6080228090286255 0.924557089805603
Car 0.0 0 1.9963743686676025 643.6012573242188 171.90280151367188 692.6451416015625 199.48907470703125 4.1517324 1.7427353 1.6747602 3.868075 1.6830026 47.801235 2.077118396759033 0.11559226363897324
