Pedestrian 0.0 0 -0.5868239998817444 970.200927734375 161.62159729003906 1091.466064453125 327.149658203125 1.035448 1.8098762 0.59903526 4.718425 1.6874194 8.219372 -0.0656953677535057 0.28076955676078796
Cyclist 0.0 0 -1.7966262102127075 715.4559936523438 152.2601776123047 731.4030151367188 187.84756469726562 1.6582818 1.7303357 0.4208267 5.6006713 0.7293777 35.921978 -1.641959309577942 0.47564736008644104
Cyclist 0.0 0 -0.5742283463478088 968.3316650390625 160.9113311767578 1095.1756591796875 328.44598388671875 1.0956885 1.8334217 0.6058062 4.7301326 1.7030845 8.224557 -0.05230160802602768 0.10411436855792999
Car 0.0 0 3.6279726028442383 0.0 181.05442810058594 332.2040100097656 304.4451599121094 3.9957821 1.4217044 1.5683019 -5.9558206 1.5393434 9.376176 3.0620665550231934 0.941206157207489
Car 0.0 0 1.6436386108398438 503.8944091796875 176.26455688476562 565.2462768554688 226.8856201171875 4.2698717 1.3930926 1.5739926 -2.2862327 1.5090752 22.301737 1.541481852531433 0.9053646326065063
Car 0.0 0 1.7421563863754272 547.0386962890625 169.54400634765625 599.1027221679688 206.030517578125 4.371147 1.5793145 1.6920887 -1.6795639 1.4363999 33.500805 1.692063331604004 0.771852433681488
Car 0.0 0 1.6667687892913818 526.19482421875 163.34117126464844 579.2830200195312 213.1642303466797 4.177741 1.800807 1.6722702 -2.202939 1.4573327 28.180092 1.5887538194656372 0.5372743010520935
Car 0.0 0 1.761016607284546 385.50225830078125 157.9847412109375 522.0951538085938 275.4608154296875 4.208153 1.8575824 1.6999425 -2.779125 1.6228211 13.521052 1.5582993030548096 0.5327633023262024
Car 0.0 0 -1.7933915853500366 707.1090087890625 168.65463256835938 844.3902587890625 281.19964599609375 3.8054266 1.765374 1.5948864 2.8077102 1.6998606 13.228516 -1.584248423576355 0.48825156688690186
Car 0.0 0 -0.5621810555458069 602.9732666015625 169.1671600341797 659.9332275390625 194.9446258544922 3.234655 1.5562096 1.534254 1.3132516 1.3339893 45.039703 -0.5330316424369812 0.379966676235199
