Pedestrian 0.0 0 1.2939326763153076 804.16259765625 169.19998168945312 826.3502197265625 206.70492553710938 1.8622954 1.8106967 0.5671498 10.1222 1.6346427 35.76372 1.5697487592697144 0.31143447756767273
Pedestrian 0.0 0 1.4573720693588257 645.6511840820312 164.02345275878906 659.1685180664062 199.2119140625 0.69911903 1.8031485 0.62212193 2.1545753 1.3510066 37.337105 1.5150141716003418 0.22762174904346466
Pedestrian 0.0 0 0.7951343059539795 286.2171630859375 167.6078643798828 327.4606628417969 224.72068786621094 0.89860684 1.8854425 0.9214635 -10.297292 1.7126119 24.415472 0.39601731300354004 0.1659650355577469
Pedestrian 0.0 0 1.030294418334961 308.6309509277344 171.45603942871094 346.27435302734375 223.9082489013672 0.9607291 1.850673 0.90212154 -10.266028 1.8017062 26.105679 0.6556215286254883 0.15055276453495026
Pedestrian 0.0 0 -2.881204128265381 547.2489624023438 169.33859252929688 559.4652099609375 206.0398406982422 0.43009782 1.7659644 0.6903393 -2.791063 1.5971706 35.093937 -2.9605681896209717 0.11947034299373627
Pedestrian 0.0 0 1.0607779026031494 369.8126525878906 164.64869689941406 389.1167907714844 203.01031494140625 0.759337 1.79003 0.5715238 -10.946411 1.407512 34.133575 0.750446081161499 0.11402036994695663
Pedestrian 0.0 0 1.5917574167251587 177.66921997070312 171.2321014404297 220.80059814453125 255.8317108154297 0.8613949 1.7469127 0.7840708 -8.839555 1.7137794 15.462117 1.072413444519043 0.10413002222776413
Pedestrian 0.0 0 0.3383523225784302 271.0931396484375 164.56454467773438 312.6825866699219 227.56874084472656 0.9373057 1.8287959 0.73081934 -9.445735 1.5885395 21.341974 -0.07832201570272446 0.10244821012020111
Cyclist 0.0 0 1.2939326763153076 804.16259765625 169.19998168945312 826.3502197265625 206.70492553710938 1.8622954 1.8106967 0.5671498 10.1222 1.6346427 35.76372 1.5697487592697144 0.6004059910774231
Car 0.0 0 1.7931129932403564 504.8619689941406 179.31898498535156 580.5889892578125 229.1324005126953 3.8505003 1.4402248 1.6316319 -2.132781 1.6683077 23.397362 1.70220947265625 0.935366690158844
Car 0.0 0 1.6553531885147095 582.5996704101562 175.732666015625 617.5087280273438 203.34866333007812 3.7685235 1.4268271 1.605593 -0.53768444 1.5929781 39.616875 1.6417819261550903 0.8549509048461914
Car 0.0 0 1.595863938331604 707.3902587890625 186.1127166748047 734.747802734375 211.3408660888672 3.6556602 1.4160202 1.5776033 6.8449807 2.2692556 44.47225 1.7485812902450562 0.12936876714229584
