Pedestrian 0.0 0 0.06390424072742462 718.7218627929688 189.4560546875 741.7254028320312 235.5137481689453 0.8274612 1.7153293 0.67982787 4.5600224 2.3605764 27.600084 0.22764277458190918 0.4096527397632599
Pedestrian 0.0 0 0.6080247163772583 409.3824157714844 166.92147827148438 442.8313903808594 228.50430297851562 0.76378214 1.8351637 0.62764966 -5.631658 1.6587328 21.92642 0.3566155433654785 0.22456277906894684
Pedestrian 0.0 0 -0.11683222651481628 709.5938720703125 186.4273223876953 726.6030883789062 227.5831298828125 0.67037594 1.7866783 0.65489763 4.7323985 2.393176 31.88121 0.030530214309692383 0.18999840319156647
Pedestrian 0.0 0 -1.725855827331543 1202.0870361328125 180.3282470703125 1242.0 261.9151306152344 0.94116807 1.9126058 1.0096717 15.20571 2.1032393 17.69987 -1.0161104202270508 0.16511988639831543
Pedestrian 0.0 0 -0.4349876642227173 846.2234497070312 188.20774841308594 888.4486694335938 231.10804748535156 1.655818 1.8724798 0.6451322 11.428595 2.5660207 32.174286 -0.09367991983890533 0.12524239718914032
Cyclist 0.0 0 -0.36813750863075256 842.49462890625 188.82359313964844 887.537353515625 229.71055603027344 1.7694254 1.7852705 0.6695247 11.312288 2.5051353 32.145046 -0.029758695513010025 0.285970002412796
Cyclist 0.0 0 -2.380066156387329 878.2652587890625 177.0423583984375 920.4561157226562 221.2474365234375 1.6738464 1.7841128 0.61510897 12.042716 1.9648111 30.175877 -2.000349521636963 0.28180763125419617
Cyclist 0.0 0 0.15308816730976105 716.7510375976562 190.86048889160156 741.905517578125 237.02989196777344 0.8517906 1.7123736 0.7111562 4.5247703 2.4131944 27.59529 0.3156108856201172 0.13654717803001404
Car 0.0 0 1.6818464994430542 534.9497680664062 201.42652893066406 580.862060546875 239.0418701171875 4.4179506 1.4535185 1.6471547 -2.3906186 2.8701339 33.521744 1.6106516122817993 0.924082338809967
Car 0.0 0 2.0222232341766357 1125.3104248046875 168.5064239501953 1242.0 254.79563903808594 3.8795242 1.6305858 1.6975707 12.914018 1.5487885 15.190512 2.726796865463257 0.18635627627372742
