Pedestrian 0.0 0 -0.15788735449314117 732.9677124023438 159.19180297851562 766.4583740234375 222.8020782470703 0.8403778 1.7858375 0.68378365 3.9355824 1.402634 20.608864 0.030806303024291992 0.39810726046562195
Pedestrian 0.0 0 -3.4185738563537598 839.7846069335938 157.5662841796875 893.1294555664062 235.58419799804688 1.0472358 1.788181 0.6101292 5.935674 1.4381425 16.871569 -3.0802829265594482 0.11084393411874771
Pedestrian 0.0 0 0.14099551737308502 731.6016845703125 130.25413513183594 786.8370971679688 233.9790802001953 0.8711905 1.7306298 0.4977899 2.5194793 1.0202174 12.416268 0.34119486808776855 0.10602256655693054
Pedestrian 0.0 0 -3.292323350906372 825.0882568359375 137.17674255371094 875.7069702148438 213.83401489257812 1.078665 1.8350827 0.73970675 5.8413367 0.98137045 17.724646 -2.9739725589752197 0.10420361906290054
Cyclist 0.0 0 1.8144242763519287 397.60247802734375 165.38014221191406 457.4200134277344 270.8074035644531 1.8581567 1.7978041 0.63701135 -3.360473 1.6707134 13.231999 1.5657167434692383 0.9710304737091064
Cyclist 0.0 0 -3.292617082595825 730.586669921875 159.48309326171875 768.2181396484375 222.89187622070312 0.95958847 1.7783866 0.6939596 3.9233963 1.4037392 20.598354 -3.104400157928467 0.13421012461185455
Cyclist 0.0 0 -1.256471872329712 401.6920166015625 156.02195739746094 426.3913879394531 198.2471160888672 1.7586007 1.7474798 0.49884674 -8.377735 1.0512469 30.748274 -1.5224769115447998 0.11122961342334747
Car 0.0 0 1.7919718027114868 461.7890319824219 175.77435302734375 523.4625244140625 212.81170654296875 4.3110933 1.4740928 1.7312663 -5.037771 1.6099342 31.266851 1.6322228908538818 0.9511836171150208
Car 0.0 0 1.941631555557251 191.21913146972656 182.96987915039062 394.00885009765625 292.54345703125 4.537286 1.5206678 1.6825708 -5.3281045 1.7315397 12.723087 1.5450457334518433 0.8213557600975037
Car 0.0 0 -1.5841249227523804 653.2848510742188 167.60594177246094 693.7919921875 204.0369110107422 3.851282 1.584767 1.7589791 2.8663485 1.3568319 33.36872 -1.4984359741210938 0.8068333864212036
Car 0.0 0 -1.414697289466858 669.0601196289062 166.70872497558594 705.90625 195.92649841308594 3.7214296 1.676027 1.6464443 4.6676855 1.3238726 43.397854 -1.3075535297393799 0.10148635506629944
