Pedestrian 0.0 0 1.872159481048584 319.7317810058594 176.44277954101562 356.3367004394531 237.2933807373047 0.98938495 1.6957713 0.7224743 -7.830509 1.8015726 20.68139 1.5102137327194214 0.5425397157669067
Pedestrian 0.0 0 -1.7629570960998535 826.6380615234375 170.26309204101562 856.3265380859375 218.993896484375 0.9401944 1.8447498 0.9261709 8.876483 1.7470263 27.83249 -1.4542293548583984 0.19063115119934082
Pedestrian 0.0 0 -0.4285848140716553 819.3322143554688 140.5720977783203 845.7429809570312 185.61463928222656 0.86870253 1.9012803 0.6941764 9.470822 0.53899455 30.854675 -0.13076472282409668 0.1762244999408722
Pedestrian 0.0 0 -1.8230918645858765 939.8313598632812 163.9501190185547 981.9765625 229.004150390625 0.95134073 1.836255 0.88721657 10.110831 1.5852865 20.91744 -1.372837781906128 0.16473263502120972
Pedestrian 0.0 0 1.8212659358978271 390.84771728515625 177.4684295654297 420.4598083496094 233.34515380859375 0.9334274 1.7907999 0.72799146 -6.7419186 1.9456425 23.676933 1.5438613891601562 0.11684920638799667
Pedestrian 0.0 0 -0.9844834208488464 112.7959976196289 188.62306213378906 158.47781372070312 248.3456268310547 0.87762046 1.8561097 0.8848184 -15.2170515 2.3708878 23.094872 -1.5670850276947021 0.10715945065021515
Cyclist 0.0 0 -1.266400933265686 496.74560546875 165.2425537109375 514.1007080078125 194.05935668945312 1.8977963 1.8408083 0.58023465 -6.8431973 1.3549489 47.071873 -1.4107671976089478 0.5478826761245728
Cyclist 0.0 0 1.8639410734176636 319.7688903808594 176.86404418945312 355.7516174316406 239.28448486328125 0.9691434 1.7365398 0.71549237 -7.824645 1.8544681 20.643887 1.5016422271728516 0.15833981335163116
Cyclist 0.0 0 -1.814453363418579 808.2369995117188 170.87188720703125 828.11279296875 212.09710693359375 1.5811712 1.6404921 0.40835798 8.461227 1.5619752 29.507046 -1.5351938009262085 0.13485421240329742
Car 0.0 0 1.999464511871338 169.63238525390625 184.65603637695312 220.0788116455078 209.20819091796875 4.039179 1.6496415 1.6574188 -30.203989 2.5440948 52.571636 1.4779833555221558 0.24510279297828674
Car 0.0 0 2.051445960998535 167.00729370117188 191.25807189941406 251.94342041015625 228.80291748046875 3.5186281 1.4335213 1.7704667 -17.186073 2.2719312 31.072811 1.5462331771850586 0.14295963943004608
Car 0.0 0 2.0120770931243896 463.6027526855469 159.9774169921875 515.255126953125 189.31455993652344 4.200147 1.8360331 1.7184536 -7.8895693 1.0305239 47.408752 1.847172498703003 0.11777608096599579
