Pedestrian 0.0 0 -2.7969765663146973 1035.9716796875 198.9272918701172 1175.494140625 375.0 0.98343784 1.7652713 0.7750767 5.0370398 2.0569293 7.4328823 -2.201395034790039 0.5172591805458069
Pedestrian 0.0 0 0.638910174369812 256.96038818359375 183.93231201171875 282.3312072753906 223.35568237304688 0.92648816 1.9659605 0.7086907 -17.328642 2.5360122 36.663464 0.1973886489868164 0.15571476519107819
Pedestrian 0.0 0 -1.7337427139282227 742.2466430664062 176.14459228515625 772.0347290039062 241.0068359375 0.9927656 1.7366079 0.6485695 3.9953344 1.8299317 19.874607 -1.5353597402572632 0.13493479788303375
Pedestrian 0.0 0 -2.096675395965576 1082.8975830078125 99.38566589355469 1242.0 286.1167297363281 1.6896709 1.8114821 0.68185866 5.9239554 1.0991222 7.876239 -1.451812505722046 0.11598683893680573
Cyclist 0.0 0 -0.9977079629898071 354.6009521484375 171.6077117919922 376.4676208496094 198.32948303222656 1.8573306 1.8675127 0.5586835 -17.429121 1.7807709 51.39234 -1.3246740102767944 0.17700783908367157
Cyclist 0.0 0 -2.762237071990967 1039.7841796875 211.34716796875 1181.5989990234375 375.0 0.98330593 1.7608377 0.7562297 5.044951 2.1878176 7.375136 -2.162297248840332 0.16202400624752045
Cyclist 0.0 0 -2.123729705810547 1100.6396484375 98.09989166259766 1242.0 281.01318359375 1.673092 1.7872932 0.68495816 6.170646 1.0572093 7.916465 -1.4616329669952393 0.15077638626098633
Cyclist 0.0 0 1.504595398902893 689.8071899414062 179.1516571044922 704.28369140625 214.9218292236328 1.7017671 1.7426678 0.60915303 4.3355856 2.0676105 36.320023 1.6234049797058105 0.12811478972434998
Car 0.0 0 1.729481816291809 460.43353271484375 181.81045532226562 498.7601623535156 209.44358825683594 4.189631 1.5508115 1.6578947 -7.9240823 2.123201 43.969864 1.5511794090270996 0.7570248246192932
Car 0.0 0 1.6355335712432861 505.7018737792969 182.5828857421875 526.105224609375 199.2762451171875 4.061109 1.4519405 1.6285851 -8.760761 2.3872275 67.25682 1.5060045719146729 0.4563952088356018
Car 0.0 0 2.037899971008301 76.70055389404297 198.62890625 167.6811065673828 241.1580352783203 3.5037723 1.4562575 1.5965953 -19.378645 2.5500972 28.76985 1.4451301097869873 0.13435643911361694
