Pedestrian 0.0 0 -0.7750903964042664 1120.893310546875 126.22697448730469 1242.0 272.6075439453125 1.1163478 1.8373587 0.67222947 7.423404 1.2524574 9.448873 -0.10916761308908463 0.2689357399940491
Pedestrian 0.0 0 1.327480435371399 728.3505249023438 154.87640380859375 747.429931640625 199.561279296875 0.74290323 1.7533785 0.58423555 5.0405765 1.0483183 28.700327 1.5013352632522583 0.24501855671405792
Pedestrian 0.0 0 1.5204663276672363 518.27294921875 181.64492797851562 528.478515625 207.0621337890625 1.1965107 1.6644934 0.61794007 -5.8372707 2.2615964 48.33461 1.400280475616455 0.14898277819156647
Cyclist 0.0 0 -1.954827904701233 840.6412963867188 186.632568359375 894.3467407226562 278.2071533203125 1.3304287 1.4626346 0.39283696 4.348796 1.712664 12.398072 -1.617472767829895 0.8320418000221252
Cyclist 0.0 0 1.5204663276672363 518.27294921875 181.64492797851562 528.478515625 207.0621337890625 1.1965107 1.6644934 0.61794007 -5.8372707 2.2615964 48.33461 1.400280475616455 0.25037553906440735
Cyclist 0.0 0 1.6284343004226685 492.1605529785156 185.39918518066406 504.62567138671875 218.23849487304688 1.4536203 1.6603291 0.564661 -5.877856 2.3310366 37.801815 1.4741781949996948 0.21250154078006744
Car 0.0 0 -1.78597092628479 698.8600463867188 175.09536743164062 849.4636840820312 287.3694763183594 3.6240969 1.608695 1.69342 2.542331 1.6527047 12.2289295 -1.5809959173202515 0.964982271194458
Car 0.0 0 1.7883857488632202 362.4788513183594 185.24497985839844 503.7225646972656 294.17755126953125 3.4093978 1.4747193 1.5322803 -2.7957165 1.7084306 11.870581 1.5570844411849976 0.9581394791603088
Car 0.0 0 1.7045021057128906 525.5675659179688 179.13050842285156 569.3614501953125 211.2215576171875 4.239439 1.4859672 1.6511093 -3.1303022 1.8218198 36.408394 1.6187355518341064 0.908513069152832
Car 0.0 0 -1.7126575708389282 677.6866455078125 182.8527374267578 763.2593383789062 255.72879028320312 3.3151038 1.4855888 1.4900993 2.4277163 1.7420497 16.819706 -1.569309949874878 0.8019999861717224
Car 0.0 0 -1.7440563440322876 653.9641723632812 171.70294189453125 734.49169921875 234.93704223632812 4.3752747 1.753557 1.7055314 2.4319618 1.7219945 22.244308 -1.6351592540740967 0.5818376541137695
Car 0.0 0 -1.6714777946472168 642.897705078125 172.64390563964844 687.3762817382812 210.18040466308594 4.549647 1.7731776 1.7725292 2.673253 1.7636116 36.380005 -1.5981281995773315 0.29602310061454773
