Pedestrian 0.0 0 2.7746031284332275 650.9195556640625 166.80735778808594 673.9853515625 200.05865478515625 1.1516864 1.8322213 0.5755572 2.8854291 1.4993961 40.198547 2.846259593963623 0.44342154264450073
Pedestrian 0.0 0 0.1996791660785675 572.9611206054688 169.2079315185547 582.7567138671875 191.82034301757812 0.69929475 1.8383318 0.5809639 -2.6504087 1.5422736 58.997368 0.15478515625 0.2686792314052582
Cyclist 0.0 0 2.133270025253296 128.73367309570312 182.71002197265625 154.51576232910156 211.1366424560547 1.5919029 1.6896676 0.56531304 -28.737696 2.3052852 44.239456 1.5571801662445068 0.23921753466129303
Cyclist 0.0 0 2.7482857704162598 651.0143432617188 165.59584045410156 673.6766967773438 198.8285369873047 1.1210103 1.8306586 0.58369017 2.8795948 1.4311928 40.198055 2.819798707962036 0.1162506639957428
Car 0.0 0 2.311033248901367 125.14360046386719 183.38658142089844 231.23121643066406 221.62701416015625 4.0242844 1.4736991 1.6385406 -18.531694 1.9594955 31.116356 1.7738840579986572 0.8632218837738037
Car 0.0 0 2.7066471576690674 325.960205078125 176.28048706054688 403.7239074707031 205.8078155517578 3.9164302 1.6047783 1.6515198 -14.133963 1.8120275 41.61413 2.379228353500366 0.7072688341140747
Car 0.0 0 3.060227632522583 466.9285888671875 174.68064880371094 530.305908203125 196.1214141845703 4.420418 1.5091658 1.6915525 -8.123035 1.6454479 52.350334 2.9062883853912354 0.5259125232696533
Car 0.0 0 2.5778582096099854 272.8841552734375 180.4591827392578 347.8409729003906 205.31517028808594 4.258164 1.4885206 1.6666898 -19.396122 2.0054467 46.7861 2.184854745864868 0.4474221169948578
Car 0.0 0 -1.783099889755249 808.5100708007812 168.61764526367188 836.258056640625 187.010009765625 3.9294577 1.6344832 1.6438076 19.410206 1.2583662 66.13803 -1.4976351261138916 0.2977331280708313
Car 0.0 0 -3.376567840576172 754.9925537109375 177.043212890625 823.4725341796875 203.90765380859375 3.5679693 1.5153259 1.6134824 10.30355 1.7629752 41.771004 -3.134728193283081 0.2954987585544586
Car 0.0 0 -1.8339029550552368 836.1218872070312 169.45553588867188 864.4505615234375 185.9917449951172 3.6456673 1.4893469 1.5924171 22.207241 1.1836185 66.848816 -1.513171911239624 0.2555557191371918
