Pedestrian 0.0 0 1.1521849632263184 907.840087890625 157.519775390625 985.2178955078125 280.81982421875 0.85089415 1.6914737 0.7163572 4.7404313 1.4814712 10.325204 1.5825910568237305 0.7676132917404175
Pedestrian 0.0 0 1.5740233659744263 532.0065307617188 175.87840270996094 555.0538330078125 233.8334197998047 0.74395126 1.7368158 0.6901422 -2.0785217 1.8313532 22.064167 1.4800970554351807 0.5046485662460327
Pedestrian 0.0 0 -1.1237828731536865 314.609375 154.9984893798828 335.0126953125 193.32278442382812 0.91988665 1.9699386 0.65569305 -14.880376 1.0524908 37.567333 -1.500921607017517 0.17652668058872223
Pedestrian 0.0 0 -2.462900400161743 490.5907897949219 150.19598388671875 552.1505737304688 234.22940063476562 1.168831 1.7488915 0.65406513 -1.9679871 1.277694 15.599108 -2.58839750289917 0.17466875910758972
Cyclist 0.0 0 -0.31376299262046814 379.0831604003906 178.15992736816406 409.4739990234375 206.24957275390625 1.7963233 1.789142 0.61119676 -14.079756 2.1407804 47.004856 -0.6047961711883545 0.2705143094062805
Cyclist 0.0 0 -2.462900400161743 490.5907897949219 150.19598388671875 552.1505737304688 234.22940063476562 1.168831 1.7488915 0.65406513 -1.9679871 1.277694 15.599108 -2.58839750289917 0.13169944286346436
Car 0.0 0 1.8086042404174805 177.62445068359375 190.38702392578125 386.6619873046875 329.3697814941406 4.0209994 1.401465 1.6464405 -4.2588773 1.6946259 9.92741 1.4033489227294922 0.9596697688102722
Car 0.0 0 2.599480390548706 624.7554931640625 174.8008575439453 730.3781127929688 208.3202362060547 4.8535643 1.5190148 1.7628344 3.2355268 1.6181511 34.75816 2.6922998428344727 0.8051557540893555
Car 0.0 0 0.32397598028182983 263.27960205078125 176.36082458496094 410.0373840332031 224.59523010253906 4.361651 1.5732789 1.716656 -9.271824 1.6977922 24.60528 -0.03639155626296997 0.7998642921447754
Car 0.0 0 2.4291226863861084 471.7076721191406 177.08387756347656 573.8411254882812 214.99612426757812 4.326624 1.4958243 1.679849 -3.729279 1.6912842 31.113195 2.3098301887512207 0.7517486810684204
Car 0.0 0 0.017975270748138428 822.2039794921875 180.68275451660156 922.7943725585938 218.14944458007812 3.8704724 1.4670483 1.610203 10.946072 1.8117896 30.294992 0.36469554901123047 0.1761762648820877
