Pedestrian 0.0 0 -1.8055086135864258 703.259765625 160.79400634765625 765.735107421875 270.2253723144531 1.0666553 1.757512 0.8022105 2.1755488 1.4262587 12.089321 -1.627458095550537 0.9073638916015625
Pedestrian 0.0 0 -1.4337033033370972 495.5711975097656 170.61697387695312 518.7830200195312 218.56797790527344 0.92345935 1.7794658 0.75150007 -3.571661 1.3766325 27.11888 -1.5646535158157349 0.7775114178657532
Pedestrian 0.0 0 -1.4586031436920166 372.8863525390625 161.50355529785156 423.4118957519531 268.09515380859375 0.9084588 1.640985 0.6883609 -3.2976267 1.33444 11.560971 -1.7364622354507446 0.7293121218681335
Pedestrian 0.0 0 -1.6620724201202393 748.7815551757812 168.69546508789062 770.0878295898438 221.749267578125 0.8205026 1.6877327 0.6002857 5.0915093 1.2814999 23.293062 -1.446872353553772 0.6659348607063293
Pedestrian 0.0 0 -1.6420512199401855 659.0146484375 160.96786499023438 708.4276123046875 266.9208679199219 0.89993 1.6849545 0.7448054 1.3032994 1.3597304 11.884734 -1.5328260660171509 0.658450186252594
Pedestrian 0.0 0 2.916449785232544 732.0035400390625 163.16539001464844 761.6058959960938 216.046875 0.90865844 1.8222615 0.55865294 5.039488 1.191532 25.04203 3.1150383949279785 0.5358040928840637
Pedestrian 0.0 0 1.928011417388916 258.373046875 171.5872039794922 302.9388732910156 251.04571533203125 0.8172311 1.7958887 0.70456475 -7.4644194 1.5730575 16.663187 1.5068563222885132 0.4676499664783478
Pedestrian 0.0 0 1.518110752105713 708.38427734375 164.0428009033203 728.9442749023438 218.13319396972656 0.82067996 1.7595011 0.6279275 3.8540056 1.1927305 23.805777 1.6786118745803833 0.38462039828300476
Pedestrian 0.0 0 -0.31122779846191406 757.3966064453125 149.97708129882812 794.1207885742188 212.5548553466797 0.89963335 1.7973336 0.6006595 5.051647 0.89308447 20.96219 -0.07474836707115173 0.37389999628067017
Pedestrian 0.0 0 1.4185678958892822 773.31689453125 154.03738403320312 801.801513671875 218.51754760742188 0.8003829 1.766532 0.6557314 5.171747 1.0153075 20.108051 1.6703094244003296 0.3199456036090851
Pedestrian 0.0 0 3.0976779460906982 579.9064331054688 173.9927215576172 592.0980834960938 196.6822052001953 0.9707106 1.8401172 0.5303106 -1.2344501 1.2317759 58.550488 3.0765974521636963 0.2914319336414337
Pedestrian 0.0 0 3.077115535736084 165.1351318359375 182.40499877929688 181.07257080078125 207.62571716308594 0.98899645 1.8599943 0.5100286 -31.882944 1.928587 53.49855 2.539672613143921 0.2795555293560028
Pedestrian 0.0 0 -0.8651663661003113 208.54132080078125 160.84413146972656 275.0380554199219 225.56039428710938 1.7696323 1.7196597 0.6726578 -10.021587 1.1719513 20.024782 -1.3291813135147095 0.1239914670586586
Cyclist 0.0 0 1.7403939962387085 581.6670532226562 170.6233673095703 614.5669555664062 223.026611328125 1.714528 1.669843 0.81519634 -0.11721807 1.3243572 23.7998 1.735468864440918 0.9305473566055298
Cyclist 0.0 0 1.8120211362838745 522.7490844726562 166.38619995117188 565.4776611328125 244.19589233398438 1.763289 1.7813574 0.630021 -1.3958832 1.436556 17.363527 1.731801986694336 0.9083696007728577
Cyclist 0.0 0 1.5764007568359375 548.683837890625 169.79934692382812 566.007080078125 217.8780059814453 1.7686871 1.6714288 0.6015642 -1.606843 1.2657269 25.869812 1.5143678188323975 0.8242967128753662
Cyclist 0.0 0 -0.8651663661003113 208.54132080078125 160.84413146972656 275.0380554199219 225.56039428710938 1.7696323 1.7196597 0.6726578 -10.021587 1.1719513 20.024782 -1.3291813135147095 0.30117282271385193
Cyclist 0.0 0 -1.1980968713760376 414.1947326660156 181.19471740722656 435.9300231933594 218.1390380859375 1.5197357 1.5715095 0.39685693 -7.6969028 1.5594945 31.332737 -1.4389777183532715 0.29075926542282104
Car 0.0 0 1.570448637008667 552.78369140625 172.8773956298828 577.9627685546875 199.01321411132812 3.8133786 1.6777165 1.6158097 -2.4047415 1.1249187 48.053852 1.5204477310180664 0.34402716159820557
Car 0.0 0 0.8095153570175171 407.7792053222656 183.1864013671875 510.4661865234375 223.70132446289062 4.260076 1.5545638 1.6726019 -5.9250603 1.6295564 29.626133 0.6121251583099365 0.32746341824531555
Car 0.0 0 0.3180645704269409 0.0 0.0 1238.0 374.0 3.8859694 1.5094794 1.5970252 2.640113 1.4039248 1.2474802 1.4474459886550903 0.28952956199645996
Car 0.0 0 -1.6707613468170166 668.966796875 175.93154907226562 700.7520751953125 200.98638916015625 3.6889126 1.5104705 1.61691 5.2098756 1.1755214 45.159634 -1.5559033155441284 0.2570946514606476
