Pedestrian 0.0 0 -1.321470022201538 329.08245849609375 200.4071807861328 398.6279602050781 342.408935546875 0.9000719 1.6001644 0.59777135 -2.9499962 1.856539 8.568161 -1.6530556678771973 0.2386598140001297
Pedestrian 0.0 0 -1.4332038164138794 466.81353759765625 186.67755126953125 494.9263916015625 254.07583618164062 0.83026695 1.6206185 0.5794596 -3.102456 1.7788745 17.500084 -1.6086632013320923 0.22185753285884857
Pedestrian 0.0 0 3.2108423709869385 493.0594177246094 171.9500732421875 512.250732421875 209.38333129882812 0.88902485 1.8159372 0.65416354 -5.027466 1.4026079 34.654312 3.066772699356079 0.21231594681739807
Pedestrian 0.0 0 -1.4036660194396973 438.5426940917969 190.3844757080078 475.3946228027344 272.00689697265625 0.9309247 1.6119702 0.59891987 -3.076742 1.8237634 14.5515785 -1.6120340824127197 0.1962197870016098
Pedestrian 0.0 0 -1.4781553745269775 480.03387451171875 182.04986572265625 502.62762451171875 237.8391571044922 0.8033577 1.5899575 0.5799739 -3.3378243 1.6375854 20.589186 -1.638872504234314 0.19226931035518646
Pedestrian 0.0 0 0.72651207447052 1099.8468017578125 55.786014556884766 1224.0 331.3122253417969 0.8074177 1.8690321 0.683156 4.263444 1.0247501 5.244731 1.4090697765350342 0.14947113394737244
Pedestrian 0.0 0 -0.09561344981193542 171.4322052001953 211.2098846435547 310.2535400390625 370.0 0.92547315 1.5896682 0.6040381 -2.9532673 1.8579233 5.6259885 -0.5790079832077026 0.1446712613105774
Pedestrian 0.0 0 2.7536721229553223 539.6439819335938 163.08297729492188 595.7520141601562 220.39466857910156 1.6840158 1.7798469 0.61321 -1.2198714 1.2405059 22.590061 2.6997241973876953 0.13187667727470398
Pedestrian 0.0 0 -3.0972766876220703 640.0625 155.03359985351562 649.9603271484375 182.33116149902344 0.70128846 1.9956574 0.6143138 2.9534552 0.13514961 52.02657 -3.040569305419922 0.13140533864498138
Pedestrian 0.0 0 -1.2565070390701294 395.664306640625 183.94989013671875 452.9630432128906 289.1783752441406 0.96789974 1.6638923 0.65556943 -3.0205677 1.7251606 11.711241 -1.5089261531829834 0.11028856039047241
Pedestrian 0.0 0 2.6558616161346436 766.0775146484375 131.95083618164062 817.6778564453125 215.8817901611328 0.92496926 1.8369944 0.64838886 4.1540074 0.77601594 15.891297 2.9115419387817383 0.10585029423236847
Cyclist 0.0 0 2.7536721229553223 539.6439819335938 163.08297729492188 595.7520141601562 220.39466857910156 1.6840158 1.7798469 0.61321 -1.2198714 1.2405059 22.590061 2.6997241973876953 0.313283234834671
Cyclist 0.0 0 -1.4136128425598145 438.8100891113281 192.02239990234375 477.030029296875 271.67254638671875 0.9798826 1.5795928 0.63388634 -3.0800378 1.8285626 14.668132 -1.6205874681472778 0.15653149783611298
Cyclist 0.0 0 -0.9282898902893066 184.98056030273438 210.8149871826172 321.900634765625 370.0 0.93929785 1.5303516 0.5110901 -2.7944949 1.793681 5.5894117 -1.3919073343276978 0.15476711094379425
Cyclist 0.0 0 -1.4582152366638184 468.4142761230469 184.22373962402344 493.1849060058594 248.79981994628906 0.8475291 1.5639045 0.5182689 -3.1238134 1.6605704 17.608158 -1.6337956190109253 0.14582021534442902
Cyclist 0.0 0 -1.380852460861206 142.41307067871094 149.28378295898438 192.71165466308594 235.0446319580078 1.713906 1.7995869 0.64370364 -9.752864 1.1461741 15.746972 -1.9353774785995483 0.1405978798866272
Cyclist 0.0 0 -1.2833552360534668 347.4761657714844 205.41058349609375 409.23724365234375 340.74786376953125 0.89493674 1.5396615 0.49058864 -2.806746 1.8625829 8.659417 -1.5967968702316284 0.13556884229183197
Car 0.0 0 -1.6562416553497314 610.1981811523438 163.13551330566406 649.2210693359375 204.52452087402344 4.6486506 2.110694 1.7144121 1.2694358 1.2265893 38.418102 -1.6232110261917114 0.8629835844039917
