Pedestrian 0.0 0 -3.3935704231262207 901.6878662109375 144.57608032226562 949.2633666992188 216.81179809570312 1.0124044 1.8389002 0.60480857 8.135482 1.119389 18.74347 -2.984064817428589 0.3449099659919739
Pedestrian 0.0 0 1.3413615226745605 824.3568115234375 141.91000366210938 856.4735107421875 209.1456756591797 0.9704892 1.8877568 0.6749997 6.573595 1.0193089 20.76548 1.6479440927505493 0.2983654737472534
Pedestrian 0.0 0 -2.333350419998169 301.2198181152344 174.10235595703125 329.9493103027344 225.9929962158203 0.70141166 1.749787 0.5925231 -10.146854 1.7937052 24.761253 -2.7222657203674316 0.2907694876194
Pedestrian 0.0 0 -0.15618431568145752 1031.9295654296875 100.69770050048828 1100.254150390625 232.07546997070312 0.7427133 1.8260468 0.65368205 6.5467815 0.8234894 10.47225 0.4025266170501709 0.19628310203552246
Pedestrian 0.0 0 -1.3850877285003662 355.587646484375 171.9315948486328 377.4749450683594 217.0005340576172 0.9177041 1.7555462 0.66566664 -9.687547 1.7199745 28.603954 -1.7116413116455078 0.19301827251911163
Pedestrian 0.0 0 -2.654935359954834 402.1749267578125 166.36448669433594 422.993896484375 205.27871704101562 0.76691645 1.8074229 0.5670535 -9.3040695 1.5063667 33.86994 -2.923022508621216 0.13829222321510315
Pedestrian 0.0 0 -0.8247926831245422 9.443060874938965 140.95289611816406 76.24346923828125 234.19154357910156 0.88703173 1.815143 0.6196206 -11.439506 1.1944593 14.510358 -1.4924007654190063 0.13209304213523865
Pedestrian 0.0 0 -2.8066420555114746 367.3959655761719 188.9727783203125 396.83245849609375 252.11386108398438 0.59793603 1.685331 0.6217181 -6.27635 2.1338058 19.737816 -3.1145169734954834 0.1092870905995369
Pedestrian 0.0 0 -2.4341862201690674 198.47235107421875 151.57948303222656 242.98538208007812 221.53561401367188 0.8549954 1.7626903 0.5487735 -10.044522 1.2269927 18.535666 -2.930791139602661 0.10792892426252365
Cyclist 0.0 0 -3.4534804821014404 899.3901977539062 145.16317749023438 951.1968994140625 217.55316162109375 1.1010664 1.845271 0.6006888 8.130011 1.1397706 18.742207 -3.0441958904266357 0.12821881473064423
Cyclist 0.0 0 1.3412940502166748 823.4295654296875 141.6152801513672 856.6033325195312 209.61317443847656 1.0221585 1.9098781 0.69413066 6.571983 1.0328244 20.79943 1.647336483001709 0.11118276417255402
Cyclist 0.0 0 -1.386272668838501 355.16851806640625 171.92218017578125 377.6052551269531 217.57269287109375 0.9830824 1.7752705 0.67505276 -9.688205 1.7393914 28.591024 -1.712984323501587 0.10670091211795807
Car 0.0 0 1.6481218338012695 570.6290893554688 173.9469451904297 598.9968872070312 196.86402893066406 4.204888 1.5152034 1.6480763 -1.7356281 1.5946004 50.042328 1.6134525537490845 0.850951611995697
Car 0.0 0 1.5535205602645874 552.243896484375 180.9064483642578 571.5771484375 199.29664611816406 4.061712 1.5321074 1.6367989 -4.314931 2.2704854 64.03473 1.4862380027770996 0.11179065704345703
