Pedestrian 0.0 0 0.9244412779808044 922.9835205078125 156.9737091064453 974.5931396484375 248.4503173828125 0.787104 1.7283734 0.5459091 6.5456743 1.4286865 14.072083 1.3598248958587646 0.2362026870250702
Pedestrian 0.0 0 2.335493564605713 1161.1346435546875 91.35658264160156 1242.0 283.99493408203125 0.84468985 1.8500245 0.67951244 6.2087183 1.0677127 7.307549 3.0397732257843018 0.22318294644355774
Cyclist 0.0 0 -1.3343348503112793 464.2240905761719 173.25271606445312 480.523681640625 203.5860137939453 1.8759999 1.7640356 0.5300278 -8.212716 1.788644 42.93282 -1.523343801498413 0.2873659133911133
Cyclist 0.0 0 -1.8317601680755615 846.9241333007812 160.15322875976562 885.4468994140625 230.2449493408203 1.7898693 1.7438103 0.49760982 6.624569 1.4281863 18.859764 -1.4939686059951782 0.17783740162849426
Car 0.0 0 -1.5002927780151367 549.5775146484375 178.676513671875 581.997314453125 207.16754150390625 4.1316886 1.6016296 1.6645024 -2.6514904 1.9696093 43.48001 -1.5611991882324219 0.8859913945198059
Car 0.0 0 -1.6850906610488892 667.8514404296875 177.42108154296875 727.1619873046875 225.60752868652344 3.6330025 1.4851317 1.568316 2.839588 1.6514419 24.397728 -1.5692245960235596 0.5212840437889099
Car 0.0 0 -1.6605135202407837 653.1786499023438 177.1006317138672 692.05810546875 208.06822204589844 3.761407 1.4372925 1.5849869 3.0262816 1.6599809 35.887947 -1.5763866901397705 0.48130130767822266
Car 0.0 0 -1.700796365737915 665.7200317382812 177.4595947265625 715.9193115234375 215.62591552734375 3.736831 1.4768519 1.6070976 3.2837696 1.6824002 30.257902 -1.5926934480667114 0.22757501900196075
Car 0.0 0 -1.4058029651641846 644.1353759765625 173.81297302246094 675.33544921875 197.2521209716797 3.907979 1.6265119 1.6393641 3.6162941 1.6991997 52.32874 -1.3368054628372192 0.17637158930301666
Car 0.0 0 1.2352659702301025 822.3843383789062 179.46600341796875 929.246337890625 239.38803100585938 3.7906902 1.4543656 1.5680777 7.118495 1.6539168 19.831898 1.5798842906951904 0.14533892273902893
