Pedestrian 0.0 0 -2.6098341941833496 1165.0001220703125 204.26416015625 1211.970458984375 263.96453857421875 0.87799215 1.7474953 0.73431253 17.767815 2.7391567 22.227882 -1.9354908466339111 0.17996157705783844
Pedestrian 0.0 0 0.35829058289527893 220.9268341064453 169.13954162597656 246.95460510253906 203.30735778808594 1.105603 1.8085433 0.5643445 -20.116556 1.6122909 38.53687 -0.1228080689907074 0.14094500243663788
Pedestrian 0.0 0 -2.165374994277954 1036.12451171875 196.3632354736328 1077.8096923828125 250.58209228515625 0.89669394 1.8336794 0.8910461 15.599133 2.672696 25.27061 -1.6123437881469727 0.13760502636432648
Cyclist 0.0 0 0.6790577173233032 809.6102905273438 191.72340393066406 833.1939086914062 219.79476928710938 1.371935 1.7473514 0.629067 13.631668 2.987233 46.651993 0.9633424282073975 0.17903102934360504
Cyclist 0.0 0 -3.6597421169281006 1034.6627197265625 194.2870635986328 1092.64404296875 248.40878295898438 1.5944171 1.837891 0.6578672 15.753908 2.5960827 25.147785 -3.1000986099243164 0.17888778448104858
Car 0.0 0 2.107386350631714 33.60972213745117 193.2743682861328 243.15628051757812 281.77215576171875 4.467026 1.5060955 1.7094901 -9.905652 2.0112765 15.576766 1.5409696102142334 0.8948479294776917
Car 0.0 0 1.8628451824188232 303.04742431640625 188.9418182373047 369.7740173339844 230.81288146972656 3.1643138 1.4479033 1.5615283 -10.522754 2.1053467 27.835012 1.50141179561615 0.8764621615409851
Car 0.0 0 1.6609141826629639 467.1155700683594 176.65660095214844 497.1278991699219 200.95443725585938 3.8939674 1.5240122 1.6193112 -8.477059 1.7873628 47.891117 1.4857219457626343 0.3591330349445343
Car 0.0 0 -1.6526317596435547 565.1183471679688 177.1278076171875 584.4556274414062 192.3107147216797 3.4410253 1.3799124 1.5510434 -3.377782 1.7961342 68.39946 -1.701974868774414 0.21654972434043884
Car 0.0 0 -1.3406267166137695 336.8102722167969 181.69818115234375 382.44158935546875 213.07073974609375 3.7685554 1.6902219 1.6910447 -14.52566 2.2287056 41.937943 -1.674055814743042 0.19712457060813904
Car 0.0 0 -0.44924241304397583 786.3585205078125 193.59573364257812 916.2133178710938 239.92185974121094 3.9085467 1.4648974 1.6630398 8.216897 2.2108483 24.856216 -0.12997448444366455 0.16010195016860962
Car 0.0 0 -0.3604115843772888 826.53369140625 187.20668029785156 1014.0662231445312 243.1599884033203 4.487977 1.4578538 1.8471626 8.562752 1.882603 20.323318 0.03834342956542969 0.1574891060590744
Car 0.0 0 1.4611390829086304 925.5106201171875 182.43553161621094 960.9437866210938 208.8494415283203 3.5329487 1.5014306 1.5927083 20.397419 2.1161907 44.337273 1.892320156097412 0.14624887704849243
