Pedestrian 0.0 0 1.9871599674224854 1121.3157958984375 94.9822006225586 1242.0 367.1646423339844 0.85978615 1.7095249 0.6882391 4.1290426 1.2207853 5.0299244 2.6745128631591797 0.6144896149635315
Pedestrian 0.0 0 -0.8564126491546631 1025.3765869140625 169.90367126464844 1072.86767578125 250.5565948486328 0.6897406 1.6978422 0.5603008 9.415147 1.636092 15.559044 -0.31223422288894653 0.2148418426513672
Pedestrian 0.0 0 2.9680397510528564 701.7620849609375 155.8496551513672 733.784423828125 214.2076416015625 0.9005319 1.7987849 0.5868049 3.3152742 1.2750131 22.543112 3.1140568256378174 0.18512286245822906
Car 0.0 0 1.8072799444198608 302.268310546875 186.5166473388672 430.9163513183594 268.9805908203125 4.13664 1.4588404 1.6868172 -5.123009 1.7949159 15.597116 1.4899228811264038 0.9008775949478149
Car 0.0 0 2.1343374252319336 0.0 158.42633056640625 322.15533447265625 375.0 4.413136 1.8527621 1.7417783 -4.6098723 1.7556686 7.088622 1.5577373504638672 0.6185369491577148
Car 0.0 0 1.741811990737915 399.1949462890625 175.7987060546875 471.9687805175781 232.66534423828125 4.2549157 1.7461656 1.7012495 -5.8716145 1.8556362 24.555796 1.5071057081222534 0.5767612457275391
Car 0.0 0 -3.744600772857666 1012.706298828125 146.67208862304688 1242.0 274.0428161621094 3.9735327 1.8152094 1.7042938 8.695819 1.4424386 11.24104 -3.086179733276367 0.3706709146499634
Car 0.0 0 -3.1447947025299072 596.3273315429688 164.218994140625 655.1563720703125 193.3168487548828 4.0148253 1.98483 1.7666019 1.0591676 1.3961741 50.134098 -3.123671054840088 0.20561982691287994
Car 0.0 0 -2.1062703132629395 0.0 216.71356201171875 71.55381774902344 284.44964599609375 4.07351 1.4784744 1.662033 -16.553371 2.7222288 19.024195 -2.822330951690674 0.17552213370800018
Car 0.0 0 1.8936820030212402 334.65411376953125 179.66937255859375 407.6067199707031 219.51898193359375 3.8176708 1.4321933 1.6039702 -9.380911 1.7198085 28.496237 1.575657606124878 0.15324008464813232
