Pedestrian 0.0 0 2.0292255878448486 21.742027282714844 154.86317443847656 151.44418334960938 334.9961242675781 0.87434417 1.7324748 0.77405274 -5.356275 1.4876027 7.293135 1.3957659006118774 0.8113939166069031
Pedestrian 0.0 0 -1.7963783740997314 702.995849609375 160.4121856689453 736.5868530273438 226.28121948242188 0.93293804 1.8155094 0.744329 3.1985495 1.2634184 19.973274 -1.637585163116455 0.7151034474372864
Pedestrian 0.0 0 0.5689749121665955 446.76202392578125 165.61277770996094 472.0428161621094 204.96397399902344 1.0011334 1.8200192 0.590155 -6.843228 1.1329298 33.15099 0.36540818214416504 0.2541225552558899
Pedestrian 0.0 0 0.035060733556747437 628.4859008789062 166.75808715820312 643.6951904296875 189.32235717773438 1.2315376 1.8445898 0.5264493 2.5726128 0.72243303 58.106247 0.07930612564086914 0.21552665531635284
Pedestrian 0.0 0 2.091860771179199 226.8242645263672 170.8875732421875 263.79168701171875 219.7024383544922 0.95643896 1.892021 0.95183897 -14.208774 1.5209554 27.901049 1.620835781097412 0.18888121843338013
Pedestrian 0.0 0 -1.801947832107544 846.908203125 168.2271728515625 868.4827270507812 216.8115234375 0.85399884 1.7146032 0.54702586 9.046045 1.283006 25.402346 -1.4598395824432373 0.18776583671569824
Cyclist 0.0 0 1.6037712097167969 537.7919921875 168.75563049316406 554.6134033203125 211.1028289794922 1.7724383 1.6860628 0.6337952 -2.4279585 1.2199547 29.047405 1.5203789472579956 0.9406203031539917
Cyclist 0.0 0 -1.6323881149291992 652.6672973632812 162.34719848632812 683.7610473632812 248.50611877441406 1.6383103 1.7724892 0.5653769 1.3156329 1.400668 15.366322 -1.54697847366333 0.9281923770904541
Cyclist 0.0 0 0.22986620664596558 130.6787872314453 184.0135955810547 168.56068420410156 216.091064453125 1.7724519 1.8472556 0.6228262 -26.678596 2.0574746 41.432007 -0.3422178030014038 0.5500556826591492
Cyclist 0.0 0 -1.632042646408081 920.8507690429688 168.61904907226562 953.2374267578125 234.83181762695312 1.6639231 1.7182202 0.6917029 8.983502 1.4114983 19.24377 -1.1952842473983765 0.2395738661289215
Cyclist 0.0 0 -1.801947832107544 846.908203125 168.2271728515625 868.4827270507812 216.8115234375 0.85399884 1.7146032 0.54702586 9.046045 1.283006 25.402346 -1.4598395824432373 0.12907138466835022
Car 0.0 0 -3.384207248687744 719.0863647460938 166.34642028808594 852.4661254882812 210.7556915283203 4.3072233 1.5225681 1.6556686 6.3048935 1.0388471 25.072048 -3.1378445625305176 0.9000338315963745
Car 0.0 0 -0.7431269884109497 989.3306884765625 162.63356018066406 1224.0 344.75445556640625 3.8143122 1.4479861 1.5554459 5.7655997 1.3076433 6.4152184 -0.011009608395397663 0.8349724411964417
Car 0.0 0 2.557966470718384 917.9412841796875 161.8976287841797 999.1668701171875 188.79551696777344 3.990578 1.5285984 1.6449436 20.58076 0.472816 41.233078 3.0209195613861084 0.18561385571956635
Car 0.0 0 2.4164719581604004 1089.7850341796875 162.18592834472656 1182.010009765625 189.6826629638672 4.287859 1.5642015 1.6430498 30.898438 0.52375656 41.21067 3.0598244667053223 0.1750032603740692
