Pedestrian 0.0 0 -2.40277361869812 838.356201171875 144.46719360351562 974.0824584960938 364.03802490234375 0.8005242 1.7099626 0.70557183 2.4425719 1.4892511 6.1306787 -2.0236318111419678 0.7105997204780579
Pedestrian 0.0 0 -2.3654754161834717 537.8516845703125 176.04531860351562 565.8534545898438 222.1949005126953 0.7650126 1.636591 0.6649506 -2.151618 1.7548529 26.154383 -2.447556734085083 0.2944665253162384
Pedestrian 0.0 0 1.8962202072143555 304.78070068359375 187.002685546875 371.8089599609375 298.31439208984375 0.7954281 1.668445 0.7732556 -4.300905 1.8990836 11.328948 1.5333890914916992 0.2752187252044678
Pedestrian 0.0 0 2.6427481174468994 796.2816772460938 179.63092041015625 828.44287109375 241.82119750976562 0.66358536 1.6947526 0.5836368 5.585051 1.887272 20.097433 2.9138071537017822 0.2716926038265228
Pedestrian 0.0 0 -0.8074828386306763 943.5398559570312 178.50868225097656 1010.7750244140625 280.4305114746094 0.5982204 1.6661359 0.845697 6.217604 1.7671794 12.346213 -0.34095603227615356 0.23858612775802612
Pedestrian 0.0 0 0.03336481750011444 705.6465454101562 170.03887939453125 716.9868774414062 195.14700317382812 0.7777797 1.7673825 0.5733688 7.1538763 1.5695812 51.13604 0.1723616123199463 0.2120537906885147
Pedestrian 0.0 0 1.9876149892807007 773.071533203125 171.68621826171875 806.5646362304688 227.2813720703125 0.76996773 1.7054763 0.7769747 5.6069083 1.6700107 22.673922 2.2300362586975098 0.18977700173854828
Pedestrian 0.0 0 -2.0943257808685303 19.49774932861328 91.07694244384766 159.7415008544922 290.1679382324219 0.99089766 1.7818624 0.6955271 -5.0759397 1.0503165 6.973982 -2.7234926223754883 0.18175575137138367
Cyclist 0.0 0 1.6746569871902466 470.4781188964844 162.4349822998047 505.2200012207031 241.40061950683594 1.8339859 1.7900608 0.63806045 -2.9542146 1.5542315 17.28956 1.5054243803024292 0.8996888399124146
Cyclist 0.0 0 1.7837120294570923 392.33123779296875 168.88563537597656 449.27520751953125 273.4598388671875 1.7894049 1.6521418 0.57757556 -3.2433882 1.5898044 12.303399 1.525958776473999 0.7659708857536316
Cyclist 0.0 0 -1.7164950370788574 532.7841186523438 172.92013549804688 556.8711547851562 221.2533721923828 0.9213848 1.7114915 0.73939 -2.4061437 1.7142898 26.08333 -1.8084830045700073 0.1297532021999359
Car 0.0 0 -0.2926431894302368 813.6691284179688 166.08689880371094 986.0079345703125 232.57508850097656 3.7856884 1.6145679 1.6201941 7.261269 1.4505968 18.480673 0.08173751831054688 0.47837772965431213
Car 0.0 0 -2.691070556640625 1105.2744140625 132.46878051757812 1242.0 266.32806396484375 4.037917 1.5545385 1.6346407 9.777302 1.0858935 10.55461 -1.9438848495483398 0.23397217690944672
Car 0.0 0 -1.4304159879684448 712.1165161132812 175.742919921875 744.7426147460938 200.40301513671875 3.7917821 1.5501791 1.6237955 7.8652134 1.7504942 47.887012 -1.2676242589950562 0.19909824430942535
