Car 0.0 0 0.7048316597938538 0.0 186.0462188720703 229.27578735351562 339.52484130859375 3.9603546 1.4270965 1.5662034 -6.4734325 1.5812978 7.6264644 0.001027822494506836 0.9330548048019409
Car 0.0 0 -1.7471615076065063 681.1637573242188 182.78976440429688 751.2096557617188 233.44749450683594 3.4793644 1.4202704 1.5735936 3.210097 1.7573936 22.686485 -1.6065964698791504 0.9242475032806396
Car 0.0 0 -1.8929522037506104 765.6884155273438 177.8215789794922 1001.5255126953125 330.9609375 3.614755 1.543899 1.6557019 3.1399508 1.62011 9.202029 -1.564117193222046 0.9218360781669617
Car 0.0 0 3.5592575073242188 120.26971435546875 183.34625244140625 370.5817565917969 275.90240478515625 3.7348824 1.5431223 1.591855 -6.5218596 1.746826 13.103486 3.09743595123291 0.8955681920051575
Car 0.0 0 -2.255866527557373 880.6287841796875 186.64906311035156 1242.0 375.0 4.023473 1.5011755 1.6549371 3.1470258 1.6200463 4.155099 -1.6076533794403076 0.8892284631729126
Car 0.0 0 -2.7850899696350098 257.72027587890625 179.33441162109375 443.7448425292969 244.85877990722656 3.9945302 1.5205537 1.6100482 -6.323933 1.6877387 17.738977 -3.1275429725646973 0.7748270630836487
Car 0.0 0 0.3933136761188507 214.45333862304688 178.29782104492188 436.7535400390625 254.08860778808594 4.1124864 1.5171183 1.6278714 -6.011601 1.6403266 15.421903 0.02162313461303711 0.7629799842834473
Car 0.0 0 -3.342923879623413 735.6051635742188 183.0283660888672 838.2862548828125 219.57492065429688 3.8984172 1.4482238 1.556084 7.233509 1.8823191 29.909077 -3.105630397796631 0.744075357913971
Car 0.0 0 0.23202486336231232 328.0248107910156 182.2134552001953 474.9949645996094 240.5458221435547 3.664826 1.5298148 1.5716486 -5.759366 1.8018779 20.07171 -0.047407135367393494 0.7177993655204773
Car 0.0 0 3.3104515075683594 387.8267822265625 178.8312225341797 499.69769287109375 222.11502075195312 3.922026 1.5722665 1.6059364 -6.2792563 1.8069552 27.371616 3.0849459171295166 0.5291047692298889
Car 0.0 0 -2.9605350494384766 439.4940490722656 165.27084350585938 523.3895874023438 205.88174438476562 3.9623876 2.0186977 1.7087767 -6.5327363 1.6421103 36.72801 -3.1365621089935303 0.5027316212654114
