Pedestrian 0.0 0 -1.7559635639190674 838.47900390625 144.89419555664062 887.8871459960938 245.50155639648438 0.8457044 1.8448396 0.73880947 4.7408233 1.3324978 13.700797 -1.422834038734436 0.5554125308990479
Pedestrian 0.0 0 -1.6208806037902832 1055.3192138671875 141.93931579589844 1080.329345703125 202.05169677734375 0.6421302 1.8137379 0.61695516 14.033521 0.88132435 22.199017 -1.057142972946167 0.2598145008087158
Car 0.0 0 -1.9394829273223877 772.8021240234375 184.4053192138672 1031.3145751953125 335.77471923828125 3.6701322 1.3627164 1.5367392 3.1130939 1.530883 8.6273985 -1.5931856632232666 0.9400856494903564
Car 0.0 0 2.1258323192596436 0.0 202.46063232421875 249.41464233398438 363.9927673339844 3.4921842 1.4184862 1.5010933 -5.9941444 1.85149 8.763177 1.5259153842926025 0.9067124724388123
Car 0.0 0 -2.475691318511963 917.1964721679688 192.80528259277344 1242.0 375.0 3.6718767 1.4873565 1.6810251 2.9272673 1.6195446 2.8502188 -1.6769579648971558 0.7912701964378357
Car 0.0 0 3.6846704483032227 113.09750366210938 195.2920379638672 222.0170440673828 229.2554473876953 3.9927542 1.4680799 1.6340479 -20.28317 2.5240576 33.112694 3.1350743770599365 0.5983409285545349
Car 0.0 0 2.818742513656616 793.3190307617188 166.1073455810547 879.4251708984375 199.5180206298828 3.5003865 1.5097655 1.5196453 10.39665 1.2052548 33.39871 3.120523691177368 0.4829665720462799
Car 0.0 0 1.6146490573883057 375.5723571777344 178.90618896484375 406.73681640625 205.88125610351562 3.9385295 1.4905837 1.604529 -13.006737 1.8686424 42.919834 1.3203989267349243 0.37835943698883057
Car 0.0 0 0.22961300611495972 62.29327392578125 193.7501983642578 198.3103790283203 241.69679260253906 3.6273923 1.4785625 1.6198349 -16.435467 2.2388682 24.848452 -0.3547542095184326 0.2512323260307312
Car 0.0 0 -2.715146541595459 280.25140380859375 179.0673370361328 392.1259460449219 222.35003662109375 4.4380703 1.9007543 1.8103069 -12.515852 2.1945658 33.029457 -3.0773582458496094 0.25010961294174194
