Pedestrian 0.0 0 -1.1305869817733765 199.2567596435547 168.06631469726562 257.48858642578125 261.1195068359375 1.0172263 1.7747891 0.64923465 -7.5856533 1.6838322 14.282636 -1.618811845779419 0.8469334244728088
Pedestrian 0.0 0 2.391249418258667 766.5527954101562 155.14744567871094 826.9857177734375 269.4453430175781 0.68823093 1.8018278 0.66847324 3.0050104 1.523054 11.830323 2.639997720718384 0.6757270693778992
Pedestrian 0.0 0 -1.7559289932250977 283.7853088378906 165.9254150390625 325.398193359375 257.494384765625 0.61678815 1.7695429 0.6600158 -6.1412244 1.6360079 14.380482 -2.1595370769500732 0.6696733236312866
Pedestrian 0.0 0 -3.6767382621765137 1036.46923828125 158.58042907714844 1131.0352783203125 289.565673828125 0.88298523 1.6676748 0.5458308 6.149404 1.4863045 9.474306 -3.1010234355926514 0.6419579386711121
Pedestrian 0.0 0 1.4935382604599 827.3849487304688 167.09524536132812 843.4701538085938 209.765380859375 0.5632989 1.7119863 0.5803478 9.104677 1.481295 29.285475 1.794959306716919 0.5496202707290649
Pedestrian 0.0 0 -3.826831102371216 1187.8271484375 155.6488494873047 1242.0 272.4474182128906 0.77623 1.7193016 0.73718464 9.437107 1.4663956 10.996252 -3.117589235305786 0.5335779786109924
Pedestrian 0.0 0 -3.201972723007202 850.6615600585938 144.8548583984375 915.5938720703125 252.5384063720703 1.0296476 1.8316329 0.70091856 4.7556415 1.355742 12.755756 -2.845111846923828 0.5216604471206665
Pedestrian 0.0 0 1.075628399848938 772.3897705078125 159.34083557128906 827.6988525390625 251.3596954345703 0.9339617 1.7856451 0.7178753 3.7648509 1.5237771 14.538179 1.3290249109268188 0.49312880635261536
Pedestrian 0.0 0 -2.7286078929901123 369.76556396484375 178.8435821533203 405.9268493652344 222.38694763183594 1.221984 1.6994125 0.631194 -8.856641 1.9407575 28.645264 -3.028468370437622 0.4813690781593323
Pedestrian 0.0 0 2.2703771591186523 304.9024963378906 166.85586547851562 336.5946960449219 223.95079040527344 0.7251376 1.7442554 0.58829534 -9.052064 1.5613697 22.47644 1.887514591217041 0.3894631564617157
Pedestrian 0.0 0 -1.6219594478607178 763.0723266601562 187.83506774902344 794.9790649414062 264.1688537597656 0.71419454 1.6265473 0.6479033 3.6756694 1.966403 15.9404125 -1.3953325748443604 0.3445320129394531
Pedestrian 0.0 0 -0.963976263999939 100.736572265625 187.301025390625 156.31411743164062 262.64520263671875 0.8217393 1.5990273 0.66993296 -10.637318 1.9258683 15.886572 -1.553992509841919 0.2912672758102417
Pedestrian 0.0 0 1.6876386404037476 898.3753662109375 172.58834838867188 921.6888427734375 222.2831268310547 1.6417229 1.6270211 0.54499376 10.140896 1.6186819 24.470087 2.0805139541625977 0.14415296912193298
Cyclist 0.0 0 1.9457294940948486 492.66632080078125 168.83616638183594 526.7581787109375 216.33575439453125 1.9956998 1.7842828 0.6327381 -3.9338434 1.6337146 28.14539 1.8068604469299316 0.8383207321166992
Cyclist 0.0 0 -0.5107119679450989 582.11181640625 168.85113525390625 622.0885009765625 207.7382049560547 1.8235887 1.7995539 0.6126897 -0.40722686 1.614674 34.10803 -0.5226507186889648 0.7910845279693604
Cyclist 0.0 0 1.9244191646575928 475.8191223144531 165.18875122070312 510.2445068359375 219.84593200683594 1.85072 1.8351505 0.58408874 -4.1076922 1.5781428 25.187426 1.7627573013305664 0.765730619430542
Cyclist 0.0 0 -1.294984221458435 965.5474243164062 134.6463623046875 1098.277099609375 333.8544616699219 1.8025671 1.8082228 0.7204094 4.3257475 1.4617679 7.431852 -0.7678639888763428 0.4263427257537842
Cyclist 0.0 0 -2.7286078929901123 369.76556396484375 178.8435821533203 405.9268493652344 222.38694763183594 1.221984 1.6994125 0.631194 -8.856641 1.9407575 28.645264 -3.028468370437622 0.41061145067214966
Cyclist 0.0 0 1.685731291770935 898.9365234375 173.05760192871094 921.2645874023438 221.767333984375 1.5687356 1.5961301 0.5249971 10.138455 1.603621 24.460573 2.0786590576171875 0.3286902904510498
Cyclist 0.0 0 2.264883518218994 303.4154052734375 166.4781951904297 335.5740966796875 224.1061553955078 0.74624497 1.7529472 0.5842276 -9.055851 1.5593638 22.389637 1.8805328607559204 0.10159815847873688
Car 0.0 0 -2.6181704998016357 365.3506774902344 174.73052978515625 440.6771545410156 199.5157012939453 4.259581 1.4933066 1.6509026 -12.922633 1.6140827 44.98397 -2.897909641265869 0.34205830097198486
