Pedestrian 0.0 0 -0.09361094236373901 870.08837890625 177.83685302734375 905.530517578125 242.07174682617188 0.8921425 1.7962013 0.60727084 7.89434 1.9420292 20.64972 0.2715423107147217 0.5059174299240112
Pedestrian 0.0 0 -1.663346529006958 728.131591796875 152.55357360839844 744.9859008789062 197.1961212158203 0.7707976 1.8466542 0.6260265 5.26075 1.0072783 30.252981 -1.4911761283874512 0.31706342101097107
Pedestrian 0.0 0 1.3598361015319824 788.1917114257812 166.16993713378906 813.3717651367188 220.3275146484375 1.0703312 1.8185431 0.62312865 6.4970226 1.5944585 24.774364 1.6163084506988525 0.1620703637599945
Pedestrian 0.0 0 -2.9834330081939697 769.888671875 156.57669067382812 801.5158081054688 209.43319702148438 1.0207887 1.8482857 0.5478385 6.210454 1.2794589 25.677374 -2.7461254596710205 0.1451382339000702
Cyclist 0.0 0 -0.4403698444366455 754.9905395507812 172.0149383544922 798.505615234375 219.87168884277344 1.7381659 2.0149875 0.56311214 7.0834723 1.9800174 30.837452 -0.21458303928375244 0.4103335440158844
Cyclist 0.0 0 1.2858115434646606 675.3458251953125 158.6722869873047 691.5444946289062 190.95291137695312 1.5551797 1.7828938 0.488328 4.0957303 0.9999802 40.65774 1.3862096071243286 0.1395336091518402
Car 0.0 0 2.2026731967926025 35.081268310546875 191.78672790527344 134.15365600585938 228.5116424560547 3.875435 1.4486663 1.6182307 -23.50259 2.3502438 32.40205 1.575140357017517 0.7504094243049622
Car 0.0 0 -0.8921933770179749 0.0 198.2479705810547 56.51063919067383 242.59825134277344 3.619732 1.4664006 1.6563689 -23.540148 2.508898 27.778826 -1.5951838493347168 0.39046216011047363
Car 0.0 0 -0.33794501423835754 795.1718139648438 183.92283630371094 957.2890625 244.4445343017578 3.6969523 1.5069901 1.606616 6.9020886 1.8127248 19.083593 0.009093999862670898 0.17187924683094025
Car 0.0 0 0.945022702217102 1198.45654296875 194.00865173339844 1242.0 251.76995849609375 4.127024 1.4305339 1.7875551 19.972462 2.1275349 21.602224 1.6912400722503662 0.15262091159820557
Car 0.0 0 1.3316446542739868 682.422607421875 161.5730743408203 728.2423706054688 192.44363403320312 3.651222 1.5721565 1.6045401 5.015369 0.9980068 38.646 1.460700511932373 0.14496241509914398
Car 0.0 0 -1.9158289432525635 690.7369995117188 167.56369018554688 720.9645385742188 183.51046752929688 3.6437323 1.4336656 1.6348011 8.824131 0.9584075 66.81952 -1.7845295667648315 0.14459070563316345
