Pedestrian 0.0 0 0.5745877027511597 21.55912208557129 162.19754028320312 63.54415512084961 212.39212036132812 1.1217694 1.8816631 0.5832345 -21.225132 1.1590968 27.265083 -0.08688846230506897 0.21899813413619995
Pedestrian 0.0 0 -1.4327759742736816 319.7383117675781 184.66522216796875 343.0810546875 237.10443115234375 0.6959302 1.7052406 0.6363321 -8.971694 1.8130732 23.815302 -1.7930535078048706 0.18568363785743713
Pedestrian 0.0 0 -0.0692671537399292 1109.34130859375 124.00794219970703 1150.6976318359375 178.1715545654297 1.0992649 1.8016889 0.5304377 17.97189 -0.11474785 24.473854 0.5641295909881592 0.1510784924030304
Pedestrian 0.0 0 1.6447604894638062 229.93284606933594 174.95889282226562 256.9404296875 230.81210327148438 1.6377443 1.6527504 0.62847114 -11.041586 1.4603215 22.13049 1.1819684505462646 0.12741422653198242
Cyclist 0.0 0 -0.20066508650779724 826.5951538085938 142.57757568359375 873.045654296875 186.30575561523438 1.6605382 1.717081 0.60280836 9.863017 0.18971875 28.611868 0.13129615783691406 0.33710670471191406
Cyclist 0.0 0 1.6168174743652344 228.09600830078125 176.49298095703125 252.38523864746094 231.87548828125 1.5154828 1.6482522 0.60429716 -11.173105 1.5003637 22.191006 1.1503762006759644 0.25543519854545593
Cyclist 0.0 0 -0.0692671537399292 1109.34130859375 124.00794219970703 1150.6976318359375 178.1715545654297 1.0992649 1.8016889 0.5304377 17.97189 -0.11474785 24.473854 0.5641295909881592 0.19096170365810394
Cyclist 0.0 0 0.5745877027511597 21.55912208557129 162.19754028320312 63.54415512084961 212.39212036132812 1.1217694 1.8816631 0.5832345 -21.225132 1.1590968 27.265083 -0.08688846230506897 0.1188477948307991
Car 0.0 0 -1.3887102603912354 498.0789489746094 171.91729736328125 566.3314208984375 219.6036376953125 4.042023 1.4899908 1.6101006 -2.2958236 1.1916815 24.526644 -1.4820436239242554 0.9279432892799377
Car 0.0 0 -1.4723626375198364 538.0997924804688 174.20236206054688 577.466796875 205.18165588378906 3.7188969 1.4355521 1.5674484 -2.0960164 1.0983106 35.172905 -1.5318840742111206 0.7966016530990601
Car 0.0 0 -1.587338924407959 606.6509399414062 169.33692932128906 640.9641723632812 200.689697265625 3.9622421 1.5233594 1.6671597 1.1047124 0.9332802 36.891773 -1.5574032068252563 0.7639801502227783
Car 0.0 0 -1.5317302942276 573.994873046875 169.37002563476562 599.2210083007812 192.36968994140625 3.4932377 1.4637871 1.5338877 -0.9402361 0.692501 47.476074 -1.5515321493148804 0.730193018913269
