Car 0.0 0 1.9375317096710205 249.50811767578125 186.61537170410156 381.9835205078125 261.16497802734375 3.683674 1.434262 1.5582087 -6.575436 1.7830939 16.415709 1.5565447807312012 0.9570766091346741
Car 0.0 0 -1.5736353397369385 588.4943237304688 174.1150360107422 634.88525390625 218.22731018066406 3.6816125 1.6030326 1.6927557 0.013617416 1.655842 28.16597 -1.5731518268585205 0.9235879778862
Car 0.0 0 -1.1730031967163086 774.1909790039062 175.41917419433594 954.7335815429688 273.6218566894531 4.087817 1.4777454 1.5975884 4.657781 1.5316365 13.008509 -0.8291691541671753 0.8096777200698853
Car 0.0 0 -1.4391272068023682 978.6566162109375 137.79710388183594 1242.0 375.0 3.7245264 1.4976984 1.6089913 4.3024306 1.3185556 5.574729 -0.7818357348442078 0.7954499125480652
Car 0.0 0 -1.0117143392562866 690.2857055664062 172.36685180664062 802.6727294921875 220.6704559326172 4.281599 1.4497676 1.6098337 4.5310655 1.4355049 23.770523 -0.8233569264411926 0.7778366208076477
Car 0.0 0 -1.2669854164123535 850.3937377929688 177.1386260986328 1067.529052734375 313.3040771484375 3.5646725 1.4255555 1.5647783 4.654168 1.4932033 9.497754 -0.8113470077514648 0.7758924961090088
Car 0.0 0 1.8266531229019165 428.56573486328125 173.7211151123047 471.4926452636719 200.01455688476562 4.5641937 1.761204 1.8558321 -11.224665 1.8253933 50.796543 1.6091749668121338 0.631671130657196
Car 0.0 0 1.809050440788269 478.86883544921875 178.05880737304688 515.3477783203125 201.79705810546875 3.6173627 1.4968708 1.5996453 -7.525841 1.8583057 48.184067 1.6541128158569336 0.5818731784820557
Car 0.0 0 -0.8229491710662842 657.7606811523438 175.58743286132812 751.208740234375 210.6025390625 4.061636 1.3719748 1.5701706 3.99354 1.4949627 30.466574 -0.692612886428833 0.5586176514625549
Car 0.0 0 1.8793121576309204 453.1374206542969 174.59678649902344 489.53515625 195.3734893798828 4.227373 1.5792927 1.6386652 -11.007339 1.7236212 57.407726 1.6898716688156128 0.4330819547176361
