Pedestrian 0.0 0 2.987905740737915 589.1483154296875 185.18768310546875 612.8541259765625 228.8905487060547 0.90399116 1.8148369 0.73322 -0.42804468 2.3465235 30.64384 2.973938226699829 0.24334114789962769
Pedestrian 0.0 0 -0.982943058013916 48.64925765991211 123.97007751464844 111.17204284667969 263.5120544433594 0.37664744 1.7565489 0.52839434 -6.865921 1.1415578 9.280998 -1.6198729276657104 0.22147896885871887
Pedestrian 0.0 0 2.6307709217071533 754.598388671875 146.7767791748047 843.861328125 293.0133361816406 0.9174866 1.7706393 0.5998181 2.3333638 1.4552529 9.141766 2.8806772232055664 0.2098866105079651
Pedestrian 0.0 0 1.5968613624572754 328.7441711425781 159.0050506591797 360.0729064941406 237.9169921875 0.9197856 1.7041278 0.63562727 -5.9718456 1.4054134 16.116964 1.2420138120651245 0.1959867924451828
Pedestrian 0.0 0 3.1336774826049805 589.57421875 170.50279235839844 600.6276245117188 205.06024169921875 0.6107779 1.9128008 0.60229594 -0.8685903 1.7830161 40.24535 3.112098455429077 0.19007934629917145
Pedestrian 0.0 0 0.7052661180496216 32.50923156738281 176.5762939453125 183.03335571289062 375.0 0.93697864 1.8130835 0.6397986 -4.613868 1.8493061 6.5867867 0.0942225456237793 0.1572304666042328
Cyclist 0.0 0 1.8197766542434692 590.4805908203125 186.2943878173828 612.5685424804688 228.98358154296875 0.9049864 1.766524 0.74132645 -0.3964857 2.3488564 30.713493 1.8068681955337524 0.16297167539596558
Car 0.0 0 1.7748055458068848 256.89605712890625 201.95263671875 426.46337890625 326.6887512207031 4.385128 1.3926061 1.592582 -4.0240707 1.9446316 11.39656 1.4353759288787842 0.9505322575569153
Car 0.0 0 -1.9308631420135498 541.6375122070312 186.86068725585938 580.087158203125 208.416259765625 3.9964135 1.54809 1.717604 -3.933549 2.6936603 56.81718 -1.9999845027923584 0.42904460430145264
Car 0.0 0 3.0440456867218018 516.1397705078125 186.06936645507812 610.3687744140625 226.07400512695312 3.9111888 1.6212643 1.7471558 -2.0977967 2.2148194 31.202477 2.976914882659912 0.2569986879825592
