Pedestrian 0.0 0 -2.8732621669769287 407.87744140625 158.63424682617188 482.7652893066406 284.5355224609375 0.87993544 1.713733 0.69471014 -2.361377 1.5205355 10.183498 -3.1011178493499756 0.5099732875823975
Pedestrian 0.0 0 -1.4268265962600708 569.4674072265625 185.92088317871094 601.8318481445312 233.5725555419922 1.0205957 1.5856204 0.980712 -0.8740284 2.0466523 24.87456 -1.4619495868682861 0.2177838683128357
Pedestrian 0.0 0 -2.574855327606201 284.9246520996094 114.96227264404297 398.6571350097656 282.42462158203125 0.9768689 1.743648 0.64791673 -2.9856474 1.1412269 7.927273 -2.935054063796997 0.1453627645969391
Pedestrian 0.0 0 -0.4177076816558838 862.8052368164062 150.3190460205078 898.6188354492188 203.3306121826172 0.9971476 1.7980413 0.5928568 9.253019 1.0340612 24.79636 -0.06055082380771637 0.14089766144752502
Cyclist 0.0 0 1.411333441734314 677.728759765625 167.7534637451172 694.627197265625 200.85379028320312 1.640812 1.7495158 0.6527579 4.0693483 1.4802855 38.97131 1.5153754949569702 0.1692352294921875
Cyclist 0.0 0 -1.5317713022232056 545.7033081054688 151.6771697998047 570.99755859375 209.67845153808594 1.7684263 1.7753779 0.73853886 -1.675211 1.1275284 22.97918 -1.6045438051223755 0.1468007117509842
Cyclist 0.0 0 -1.7893757820129395 851.4036254882812 155.01412963867188 870.274169921875 190.6617889404297 1.5025487 1.8121654 0.61176944 12.975969 0.90562505 37.458347 -1.4559022188186646 0.1265561282634735
Car 0.0 0 -1.9482601881027222 841.692138671875 182.0959930419922 1164.4783935546875 368.5799560546875 3.6994226 1.4293438 1.6031106 3.6712549 1.551686 7.6184835 -1.4992070198059082 0.9527498483657837
Car 0.0 0 -1.8301503658294678 784.1946411132812 173.8964385986328 952.9404907226562 276.12384033203125 4.3664794 1.483391 1.6570008 4.254845 1.5053875 12.74376 -1.5079108476638794 0.8967652916908264
Car 0.0 0 -1.6690930128097534 774.0619506835938 159.4741973876953 869.0289916992188 239.90597534179688 4.729149 1.7581792 1.7993196 5.140714 1.4660647 18.255198 -1.3945987224578857 0.6947503685951233
Car 0.0 0 1.324886679649353 778.1586303710938 164.41741943359375 847.8374633789062 206.67469787597656 4.0697665 1.4958419 1.6034145 7.621334 1.1975584 27.591787 1.5943844318389893 0.15502868592739105
