Pedestrian 0.0 0 1.2120108604431152 943.508544921875 134.86965942382812 1003.0630493164062 206.78306579589844 1.0380385 1.6572282 0.96158206 8.584231 0.7822458 17.191196 1.6751294136047363 0.14786039292812347
Pedestrian 0.0 0 -2.275726556777954 1091.6160888671875 133.35882568359375 1175.8936767578125 239.41531372070312 0.87432975 1.7338964 0.7767487 8.825893 1.0885553 12.260685 -1.6518001556396484 0.1340133398771286
Pedestrian 0.0 0 -3.0112829208374023 812.14990234375 154.05616760253906 847.2914428710938 197.6581573486328 1.26902 1.686115 0.4998047 8.602331 0.9595494 28.388617 -2.717057466506958 0.11228380352258682
Cyclist 0.0 0 -1.7997909784317017 754.9241333007812 164.42555236816406 777.062255859375 210.2311553955078 1.5569807 1.7658349 0.51420647 6.1286554 1.441271 28.595953 -1.5886658430099487 0.6393280625343323
Cyclist 0.0 0 1.9638644456863403 309.2622375488281 182.894287109375 328.2733154296875 209.9175262451172 1.7208893 1.7926853 0.59383124 -19.945597 2.4920464 49.36757 1.5798953771591187 0.40839651226997375
Cyclist 0.0 0 2.1001060009002686 204.28005981445312 184.1961669921875 230.7605743408203 214.7444305419922 1.6335169 1.7683259 0.6596752 -23.521309 2.4608731 43.204697 1.601560354232788 0.22908127307891846
Cyclist 0.0 0 1.8825340270996094 0.0 165.57635498046875 23.660261154174805 219.56910705566406 1.7816876 2.1373987 0.6581607 -24.764248 1.849658 29.509777 1.184350609779358 0.16025008261203766
Cyclist 0.0 0 -3.0112829208374023 812.14990234375 154.05616760253906 847.2914428710938 197.6581573486328 1.26902 1.686115 0.4998047 8.602331 0.9595494 28.388617 -2.717057466506958 0.12114828824996948
Car 0.0 0 1.9977768659591675 205.7373504638672 188.04611206054688 300.2294616699219 233.7245635986328 3.9003572 1.5124878 1.7250363 -13.362707 2.126719 27.177532 1.540805697441101 0.9548230171203613
Car 0.0 0 1.004873514175415 9.830341339111328 194.4990692138672 74.62155151367188 219.54190063476562 3.874319 1.5821639 1.6760718 -38.970325 3.1102803 49.492294 0.3378617763519287 0.24215620756149292
Car 0.0 0 2.1299889087677 249.8313751220703 179.2807159423828 294.8446044921875 198.8740234375 3.7447715 1.5394096 1.6526097 -28.01602 2.0910447 59.93118 1.6927024126052856 0.19292134046554565
