Pedestrian 0.0 0 -1.6591453552246094 426.0376892089844 172.19847106933594 453.37298583984375 224.1367950439453 0.99719095 1.8082236 0.8619456 -6.1231074 1.7857597 25.72682 -1.8928029537200928 0.7392130494117737
Pedestrian 0.0 0 -1.9288742542266846 556.3299560546875 144.58950805664062 585.4178466796875 202.35690307617188 0.7323808 1.998686 0.81940025 -1.4285675 1.0211251 25.461733 -1.984921932220459 0.340503454208374
Car 0.0 0 3.4643490314483643 208.81845092773438 185.55393981933594 441.5948181152344 260.877685546875 4.1744056 1.4280511 1.5944052 -5.7784853 1.7060434 14.874875 3.0938191413879395 0.9372328519821167
Car 0.0 0 -2.5042572021484375 0.0 188.0520782470703 346.8734130859375 310.15496826171875 4.1306324 1.4210502 1.5954074 -5.9099464 1.6443279 9.608541 -3.055685520172119 0.9358916878700256
Car 0.0 0 -0.8152492642402649 1025.216064453125 157.39932250976562 1242.0 375.0 3.7313442 1.5896897 1.6473639 5.287601 1.4965892 5.229382 -0.02431545965373516 0.8432250022888184
Car 0.0 0 2.120342969894409 61.63935089111328 188.68711853027344 174.19361877441406 233.27662658691406 4.2678223 1.574849 1.7921705 -19.786657 2.2636383 29.197151 1.5247466564178467 0.8170486092567444
Car 0.0 0 -2.096874952316284 972.6817016601562 159.6927032470703 1127.6722412109375 246.47718811035156 2.6878023 1.5693457 1.4732075 8.588609 1.3317047 14.397496 -1.5590072870254517 0.6826807856559753
Car 0.0 0 -2.238339900970459 1077.1243896484375 160.891357421875 1242.0 245.51394653320312 3.5318027 1.4562132 1.587623 11.076568 1.2507138 14.183179 -1.575313925743103 0.6248921155929565
Car 0.0 0 1.0676922798156738 423.1918029785156 184.166748046875 488.82855224609375 217.64508056640625 3.7215455 1.5212549 1.6026354 -7.7654357 2.1166391 36.01848 0.8553466796875 0.39992713928222656
Car 0.0 0 0.670278787612915 182.85870361328125 182.27264404296875 320.9964294433594 231.28829956054688 3.736497 1.4239463 1.501676 -11.186244 1.7328552 22.512188 0.20911645889282227 0.3778896629810333
