Pedestrian 0.0 0 -1.3322474956512451 444.78131103515625 167.29330444335938 475.86181640625 218.38552856445312 0.9522565 1.8733585 0.9395677 -5.623529 1.6698271 26.944593 -1.5380011796951294 0.4389825165271759
Pedestrian 0.0 0 -0.4511822462081909 702.2589111328125 155.427001953125 730.2814331054688 201.0892791748047 0.99449587 1.8824733 0.60659754 4.4016557 1.1643858 30.182508 -0.3063684403896332 0.30385294556617737
Pedestrian 0.0 0 -2.358055353164673 105.97713470458984 140.96646118164062 192.2818145751953 268.4027404785156 0.82675856 1.8257307 0.7085563 -6.9173794 1.3692479 10.767946 -2.929072618484497 0.24989615380764008
Pedestrian 0.0 0 1.745127558708191 469.31256103515625 172.3603057861328 489.1963806152344 216.74325561523438 0.7736661 1.8240125 0.69214576 -5.479887 1.8040812 30.03933 1.564687967300415 0.2037351280450821
Pedestrian 0.0 0 3.337067127227783 305.1975402832031 178.4322052001953 350.8892517089844 260.7485656738281 0.79639924 1.7555621 0.82451063 -6.259794 1.8827548 15.926661 2.962576150894165 0.1672462373971939
Pedestrian 0.0 0 0.9192936420440674 411.5130615234375 178.41148376464844 454.4216003417969 235.75869750976562 0.95659244 1.7854502 0.9603055 -5.752545 1.970222 23.26613 0.6769051551818848 0.16090208292007446
Cyclist 0.0 0 -1.3209537267684937 228.6773681640625 158.52090454101562 275.92236328125 223.77520751953125 1.7003285 1.7436794 0.79095954 -10.028994 1.3610384 20.191845 -1.781946063041687 0.19757747650146484
Car 0.0 0 -1.6218124628067017 639.5151977539062 170.60704040527344 679.3339233398438 205.1490020751953 2.8169334 1.4017465 1.5397977 2.0226734 1.3109208 30.697657 -1.5560173988342285 0.8688744306564331
Car 0.0 0 1.7817680835723877 534.1986694335938 175.1939697265625 585.7341918945312 208.53221130371094 4.042952 1.46384 1.6179336 -2.3358996 1.5816299 34.091972 1.7133574485778809 0.8407992720603943
Car 0.0 0 1.622269868850708 561.343994140625 170.3746337890625 593.5648803710938 197.29953002929688 4.1878905 1.4551241 1.6212794 -1.8416978 1.3214875 41.091225 1.5774800777435303 0.4052114486694336
