Car 0.0 0 2.0293161869049072 140.6178436279297 194.08168029785156 332.9435119628906 290.7222900390625 3.8402486 1.4480604 1.6573676 -6.8209567 1.9046991 13.580613 1.5638647079467773 0.9400379061698914
Car 0.0 0 -1.5652681589126587 590.4222412109375 173.7371826171875 642.1635131835938 222.719970703125 3.656602 1.5821031 1.676656 0.18122719 1.61557 25.207447 -1.5580788850784302 0.92922443151474
Car 0.0 0 -1.2863646745681763 851.3045043945312 167.6652069091797 1094.6981201171875 318.897216796875 4.07079 1.4504294 1.5850147 4.600889 1.4010229 8.938834 -0.8110200762748718 0.9054598212242126
Car 0.0 0 1.9082183837890625 356.9784240722656 175.3810272216797 422.1140441894531 211.6515655517578 4.311782 1.6906669 1.7902142 -10.98121 1.8252393 36.127327 1.6131339073181152 0.8060283660888672
Car 0.0 0 1.8773093223571777 400.3801574707031 179.0522918701172 451.4977111816406 206.94631958007812 4.3736095 1.5249987 1.6874144 -10.843344 1.9110887 42.668194 1.6284457445144653 0.5429297685623169
Car 0.0 0 -1.031172752380371 712.8870849609375 175.4649200439453 839.169677734375 237.5216522216797 3.777036 1.4829441 1.5745058 4.4661474 1.5600694 19.306026 -0.8038373589515686 0.5261459946632385
Car 0.0 0 -0.9651554226875305 703.8917236328125 169.45263671875 813.9576416015625 220.60841369628906 3.8515434 1.5368631 1.6197428 4.88045 1.4350346 23.588957 -0.7611384391784668 0.5173688530921936
Car 0.0 0 1.7525231838226318 73.80423736572266 178.0283966064453 124.40093231201172 208.57925415039062 3.8164332 1.545776 1.5838392 -27.770075 1.842564 39.268353 1.1369898319244385 0.5114027261734009
Car 0.0 0 1.8832752704620361 341.158447265625 175.9462432861328 385.7719421386719 202.00875854492188 3.6358442 1.5128978 1.5407816 -15.061109 1.7103059 44.14622 1.5544936656951904 0.47475728392601013
Car 0.0 0 1.7350530624389648 482.59417724609375 178.50704956054688 507.9676208496094 194.83570861816406 4.186816 1.4032531 1.6155542 -10.406607 1.9336967 65.55699 1.5776252746582031 0.47344648838043213
Car 0.0 0 -0.8763972520828247 654.262451171875 170.88589477539062 729.65576171875 200.60520935058594 4.118248 1.4560072 1.6186135 4.2501993 1.359944 37.35489 -0.7631055116653442 0.44017788767814636
Car 0.0 0 -0.9081156253814697 714.0364379882812 173.80044555664062 894.2252197265625 248.5642547607422 4.094563 1.4326645 1.6196778 4.2601247 1.4561446 15.74799 -0.6439204216003418 0.4376387894153595
