Pedestrian 0.0 0 2.0708556175231934 269.5973205566406 178.78672790527344 324.2915344238281 263.8631286621094 0.8334013 1.6842248 0.713645 -6.319749 1.6519374 14.438489 1.658276081085205 0.33866384625434875
Pedestrian 0.0 0 -3.6227803230285645 992.9669799804688 113.28834533691406 1064.1734619140625 241.85763549804688 0.68851227 1.7253256 0.5000168 5.7834826 0.8250556 9.75148 -3.087458848953247 0.2622678875923157
Pedestrian 0.0 0 -2.984829902648926 506.96514892578125 166.76869201660156 520.8604736328125 188.71046447753906 1.1157277 1.8803581 0.5454497 -7.8220015 0.7048116 60.876236 -3.1126198768615723 0.23843519389629364
Pedestrian 0.0 0 3.126739501953125 122.85238647460938 109.93289947509766 196.20880126953125 249.412353515625 0.83513814 1.8301938 0.680161 -6.212293 0.9059139 9.786017 2.561114549636841 0.1739816665649414
Pedestrian 0.0 0 -2.1913540363311768 118.22914123535156 153.7174835205078 138.0821533203125 193.2387237548828 0.6179602 1.9173706 0.5506441 -23.394125 0.61945796 34.663326 -2.785032033920288 0.16322733461856842
Pedestrian 0.0 0 -0.26173001527786255 724.5697021484375 162.2742919921875 736.391357421875 185.01258850097656 0.8070235 1.7878832 0.54163337 9.930593 0.3560603 55.893803 -0.08589588105678558 0.16091930866241455
Pedestrian 0.0 0 0.07967138290405273 769.218994140625 156.9028778076172 800.7214965820312 187.38430786132812 1.7134024 1.7258343 0.54993117 10.318298 0.39116997 40.56442 0.32875704765319824 0.11901187151670456
Cyclist 0.0 0 -1.6537226438522339 987.28125 146.38893127441406 1028.096435546875 214.89024353027344 1.7092156 1.695497 0.779857 10.438452 0.8528001 18.434769 -1.1384987831115723 0.848641574382782
Cyclist 0.0 0 0.9225021600723267 873.6489868164062 156.17532348632812 908.0830688476562 193.5074462890625 1.8068507 1.7190647 0.52505034 13.507332 0.60042113 33.493767 1.305832028388977 0.24646219611167908
Cyclist 0.0 0 -1.8660740852355957 1031.3580322265625 166.22816467285156 1085.331787109375 234.1129150390625 1.5472645 1.6223731 0.7154306 11.304372 1.2828938 17.73407 -1.2985804080963135 0.24448972940444946
Cyclist 0.0 0 0.07967138290405273 769.218994140625 156.9028778076172 800.7214965820312 187.38430786132812 1.7134024 1.7258343 0.54993117 10.318298 0.39116997 40.56442 0.32875704765319824 0.16133175790309906
Car 0.0 0 -0.8348907232284546 0.0 202.32568359375 299.63037109375 370.0 3.6882281 1.4482081 1.6192883 -3.1510475 1.6138334 3.45855 -1.5737987756729126 0.8492908477783203
Car 0.0 0 1.709340214729309 438.62481689453125 175.7023162841797 473.2161865234375 200.21359252929688 4.0043473 1.5164895 1.6567478 -9.607201 1.2210132 45.793476 1.5025452375411987 0.6222028136253357
Car 0.0 0 1.7476897239685059 426.9046936035156 175.9266357421875 451.51361083984375 191.29222106933594 4.1230493 1.4323313 1.6060858 -15.882654 1.0071611 68.00476 1.5182503461837769 0.24353107810020447
