Pedestrian 0.0 0 -0.6485304236412048 1091.059326171875 165.68829345703125 1140.1025390625 243.58053588867188 0.7077715 1.7608608 0.59750754 11.588991 1.5992284 16.621155 -0.0396568737924099 0.20987346768379211
Pedestrian 0.0 0 -2.0376176834106445 1052.951904296875 110.61355590820312 1100.5911865234375 199.68008422851562 0.84572 1.8702931 0.54005307 10.026805 0.56367433 15.597424 -1.4662853479385376 0.17720907926559448
Pedestrian 0.0 0 -3.482128381729126 860.4116821289062 121.4570541381836 914.752197265625 211.27359008789062 0.89788103 1.8271351 0.61825573 5.7070084 0.78192633 14.9949 -3.118460178375244 0.167138010263443
Pedestrian 0.0 0 -2.1127703189849854 1159.2469482421875 184.69151306152344 1204.02392578125 248.748046875 0.9773058 1.6516681 0.5061706 15.235804 1.9773335 19.309292 -1.4447481632232666 0.1654452234506607
Pedestrian 0.0 0 2.509493589401245 1003.3994750976562 119.4227066040039 1062.3167724609375 217.95237731933594 0.7825849 1.8205891 0.5587277 7.939123 0.83366627 13.648446 3.0363388061523438 0.1614539921283722
Cyclist 0.0 0 -1.7617582082748413 750.0340576171875 171.36184692382812 764.5944213867188 200.24221801757812 1.9652348 1.808601 0.54707456 9.384952 1.7155143 46.16797 -1.5612123012542725 0.31643804907798767
Cyclist 0.0 0 2.140413284301758 193.78817749023438 170.08447265625 219.9274139404297 198.7806854248047 1.6369979 1.656148 0.5483009 -23.75164 1.4966674 42.472847 1.6305192708969116 0.16579361259937286
Cyclist 0.0 0 -2.001718044281006 1153.5037841796875 188.06690979003906 1199.234619140625 252.9164276123047 1.3967872 1.6560774 0.42423764 15.232571 2.0828555 19.493586 -1.338412880897522 0.1638915240764618
Cyclist 0.0 0 -0.5698520541191101 1041.046875 111.00421142578125 1106.0634765625 200.2741241455078 1.0513157 1.8963963 0.5520456 9.96263 0.5828543 15.602015 -0.001569855259731412 0.1011369600892067
Car 0.0 0 -1.579921007156372 578.5326538085938 171.20452880859375 638.2322998046875 228.5747833251953 4.5348105 1.6436521 1.7115666 -0.1262267 1.5967531 22.948914 -1.5854213237762451 0.9069730043411255
Car 0.0 0 -1.1095458269119263 205.73883056640625 173.01927185058594 266.6225280761719 200.57164001464844 3.6664891 1.508874 1.6399832 -21.396393 1.5191338 41.379696 -1.5867596864700317 0.8377676010131836
Car 0.0 0 2.2302513122558594 0.0 173.6791229248047 105.47836303710938 222.5875701904297 4.099349 1.658045 1.6010008 -20.856022 1.6911534 26.581717 1.5649712085723877 0.7974085807800293
Car 0.0 0 -1.0330686569213867 115.96106719970703 168.9899444580078 205.65234375 210.47659301757812 4.154681 1.8432658 1.7148942 -21.169044 1.671943 34.147224 -1.5880171060562134 0.768308162689209
