Pedestrian 0.0 0 0.9773345589637756 649.229248046875 120.07259368896484 746.2045288085938 299.10302734375 0.92345303 1.7205558 0.5747936 0.8919544 1.1415203 7.331983 1.0983922481536865 0.5842171907424927
Pedestrian 0.0 0 2.6650068759918213 842.3388671875 152.27084350585938 937.6326904296875 291.4638671875 0.9096136 1.6522213 0.6180331 3.4582198 1.318823 8.740502 3.041761636734009 0.4737461507320404
Pedestrian 0.0 0 3.2112176418304443 503.5430908203125 143.3077850341797 527.5552368164062 186.30641174316406 1.0181097 1.8885874 0.62139434 -3.9856744 0.25649872 31.389101 3.0849170684814453 0.4172796607017517
Pedestrian 0.0 0 0.9019242525100708 720.3583374023438 151.47305297851562 825.80712890625 330.4573974609375 0.9055443 1.7253659 0.6415076 1.6791469 1.4472498 7.3575034 1.1263036727905273 0.34830713272094727
Pedestrian 0.0 0 -1.4072043895721436 165.84693908691406 157.61178588867188 198.1839599609375 225.46621704101562 0.6869467 1.8943247 0.69114584 -12.099791 1.2569191 20.180532 -1.9473130702972412 0.2544819116592407
Pedestrian 0.0 0 -1.7213149070739746 110.17585754394531 139.99240112304688 162.6092071533203 254.45376586914062 0.7231565 1.8287284 0.6244496 -7.8506465 1.1832006 11.768976 -2.309591770172119 0.23100407421588898
Pedestrian 0.0 0 -1.4409770965576172 350.22613525390625 145.0847625732422 373.58343505859375 201.4233856201172 0.76159304 1.9153249 0.6734138 -8.437314 0.7128601 24.472992 -1.772976279258728 0.2032642811536789
Pedestrian 0.0 0 1.5912797451019287 555.1396484375 146.3101348876953 570.068603515625 188.66525268554688 1.2225808 1.7925864 0.621114 -1.8458759 0.34705645 30.542503 1.5309168100357056 0.17529292404651642
Pedestrian 0.0 0 3.311004161834717 410.1235656738281 148.90269470214844 440.8951721191406 191.09104919433594 1.2112044 1.8034678 0.5702219 -7.770775 0.45422375 30.552347 3.0619421005249023 0.17012710869312286
Pedestrian 0.0 0 -2.1135222911834717 625.6961059570312 157.56057739257812 662.7053833007812 204.2003173828125 1.7497417 1.6907701 0.5600203 1.4284476 0.8606973 26.530657 -2.0597329139709473 0.1302095502614975
Cyclist 0.0 0 -2.1135222911834717 625.6961059570312 157.56057739257812 662.7053833007812 204.2003173828125 1.7497417 1.6907701 0.5600203 1.4284476 0.8606973 26.530657 -2.0597329139709473 0.2914575934410095
Cyclist 0.0 0 -1.555553913116455 556.7177124023438 146.93565368652344 571.14990234375 189.06683349609375 1.5936723 1.7693367 0.6001045 -1.784178 0.3612539 30.497234 -1.613990306854248 0.18023864924907684
Cyclist 0.0 0 1.859493374824524 505.3936462402344 143.22137451171875 525.666015625 186.0662384033203 0.9103966 1.8729626 0.6630813 -3.988792 0.2447992 31.40647 1.7331643104553223 0.11757653951644897
Cyclist 0.0 0 3.311004161834717 410.1235656738281 148.90269470214844 440.8951721191406 191.09104919433594 1.2112044 1.8034678 0.5702219 -7.770775 0.45422375 30.552347 3.0619421005249023 0.10351978987455368
