Pedestrian 0.0 0 3.3460259437561035 340.9621887207031 128.18763732910156 440.0348205566406 280.4541320800781 1.0788548 1.8094282 0.5677584 -2.7413378 1.2790023 8.904866 3.0473856925964355 0.6429925560951233
Pedestrian 0.0 0 2.0521223545074463 1219.6502685546875 158.26559448242188 1242.0 198.49618530273438 1.4747608 1.819287 0.6336081 28.830185 1.1599355 33.190716 2.7673285007476807 0.12255778908729553
Cyclist 0.0 0 -1.863517165184021 905.9349975585938 175.6068878173828 930.649169921875 219.2302703857422 1.3134428 1.4766333 0.4296969 10.704908 1.5756613 25.182579 -1.4615687131881714 0.17145338654518127
Cyclist 0.0 0 1.5035715103149414 1228.02734375 158.4596710205078 1242.0 199.33767700195312 1.9065337 1.8303057 0.6080156 28.91554 1.1861597 33.247314 2.219397783279419 0.1291152834892273
Car 0.0 0 0.7260331511497498 97.23872375488281 180.682861328125 286.8887023925781 260.0224304199219 3.2945437 1.5551721 1.5901992 -8.95228 1.7354162 15.467725 0.201369047164917 0.9296783804893494
Car 0.0 0 -0.4511197805404663 1032.9609375 169.18502807617188 1242.0 283.7156982421875 4.2594743 1.6449351 1.6900519 9.436759 1.5925976 11.666694 0.2290022373199463 0.8870841860771179
Car 0.0 0 2.050914764404297 64.49423217773438 186.84762573242188 187.82643127441406 240.22727966308594 3.7351947 1.4052105 1.5599277 -14.600744 1.8689319 21.948986 1.4639195203781128 0.1261725127696991
Car 0.0 0 0.5831139087677002 236.84054565429688 174.78977966308594 289.14227294921875 191.884521484375 4.1247363 1.5491959 1.6659148 -32.09697 1.7315681 66.73836 0.13483238220214844 0.11883530765771866
Car 0.0 0 -2.0911710262298584 330.11700439453125 178.30575561523438 384.40838623046875 204.33099365234375 3.7672837 1.5867217 1.6535826 -16.386179 1.9534061 46.623413 -2.4291443824768066 0.11850620806217194
Car 0.0 0 0.5559550523757935 1118.750732421875 165.1289520263672 1242.0 253.81419372558594 3.9720254 1.5126065 1.6510689 12.6738205 1.3812066 14.443886 1.2761722803115845 0.11357128620147705
