Pedestrian 0.0 0 -2.2095065116882324 926.188232421875 208.5118408203125 1061.99169921875 313.0459289550781 1.2234308 1.0780044 0.85906994 4.457634 1.5351596 8.568558 -1.7298049926757812 0.2696276009082794
Pedestrian 0.0 0 -0.9931657314300537 172.78912353515625 209.03213500976562 232.7041473388672 255.3068389892578 1.379911 1.1672121 0.83126324 -11.326694 2.207822 20.02932 -1.5078355073928833 0.19221918284893036
Pedestrian 0.0 0 3.6633429527282715 81.79057312011719 127.85623931884766 157.54241943359375 257.5780944824219 0.6935681 1.7590994 0.55225694 -6.892413 1.149263 10.083951 3.063774585723877 0.18513664603233337
Pedestrian 0.0 0 3.4908061027526855 91.62932586669922 111.45707702636719 160.33880615234375 203.21685791015625 1.0283619 1.8125411 0.5639214 -9.859445 0.60011864 14.64737 2.898348808288574 0.18228557705879211
Cyclist 0.0 0 3.2182040214538574 317.126708984375 172.42434692382812 348.4908142089844 207.935546875 1.6349742 2.0037975 0.5640722 -15.85866 1.979912 41.21614 2.8508970737457275 0.16286516189575195
Cyclist 0.0 0 -1.5342730283737183 591.271484375 171.5133056640625 601.724853515625 202.26856994628906 1.6657075 1.6914788 0.52866423 -0.7873429 1.6181008 40.51764 -1.553702712059021 0.1493874043226242
Cyclist 0.0 0 2.4351584911346436 92.68529510498047 111.63953399658203 167.57925415039062 204.06581115722656 1.1818361 1.8012382 0.5748687 -9.807504 0.6086253 14.705758 1.8469834327697754 0.11475583910942078
Car 0.0 0 -1.682155966758728 601.5657348632812 172.5856475830078 661.0092163085938 221.40391540527344 3.6819618 1.531637 1.6028992 0.606483 1.5235755 24.5384 -1.6574453115463257 0.9308727383613586
Car 0.0 0 1.6701390743255615 491.225341796875 166.978759765625 529.9835815429688 199.71884155273438 3.889629 1.6471648 1.660022 -5.256037 1.3519375 38.272346 1.5336602926254272 0.9053962826728821
Car 0.0 0 1.5394033193588257 603.4658203125 167.72393798828125 644.3470458984375 204.1915283203125 3.9056222 1.4533756 1.6040757 0.4960385 1.2492807 30.718155 1.5555499792099 0.30822664499282837
Car 0.0 0 -1.5853434801101685 589.1109008789062 168.6055450439453 618.9407958984375 197.400390625 4.045954 1.6007991 1.6593637 -0.41662654 1.3649718 42.152527 -1.5952270030975342 0.2854749262332916
Car 0.0 0 -1.6155067682266235 595.0256958007812 164.1035614013672 629.24658203125 194.33950805664062 3.5909119 1.4670571 1.578499 0.029994324 1.0428412 36.83482 -1.6146924495697021 0.18399249017238617
