Pedestrian 0.0 0 1.67592453956604 409.5555725097656 164.79446411132812 438.2896728515625 217.89801025390625 0.9804263 1.8428805 0.89060515 -6.6328177 1.5635442 25.587866 1.4222897291183472 0.2606718838214874
Pedestrian 0.0 0 1.3324662446975708 901.968505859375 145.41380310058594 935.3009643554688 224.94639587402344 0.64766985 1.7618984 0.55531645 6.9348974 1.1543692 16.346176 1.7337031364440918 0.1619262993335724
Pedestrian 0.0 0 0.8414767384529114 144.0715789794922 174.32611083984375 193.84902954101562 249.7959747314453 0.76552296 1.7196516 0.6481586 -10.35902 1.7553012 16.874811 0.29091763496398926 0.15398792922496796
Pedestrian 0.0 0 0.037992238998413086 311.6971130371094 192.96949768066406 358.35064697265625 283.9981384277344 0.82447064 1.688864 0.53894603 -5.3537145 2.0888476 13.943636 -0.3286052942276001 0.15046033263206482
Pedestrian 0.0 0 -1.7482117414474487 923.221435546875 165.14366149902344 941.60546875 207.0142364501953 1.2073722 1.6432364 0.4655972 12.889777 1.3409975 28.956285 -1.3294016122817993 0.13487671315670013
Pedestrian 0.0 0 2.2232861518859863 919.531982421875 157.99530029296875 946.364990234375 198.31497192382812 1.1552739 1.7548583 0.48045024 14.234768 1.1085116 31.888336 2.6431374549865723 0.12473282963037491
Pedestrian 0.0 0 -3.474001884460449 1042.9033203125 165.68179321289062 1138.503173828125 306.6850280761719 0.84470814 1.7617632 0.7475395 6.2318983 1.6725079 9.478881 -2.892406702041626 0.1225334107875824
Cyclist 0.0 0 -0.7054378986358643 1132.517822265625 119.61996459960938 1240.4720458984375 200.9827423095703 1.7679813 1.7392418 0.7825343 12.582804 0.60164845 15.842398 -0.03421371430158615 0.346836656332016
Cyclist 0.0 0 -1.718275785446167 923.2793579101562 164.96450805664062 941.02001953125 205.89662170410156 1.3865709 1.607738 0.4511023 12.927594 1.2982115 29.066288 -1.2997859716415405 0.18902254104614258
Car 0.0 0 1.690313696861267 634.6549072265625 176.14413452148438 658.9503784179688 192.9206085205078 4.0017085 1.4250075 1.6966597 3.286454 1.7279125 64.231026 1.7414352893829346 0.4772774875164032
Car 0.0 0 1.6850619316101074 508.23883056640625 168.64627075195312 542.9175415039062 196.1562042236328 3.727649 1.528901 1.5900698 -4.8995 1.2954088 41.963047 1.5688307285308838 0.28342002630233765
Car 0.0 0 0.7243459224700928 785.1676635742188 179.67221069335938 860.0424194335938 208.29827880859375 4.0326896 1.5118251 1.6342415 12.059346 1.9223866 41.26549 1.0086665153503418 0.17565609514713287
