Pedestrian 0.0 0 2.328897714614868 0.0 123.9233169555664 63.02940368652344 283.2178649902344 0.6105794 1.8232895 0.5880287 -7.090805 1.2635854 8.580412 1.6382684707641602 0.5764645934104919
Cyclist 0.0 0 2.243290662765503 209.22035217285156 181.58828735351562 241.8679656982422 214.77809143066406 1.5352526 1.5557375 0.5682944 -18.699343 1.9901679 35.04946 1.7531933784484863 0.8000373840332031
Cyclist 0.0 0 2.0165717601776123 256.70306396484375 176.29367065429688 288.1412658691406 217.36802673339844 1.6326227 1.6743151 0.550028 -14.231257 1.8233403 30.364729 1.5782947540283203 0.4848023056983948
Car 0.0 0 -2.45908260345459 194.2495880126953 181.1794891357422 414.2808837890625 270.80078125 3.8420668 1.5920067 1.6876185 -6.114822 1.7741448 14.407758 -2.860454797744751 0.9352744817733765
Car 0.0 0 -1.509957194328308 554.5979614257812 186.52879333496094 611.5610961914062 233.3970184326172 3.4502501 1.3558705 1.657041 -0.86002046 1.8372688 23.634008 -1.546330213546753 0.931837797164917
Car 0.0 0 -2.2993783950805664 374.8751525878906 180.18324279785156 487.07757568359375 226.4819793701172 4.0099225 1.5049388 1.6382017 -6.487187 1.7859722 25.825272 -2.5454816818237305 0.89994877576828
Car 0.0 0 -1.4457834959030151 519.3961181640625 181.34445190429688 562.5173950195312 214.12957763671875 3.7763927 1.4367476 1.5958763 -3.2864034 1.865816 34.518646 -1.5407040119171143 0.7841057777404785
Car 0.0 0 -1.6170902252197266 575.7389526367188 179.67784118652344 615.083984375 217.0094757080078 3.577861 1.5586067 1.6040258 -0.7469426 1.8850294 32.63447 -1.6399743556976318 0.691149115562439
Car 0.0 0 -2.2674219608306885 409.61114501953125 182.1338653564453 503.707275390625 222.199462890625 3.7789643 1.4503676 1.6131738 -6.186549 1.8436122 28.747494 -2.4793922901153564 0.6167646050453186
Car 0.0 0 -2.5041351318359375 1060.443115234375 199.53533935546875 1242.0 375.0 3.6852877 1.4783434 1.6015881 3.0922635 1.6238528 2.0390232 -1.516290307044983 0.5579305291175842
Car 0.0 0 2.0034372806549072 223.5306396484375 182.00115966796875 294.20599365234375 218.18374633789062 3.442189 1.4796076 1.5253891 -15.585524 1.9091432 32.1158 1.5516254901885986 0.44457224011421204
