Pedestrian 0.0 0 -2.773261308670044 324.5269470214844 163.04527282714844 407.89813232421875 303.89483642578125 0.8037801 1.7052233 0.68680453 -3.1080573 1.5868298 9.091475 -3.102670669555664 0.8349843621253967
Pedestrian 0.0 0 1.2581244707107544 700.1486206054688 173.27923583984375 754.44287109375 267.9689636230469 0.7738089 1.699727 0.7930233 2.1145926 1.7082437 13.397048 1.414673089981079 0.6898496150970459
Pedestrian 0.0 0 -0.1195778101682663 618.4717407226562 184.64076232910156 638.7662353515625 225.15621948242188 0.79419833 1.6903923 0.6026325 0.74578416 2.1967628 30.635576 -0.09523888677358627 0.4604383409023285
Pedestrian 0.0 0 -1.5426123142242432 535.3909912109375 175.11239624023438 550.9427490234375 213.79945373535156 0.8551915 1.6798284 0.66077715 -2.9838998 1.7812176 31.827667 -1.636090874671936 0.46017393469810486
Pedestrian 0.0 0 1.2762038707733154 581.3787231445312 173.85813903808594 594.896728515625 201.75848388671875 0.7685444 1.8322144 0.70336765 -1.4841276 1.8998871 47.891438 1.2452243566513062 0.273510217666626
Pedestrian 0.0 0 -2.166916608810425 87.12896728515625 87.55644226074219 213.4069061279297 294.13555908203125 0.7930933 1.7702233 0.6437305 -4.270695 1.0396471 6.631764 -2.7390451431274414 0.19912175834178925
Pedestrian 0.0 0 1.1353260278701782 1001.5617065429688 150.85662841796875 1047.18115234375 237.66311645507812 0.69542813 1.760645 0.582093 8.554876 1.3148432 15.002368 1.6535719633102417 0.1975240558385849
Pedestrian 0.0 0 0.2716081142425537 440.8298034667969 158.22369384765625 465.3576965332031 204.57640075683594 0.8187181 1.8247331 0.62138605 -6.286688 1.2491505 28.734701 0.05621814727783203 0.1943010687828064
Pedestrian 0.0 0 1.916874647140503 296.30035400390625 122.37351989746094 348.95928955078125 234.37828063964844 0.74426764 1.836983 0.6140726 -4.9040422 1.0094136 12.214012 1.5350675582885742 0.18340738117694855
Cyclist 0.0 0 1.6840295791625977 498.9117736816406 167.58880615234375 520.9722900390625 215.5521697998047 2.0847073 1.8491383 0.6459009 -4.0293517 1.6465063 28.865034 1.5453330278396606 0.7824527621269226
Cyclist 0.0 0 1.8192287683486938 464.3480224609375 174.13644409179688 498.08221435546875 235.8248291015625 1.824124 1.7216537 0.5425699 -3.7930741 1.7611741 21.102106 1.6413793563842773 0.7421447038650513
Cyclist 0.0 0 -1.5426123142242432 535.3909912109375 175.11239624023438 550.9427490234375 213.79945373535156 0.8551915 1.6798284 0.66077715 -2.9838998 1.7812176 31.827667 -1.636090874671936 0.1947873830795288
Car 0.0 0 -2.084683418273926 1128.707275390625 190.02947998046875 1242.0 283.914794921875 3.6624315 1.4496906 1.5904287 11.708519 1.8249807 13.799748 -1.381084680557251 0.23898179829120636
Car 0.0 0 -2.4994592666625977 1114.7734375 161.2714080810547 1242.0 213.1126251220703 3.8066952 1.5676671 1.6067032 19.054228 1.2177701 23.860775 -1.8255977630615234 0.2314334213733673
Car 0.0 0 -1.6798995733261108 502.6944885253906 175.10780334472656 528.2566528320312 194.67239379882812 3.7176273 1.4621099 1.5795805 -7.4394164 1.6447872 56.37217 -1.8111109733581543 0.19277134537696838
