Pedestrian 0.0 0 -3.4035987854003906 954.5712280273438 159.8872833251953 970.6314697265625 186.82350158691406 0.87422305 1.833287 0.55695534 24.138908 0.95112586 49.462124 -2.9495744705200195 0.43740805983543396
Pedestrian 0.0 0 -0.7477198839187622 866.50244140625 138.6175994873047 891.77587890625 192.87022399902344 0.64128643 1.9086471 0.55169946 9.562879 0.70454353 25.758947 -0.39224541187286377 0.13970385491847992
Pedestrian 0.0 0 -0.1294465959072113 809.7666625976562 152.1260223388672 829.3926391601562 190.0740509033203 0.8798354 1.8820428 0.5435584 10.449211 0.85439086 36.11744 0.1521761417388916 0.13218209147453308
Pedestrian 0.0 0 -3.7252919673919678 1201.8902587890625 160.96804809570312 1242.0 204.4031219482422 1.4027112 1.9095047 0.5745247 27.248638 1.3873292 32.087074 -3.021257162094116 0.12182933837175369
Pedestrian 0.0 0 1.387017011642456 907.7450561523438 137.0742950439453 932.5833129882812 194.0529327392578 0.7452914 1.8359358 0.62156385 10.126649 0.68341875 23.67783 1.7911595106124878 0.10757732391357422
Pedestrian 0.0 0 -2.358187675476074 214.88575744628906 154.49288940429688 239.68624877929688 199.523193359375 0.7588448 1.9260869 0.58290315 -16.614126 1.141083 31.248785 -2.846851110458374 0.10730863362550735
Cyclist 0.0 0 -1.886993169784546 1208.703125 161.81591796875 1240.6268310546875 205.4423065185547 1.7246207 1.887604 0.5716751 27.306818 1.4103719 32.122707 -1.1824536323547363 0.14118783175945282
Car 0.0 0 -1.5336623191833496 599.7080078125 176.85943603515625 630.0281372070312 205.5895538330078 3.676882 1.6313616 1.688782 0.29703444 1.8828608 43.364067 -1.5268126726150513 0.9154086709022522
Car 0.0 0 -1.27214777469635 440.1542053222656 175.9420928955078 467.14422607421875 191.9230194091797 3.477741 1.4625828 1.5522314 -14.836549 1.7639363 68.526695 -1.4853644371032715 0.24109385907649994
Car 0.0 0 -1.473313808441162 891.6778564453125 162.9847869873047 927.763916015625 189.8008575439453 3.8503468 1.5137168 1.6114682 17.780947 0.95697606 42.804306 -1.079601764678955 0.10473283380270004
