Pedestrian 0.0 0 -0.5835999846458435 1003.4466552734375 116.0330581665039 1075.572509765625 249.9601287841797 0.58304965 1.8742808 0.7482783 6.1708927 1.0794417 10.483696 -0.05159155651926994 0.2852523922920227
Pedestrian 0.0 0 2.072322368621826 121.07707214355469 185.30958557128906 149.30128479003906 229.01417541503906 0.9310419 1.727984 0.58223414 -19.30919 2.2424421 29.29085 1.4894909858703613 0.22694382071495056
Pedestrian 0.0 0 1.230901837348938 779.2758178710938 147.69544982910156 804.9154663085938 204.55300903320312 0.75320977 1.953924 0.65324575 6.309593 1.0897021 25.198833 1.4762496948242188 0.14261482656002045
Cyclist 0.0 0 1.85394287109375 269.45819091796875 185.85140991210938 301.6603088378906 233.6421661376953 1.6698678 1.6703167 0.6424236 -11.968692 2.1648846 26.561176 1.4305830001831055 0.16993941366672516
Cyclist 0.0 0 2.072322368621826 121.07707214355469 185.30958557128906 149.30128479003906 229.01417541503906 0.9310419 1.727984 0.58223414 -19.30919 2.2424421 29.29085 1.4894909858703613 0.14741195738315582
Car 0.0 0 3.300959587097168 397.2103576660156 184.45965576171875 490.39111328125 216.03543090820312 4.3677745 1.5171428 1.6607932 -8.349324 2.1179504 36.354477 3.0752100944519043 0.9057577252388
Car 0.0 0 -3.676893472671509 1034.75927734375 176.43687438964844 1091.0238037109375 195.68777465820312 3.4926107 1.5196488 1.6373427 36.434734 1.8129797 58.136616 -3.1170661449432373 0.21040908992290497
Car 0.0 0 -2.555622100830078 70.2032470703125 192.3675994873047 199.7357635498047 238.50611877441406 3.3839707 1.4772581 1.5624117 -16.143242 2.1630971 24.555069 -3.1372029781341553 0.2092035710811615
Car 0.0 0 1.7849576473236084 228.1404571533203 185.93724060058594 303.4047546386719 231.6800079345703 3.6242611 1.4464777 1.7030185 -12.295668 1.9518793 25.892076 1.3416060209274292 0.20721137523651123
Car 0.0 0 -3.3348419666290283 1052.423095703125 166.3684539794922 1151.1126708984375 198.8709716796875 3.7348125 1.5186099 1.5984753 23.837715 1.2159445 35.17617 -2.739262580871582 0.18768058717250824
