Pedestrian 0.0 0 -1.077717661857605 258.11688232421875 186.4750213623047 399.9070739746094 374.0 0.9321793 1.6033003 0.84882253 -2.44968 1.6528019 6.429959 -1.4417200088500977 0.7925351858139038
Pedestrian 0.0 0 2.006070137023926 531.0701904296875 176.27490234375 560.80615234375 237.79843139648438 0.7625491 1.7809893 0.6143774 -1.6660632 1.6308689 21.256413 1.9278507232666016 0.7104184031486511
Pedestrian 0.0 0 1.651935338973999 554.5173950195312 177.65562438964844 578.3975830078125 233.18853759765625 0.8882945 1.843533 0.73922586 -1.2005388 1.7169951 24.299704 1.6025699377059937 0.6898960471153259
Pedestrian 0.0 0 -1.4607272148132324 576.0363159179688 175.22744750976562 609.1007080078125 243.49081420898438 0.92858076 1.727055 0.76431346 -0.25327072 1.5695412 18.670128 -1.4742919206619263 0.6835761070251465
Pedestrian 0.0 0 1.560683012008667 695.7540893554688 169.5498046875 718.7771606445312 225.59005737304688 0.8484108 1.7772069 0.7237835 3.3930883 1.3993328 23.246971 1.705617904663086 0.6504392027854919
Pedestrian 0.0 0 1.4313745498657227 599.6876220703125 176.68824768066406 617.1195678710938 221.23460388183594 0.79552203 1.8129814 0.6138388 0.26695675 1.618142 29.66702 1.4403727054595947 0.5378901362419128
Pedestrian 0.0 0 2.6223771572113037 902.1879272460938 170.43719482421875 976.076416015625 293.4368896484375 0.760784 1.7234384 0.61793584 4.8327084 1.5697478 10.402403 3.057286262512207 0.5344254970550537
Pedestrian 0.0 0 1.4090946912765503 622.0557861328125 178.59237670898438 639.6834106445312 221.46609497070312 0.7830107 1.7497627 0.60964906 1.1979471 1.6320884 29.739637 1.4493540525436401 0.4611406624317169
Pedestrian 0.0 0 1.2681629657745361 608.127685546875 178.2159881591797 627.5457153320312 219.8490753173828 0.727168 1.7641879 0.6460611 0.68671185 1.6260014 30.875353 1.290400743484497 0.4381897449493408
Pedestrian 0.0 0 -0.5538809299468994 751.8934326171875 170.32334899902344 785.8961181640625 219.5284881591797 0.9870705 1.7372063 0.6673016 5.996851 1.343669 25.832537 -0.3257778584957123 0.4341666102409363
Pedestrian 0.0 0 -2.613415002822876 256.527587890625 180.9181671142578 351.8232116699219 324.6539306640625 0.85181755 1.6405379 0.6254738 -3.5748584 1.6352471 8.56248 -3.008918285369873 0.4280567169189453
Pedestrian 0.0 0 -3.0950074195861816 768.758056640625 172.56072998046875 828.5145263671875 258.9828186035156 1.1331108 1.6833103 0.75948775 3.9572365 1.510445 14.524522 -2.8290114402770996 0.3266673684120178
Pedestrian 0.0 0 -1.562873363494873 485.3046569824219 197.30763244628906 514.02587890625 272.4569396972656 0.7317721 1.6206995 0.6218061 -2.3100922 1.9843616 16.063656 -1.705702781677246 0.28777551651000977
Pedestrian 0.0 0 2.8087961673736572 778.624755859375 146.22740173339844 856.2250366210938 220.6892547607422 1.7140558 1.806455 0.6750783 5.302422 0.9519305 17.798573 3.098336935043335 0.27395206689834595
Pedestrian 0.0 0 1.6189188957214355 442.40673828125 182.60128784179688 493.4200744628906 289.3525390625 1.6320856 1.6696754 0.7721764 -2.2632515 1.6908368 12.111315 1.4341788291931152 0.22651436924934387
Pedestrian 0.0 0 1.7653731107711792 632.2689208984375 179.76698303222656 643.377685546875 200.667724609375 1.5165609 1.6763854 0.6220996 2.9900901 1.5378953 58.424026 1.8165075778961182 0.14923115074634552
Cyclist 0.0 0 1.6384485960006714 438.8768310546875 181.2730255126953 497.48809814453125 287.3086853027344 1.6457391 1.6460781 0.85830635 -2.236335 1.6438546 12.015814 1.4544379711151123 0.5102130770683289
Cyclist 0.0 0 -2.908782482147217 739.9169921875 177.41751098632812 834.7941284179688 263.662353515625 1.7278987 1.6603818 0.79975474 3.733238 1.5830407 14.582377 -2.6581552028656006 0.4163515567779541
Cyclist 0.0 0 1.7653731107711792 632.2689208984375 179.76698303222656 643.377685546875 200.667724609375 1.5165609 1.6763854 0.6220996 2.9900901 1.5378953 58.424026 1.8165075778961182 0.34344351291656494
Cyclist 0.0 0 -1.6975398063659668 769.6114501953125 178.66754150390625 850.9766235351562 359.47210693359375 1.825312 1.7553129 0.6126565 2.2012072 1.7291853 7.918463 -1.4264013767242432 0.3159807324409485
Cyclist 0.0 0 2.8087961673736572 778.624755859375 146.22740173339844 856.2250366210938 220.6892547607422 1.7140558 1.806455 0.6750783 5.302422 0.9519305 17.798573 3.098336935043335 0.30934545397758484
Cyclist 0.0 0 -1.4338719844818115 756.2685546875 169.81503295898438 781.263916015625 220.66017150878906 1.224664 1.7823092 0.71844643 6.0143294 1.3737702 25.877926 -1.2055144309997559 0.21876196563243866
Cyclist 0.0 0 -1.562873363494873 485.3046569824219 197.30763244628906 514.02587890625 272.4569396972656 0.7317721 1.6206995 0.6218061 -2.3100922 1.9843616 16.063656 -1.705702781677246 0.13287512958049774
