Pedestrian 0.0 0 1.776020884513855 275.41778564453125 178.0767822265625 319.88055419921875 264.7652282714844 0.8256675 1.7135508 0.6816617 -6.308143 1.6672814 14.44505 1.3642827272415161 0.5509330630302429
Pedestrian 0.0 0 2.533639907836914 989.138671875 109.48303985595703 1068.4669189453125 242.69129943847656 0.7465109 1.7797624 0.5699354 5.7866673 0.8325945 9.75297 3.069135904312134 0.5389862656593323
Pedestrian 0.0 0 3.5168018341064453 116.91645812988281 106.63359832763672 204.9405517578125 246.84815979003906 0.8752866 1.8732412 0.60822254 -6.1956387 0.8880713 9.821456 2.9540233612060547 0.37645626068115234
Cyclist 0.0 0 -1.6593490839004517 987.2471923828125 143.8158416748047 1028.2596435546875 212.92044067382812 1.7116597 1.7141461 0.7768089 10.461984 0.80578816 18.473291 -1.1440547704696655 0.8560547232627869
Cyclist 0.0 0 1.1362836360931396 877.4766845703125 156.29281616210938 905.4199829101562 192.39537048339844 1.8239763 1.6653925 0.5041663 13.553235 0.5501831 33.534374 1.520370602607727 0.41542568802833557
Car 0.0 0 -0.810011088848114 0.0 206.3988800048828 292.4808654785156 370.0 3.6906435 1.485732 1.6104904 -3.1770396 1.6790203 3.37531 -1.5651590824127197 0.8850424885749817
Car 0.0 0 -0.42455142736434937 955.3467407226562 155.71192932128906 1121.63330078125 205.27919006347656 4.412565 1.5714315 1.6828941 14.258462 0.78712535 23.511374 0.12059688568115234 0.8836823105812073
Car 0.0 0 1.8667609691619873 229.98426818847656 178.58482360839844 305.53912353515625 224.93060302734375 4.231698 1.803469 1.703432 -14.084103 1.7304456 29.726183 1.4242966175079346 0.8051707148551941
Car 0.0 0 1.613431453704834 439.6700134277344 174.61117553710938 473.99481201171875 203.1876678466797 3.8877733 1.4502294 1.6397603 -7.9105897 1.1528025 37.928257 1.4078119993209839 0.8041063547134399
Car 0.0 0 -1.2023768424987793 357.1443176269531 175.03152465820312 405.51177978515625 202.23768615722656 3.4034843 1.5165908 1.5652646 -12.971917 1.213146 41.156754 -1.5077043771743774 0.412315309047699
