Pedestrian 0.0 0 1.352467656135559 695.3336791992188 168.07542419433594 707.6698608398438 195.22427368164062 1.2987412 1.835126 0.5693256 6.2354527 1.5124748 49.44254 1.4779205322265625 0.2766827344894409
Pedestrian 0.0 0 2.3143067359924316 1158.14013671875 140.68580627441406 1230.1798095703125 252.95831298828125 0.6468537 1.6773828 0.57686424 8.932683 1.1971387 11.110792 2.9914605617523193 0.15768247842788696
Pedestrian 0.0 0 -2.0731444358825684 947.1130981445312 139.72584533691406 995.7026977539062 211.76937866210938 1.138132 1.7671168 0.6275604 9.088606 0.9548925 18.27688 -1.6116806268692017 0.12500901520252228
Pedestrian 0.0 0 -0.7196653485298157 1187.0806884765625 169.1106414794922 1227.74609375 219.96878051757812 0.9862246 1.9963378 0.76586175 23.726444 1.8497579 28.716965 -0.02914159558713436 0.10458908975124359
Pedestrian 0.0 0 -1.9319813251495361 759.8401489257812 171.91000366210938 774.9725341796875 205.8980712890625 0.785329 1.7604187 0.530253 8.205689 1.711882 37.79678 -1.718198537826538 0.1042342483997345
Cyclist 0.0 0 1.3811286687850952 695.2604370117188 168.47857666015625 707.1131591796875 195.3101348876953 1.4810933 1.8117691 0.53488195 6.2173023 1.5166814 49.47453 1.506140112876892 0.38913288712501526
Cyclist 0.0 0 1.932051658630371 217.6167755126953 177.72402954101562 236.72679138183594 206.1212921142578 1.6115837 1.8164474 0.5749277 -25.103216 2.1415346 47.273163 1.4438934326171875 0.18223276734352112
Cyclist 0.0 0 -1.7544770240783691 950.7980346679688 141.82513427734375 992.1820678710938 213.72557067871094 1.4827877 1.7518516 0.67845786 9.139757 0.99619234 18.383482 -1.2930941581726074 0.12797096371650696
Car 0.0 0 2.0874857902526855 134.9991912841797 189.0311279296875 232.55209350585938 234.7682647705078 3.4879775 1.55561 1.7025198 -16.192568 2.2128026 27.537151 1.5559169054031372 0.9153386950492859
Car 0.0 0 1.9281309843063354 375.8555603027344 183.2018585205078 415.44140625 204.9075164794922 3.9035873 1.5294836 1.6173897 -16.241077 2.343836 54.752792 1.639772891998291 0.8247089385986328
Car 0.0 0 -1.3343074321746826 48.0014762878418 186.08641052246094 109.52906799316406 220.38902282714844 3.796957 1.5289509 1.6138481 -26.31896 2.223958 35.812275 -1.9680837392807007 0.13613572716712952
