Pedestrian 0.0 0 1.2076528072357178 849.7208862304688 159.21261596679688 900.8936157226562 251.03419494628906 1.0704654 1.9304017 0.7081727 5.707296 1.6439712 15.706779 1.5561842918395996 0.6669963598251343
Car 0.0 0 -1.8874151706695557 803.4778442382812 185.03404235839844 995.8558959960938 316.89752197265625 3.1803262 1.4975562 1.5284598 3.7908828 1.6960192 10.111988 -1.5287410020828247 0.9478612542152405
Car 0.0 0 1.8444461822509766 397.6368103027344 183.8071746826172 517.4393920898438 261.3087463378906 3.7668998 1.4903791 1.6863362 -3.3562171 1.76855 16.359379 1.642098307609558 0.9462159872055054
Car 0.0 0 -1.7947635650634766 747.3878784179688 182.94375610351562 865.3269653320312 264.4335021972656 3.7166696 1.4902995 1.6246151 4.0257154 1.734317 15.540288 -1.5412853956222534 0.9283471703529358
Car 0.0 0 -1.767818570137024 711.1603393554688 179.6893310546875 790.9393920898438 233.18785095214844 4.1525326 1.4618441 1.6134999 4.2053967 1.6935261 22.330917 -1.581676959991455 0.9188222289085388
Car 0.0 0 1.7663904428482056 471.33306884765625 183.9826202392578 545.1856689453125 238.9279022216797 3.5298882 1.4639647 1.5453718 -3.0273075 1.8278393 21.75998 1.628154993057251 0.9058818221092224
Car 0.0 0 1.8762381076812744 562.2675170898438 178.99163818359375 613.9930419921875 212.4171905517578 3.615786 1.5514507 1.5773767 -1.0791734 1.8760397 36.159485 1.8464021682739258 0.8564527034759521
Car 0.0 0 2.275916337966919 0.0 197.1395263671875 286.1994934082031 375.0 3.8883064 1.4808897 1.6230267 -3.7200856 1.6949128 4.39871 1.573911190032959 0.703331708908081
Car 0.0 0 1.703226089477539 512.4443969726562 183.9507293701172 566.58837890625 224.76622009277344 4.2045746 1.4672182 1.6397139 -2.8193047 1.9498286 29.22393 1.6070512533187866 0.6620022654533386
Car 0.0 0 -1.5530645847320557 710.1755981445312 179.80833435058594 752.2169189453125 219.57240295410156 3.6356344 1.4918438 1.6028236 4.970067 1.7969018 29.677399 -1.3871346712112427 0.6322421431541443
Car 0.0 0 1.969769835472107 652.8572998046875 176.07882690429688 703.9842529296875 202.76849365234375 4.282255 1.6142297 1.754579 4.429733 1.8326843 46.49411 2.06475830078125 0.6257696747779846
