Pedestrian 0.0 0 0.6778686046600342 0.0 171.1482391357422 58.933223724365234 275.42242431640625 0.95037013 1.8028175 0.568793 -10.493482 1.7736841 12.761349 -0.010314601473510265 0.20633307099342346
Pedestrian 0.0 0 2.6091456413269043 356.9474792480469 174.58615112304688 384.8636779785156 213.24652099609375 0.95327705 1.8593315 0.9449152 -11.778106 1.9463558 35.428677 2.288194179534912 0.1939927041530609
Pedestrian 0.0 0 -2.347238779067993 893.8642578125 145.66578674316406 985.1712036132812 246.79454040527344 1.6472038 1.7228028 0.49595246 5.9103823 1.2599894 13.147677 -1.9247690439224243 0.16288931667804718
Pedestrian 0.0 0 -2.851483106613159 498.41583251953125 172.18894958496094 513.6490478515625 198.73094177246094 0.895916 1.8063407 0.61464995 -7.155953 1.7614383 49.4716 -2.9951343536376953 0.13668078184127808
Pedestrian 0.0 0 -0.012094855308532715 921.1828002929688 117.5866928100586 1095.630615234375 375.0 0.81201583 1.6594083 0.57373595 2.1694736 1.380191 4.088199 0.4757845401763916 0.13505081832408905
Pedestrian 0.0 0 2.0470404624938965 1157.4385986328125 119.58335876464844 1242.0 259.4493713378906 0.94571733 1.7399992 0.56246734 7.693525 1.0776451 9.419834 2.7319037914276123 0.1159505546092987
Pedestrian 0.0 0 3.1809659004211426 450.8459167480469 179.5936737060547 464.5575866699219 204.18341064453125 0.9568791 1.7759163 0.6294769 -11.150899 2.2723267 52.713028 2.972499370574951 0.11399517953395844
Pedestrian 0.0 0 -3.2828543186187744 792.0546264648438 153.73159790039062 827.3340454101562 212.9071502685547 0.9925383 1.8280065 0.5896852 6.2123885 1.2376497 22.641565 -3.0150647163391113 0.11141132563352585
Pedestrian 0.0 0 -1.7563984394073486 811.1605224609375 187.5645751953125 846.7984008789062 233.20703125 1.0032904 1.246994 0.7994942 6.192244 1.6784422 20.600489 -1.4644029140472412 0.1086808517575264
Cyclist 0.0 0 -2.369231700897217 896.1227416992188 147.20233154296875 990.16015625 249.3677520751953 1.6925898 1.7333336 0.4784729 5.9586797 1.2984862 13.114199 -1.9427509307861328 0.2792952358722687
Cyclist 0.0 0 -1.7444010972976685 731.1793823242188 161.5118408203125 745.5808715820312 194.2345428466797 1.6926212 1.7400398 0.48274693 6.932942 1.1372747 39.211876 -1.5694024562835693 0.17342332005500793
Cyclist 0.0 0 0.905131459236145 869.3182373046875 121.0799560546875 1117.7960205078125 375.0 1.4284877 1.624875 0.4929504 2.0959651 1.3733255 4.2576737 1.3625835180282593 0.164840430021286
Cyclist 0.0 0 1.7045700550079346 452.983154296875 178.0675506591797 464.6297302246094 202.74522399902344 1.5959562 1.7598039 0.62558085 -11.047001 2.1462786 52.615894 1.4976203441619873 0.15042130649089813
Cyclist 0.0 0 1.225233554840088 1174.9656982421875 128.04782104492188 1242.0 293.8815002441406 1.3659954 1.6023755 0.49495333 6.5340414 1.1697917 7.695553 1.9291858673095703 0.10064829885959625
Car 0.0 0 1.7618495225906372 445.37005615234375 180.266845703125 525.6198120117188 234.77674865722656 3.7928598 1.4346125 1.6514587 -3.639407 1.6747575 21.422466 1.5935688018798828 0.9462325572967529
Car 0.0 0 0.2751046419143677 466.52618408203125 183.87953186035156 540.0460815429688 211.43267822265625 3.7946453 1.4773966 1.6101776 -6.005879 2.1134827 40.559948 0.128098726272583 0.12789170444011688
