Pedestrian 0.0 0 1.2142645120620728 901.4718627929688 108.94474792480469 966.1170043945312 228.3623504638672 0.81697035 1.8069077 0.68193567 5.0193954 0.84025466 11.343059 1.6308706998825073 0.2706606388092041
Pedestrian 0.0 0 2.4716086387634277 696.2422485351562 162.0568084716797 714.4381713867188 195.8623809814453 0.82791895 1.9481741 0.6486962 5.524226 1.3263034 42.069527 2.6021735668182373 0.21686452627182007
Pedestrian 0.0 0 -2.4520328044891357 914.6849365234375 170.9489288330078 1048.3741455078125 375.0 0.7870894 1.6448749 0.6137865 3.0422754 1.6305109 6.057092 -1.986573576927185 0.18510305881500244
Pedestrian 0.0 0 -2.3572330474853516 6.390161514282227 170.93190002441406 87.72883605957031 289.27093505859375 0.80539435 1.801341 0.61957794 -8.884756 1.7724409 11.336027 -3.0219945907592773 0.14965099096298218
Pedestrian 0.0 0 -1.7697800397872925 782.4136352539062 151.02059936523438 812.9083862304688 212.8108367919922 1.0214287 1.8200005 0.70007217 5.607211 1.1772667 21.778326 -1.5177855491638184 0.1388302892446518
Pedestrian 0.0 0 2.3408007621765137 0.0 170.95626831054688 33.92121505737305 234.0941925048828 1.5920943 2.008827 0.5783897 -19.986416 1.9488058 23.768564 1.6416276693344116 0.11428282409906387
Cyclist 0.0 0 -1.8751740455627441 721.4539794921875 159.02943420410156 746.8553466796875 201.18707275390625 1.8787299 1.844663 0.58934605 5.543903 1.240109 32.539665 -1.706420660018921 0.2167065441608429
Cyclist 0.0 0 2.3511319160461426 0.0 170.89608764648438 33.27339553833008 233.91000366210938 1.5756296 2.0039148 0.5618373 -19.984358 1.942009 23.75091 1.6516432762145996 0.20128233730793
Cyclist 0.0 0 2.5292582511901855 99.2724609375 196.0366668701172 142.02493286132812 241.65499877929688 1.4507023 1.8805605 0.60889876 -21.271812 2.912786 31.326963 1.9327480792999268 0.17476727068424225
Cyclist 0.0 0 -1.001745581626892 321.2130126953125 168.68556213378906 348.0667724609375 199.98873901367188 1.7678769 1.8380721 0.65806544 -16.543028 1.5936663 43.297077 -1.3667105436325073 0.13121020793914795
Car 0.0 0 -1.617016315460205 602.5266723632812 176.8182373046875 665.5679931640625 237.54324340820312 3.123528 1.6399815 1.6965789 0.5944632 1.7658607 21.266508 -1.5890705585479736 0.9650541543960571
Car 0.0 0 -2.0147459506988525 820.446044921875 184.80870056152344 1128.536865234375 364.0111083984375 3.5403922 1.4691563 1.5444843 3.5808876 1.6306295 7.9361954 -1.5908864736557007 0.916438102722168
Car 0.0 0 1.6907424926757812 105.56532287597656 166.41798400878906 154.5922088623047 202.5279998779297 3.983866 1.8025097 1.6952094 -25.356358 1.4815996 38.174698 1.1044363975524902 0.2552068531513214
Car 0.0 0 3.5608291625976562 30.140148162841797 197.9682159423828 149.13084411621094 235.08950805664062 3.9446247 1.493335 1.6081591 -22.891558 2.6426184 31.818459 2.9371731281280518 0.17863920331001282
Car 0.0 0 3.367387294769287 169.88079833984375 181.26773071289062 222.7982635498047 197.62725830078125 4.040876 1.471169 1.6468292 -38.76584 2.2766855 67.67115 2.847165584564209 0.14034539461135864
Car 0.0 0 -2.154024600982666 1039.3336181640625 157.9929656982422 1137.1591796875 205.35426330566406 3.6332555 1.840976 1.634332 19.630207 1.2636721 29.862078 -1.5724910497665405 0.12467756867408752
