Pedestrian 0.0 0 -0.0208590030670166 786.4978637695312 178.67083740234375 821.8723754882812 225.85910034179688 1.0713745 1.462336 1.0798973 6.174621 1.6547564 23.169575 0.23958492279052734 0.4895516335964203
Car 0.0 0 -2.582110643386841 31.13638687133789 179.1809539794922 350.1452331542969 284.5258483886719 4.128337 1.5216162 1.663633 -6.539973 1.6303583 11.443317 -3.101318359375 0.92876136302948
Car 0.0 0 3.476287364959717 216.9871826171875 183.12229919433594 427.53558349609375 251.15753173828125 4.1429725 1.4353223 1.5965126 -6.4493413 1.6811942 16.367334 3.1009316444396973 0.8626722097396851
Car 0.0 0 -1.9962005615234375 875.3380737304688 152.7483673095703 995.332763671875 219.70785522460938 4.784109 2.0919228 1.9498007 11.004146 1.4641486 24.940832 -1.5806803703308105 0.8449116349220276
Car 0.0 0 -2.107306718826294 942.886962890625 164.36192321777344 1052.9505615234375 211.05682373046875 4.0324845 1.5453756 1.6355757 13.74791 1.264687 25.930544 -1.6198060512542725 0.8039100170135498
Car 0.0 0 -2.794602155685425 305.5941467285156 168.99514770507812 474.78143310546875 234.34181213378906 4.490887 1.8586116 1.7860278 -6.5160756 1.7492149 21.530422 -3.0884838104248047 0.7911569476127625
Car 0.0 0 0.33361566066741943 394.8209228515625 170.95762634277344 507.5096130371094 215.57391357421875 3.895366 1.6443092 1.6317112 -6.079644 1.5747771 27.626781 0.1170048713684082 0.7286858558654785
Car 0.0 0 3.464656114578247 278.1761779785156 180.75453186035156 428.50604248046875 238.5454864501953 3.4534023 1.4515359 1.5092471 -6.7681904 1.6698523 19.118702 3.1244144439697266 0.6502922773361206
Car 0.0 0 1.104966163635254 1008.5133666992188 158.41094970703125 1103.8511962890625 196.42361450195312 4.349161 1.4924031 1.6396776 18.710882 0.9257176 30.56073 1.654346227645874 0.6257204413414001
Car 0.0 0 0.7691288590431213 0.0 148.30029296875 196.83126831054688 366.242431640625 3.8605275 1.7936114 1.7026252 -6.3751 1.5918983 6.8202004 0.017449617385864258 0.5298657417297363
Car 0.0 0 -0.01988111436367035 652.1664428710938 168.1752166748047 731.0978393554688 197.09922790527344 4.4256225 1.6237266 1.7447884 4.6389265 1.3614285 41.57311 0.09124398231506348 0.49215397238731384
