Pedestrian 0.0 0 0.5455443859100342 119.51676940917969 193.2717742919922 172.62847900390625 280.8109436035156 0.6734327 1.6435745 0.5586442 -9.023238 2.0474286 13.967641 -0.028020907193422318 0.24312838912010193
Cyclist 0.0 0 1.469320297241211 920.5140991210938 175.6171417236328 937.6926879882812 211.16712951660156 1.8001394 1.7197942 0.60166276 15.87297 1.8616573 35.99942 1.8846001625061035 0.8337844014167786
Cyclist 0.0 0 1.6925954818725586 938.8275756835938 177.86703491210938 958.1004638671875 218.16485595703125 1.5726162 1.5314462 0.5019631 13.295773 1.7348095 28.416586 2.1302249431610107 0.7380265593528748
Cyclist 0.0 0 2.018177032470703 263.2218322753906 153.52667236328125 348.5498046875 265.45977783203125 1.8220989 1.7797282 0.62536764 -5.224683 1.4727829 12.394776 1.6192551851272583 0.3530952036380768
Car 0.0 0 1.9297511577606201 519.07568359375 191.15646362304688 675.5459594726562 290.34869384765625 4.156504 1.5162207 1.6745752 -0.11865818 1.9309156 14.092252 1.9213312864303589 0.9231728911399841
Car 0.0 0 1.8339682817459106 622.8992309570312 193.42579650878906 722.962158203125 261.1676025390625 4.166057 1.4776398 1.6330684 1.7541357 2.093015 19.331533 1.9244600534439087 0.9209147691726685
Car 0.0 0 1.770519495010376 691.916748046875 191.32875061035156 757.5444946289062 237.35877990722656 4.111655 1.4483095 1.6107992 4.2739167 2.1883974 26.679943 1.9293620586395264 0.8903814554214478
Car 0.0 0 2.449812889099121 28.50510025024414 195.3564910888672 568.8563842773438 375.0 3.8556988 1.5108662 1.6368717 -2.147123 1.7608806 5.9257116 2.102187156677246 0.8636488914489746
Car 0.0 0 1.7390108108520508 752.5865478515625 189.8525390625 791.790771484375 219.8198699951172 3.5471108 1.4988998 1.562023 9.043053 2.4925444 40.222065 1.9601616859436035 0.7501489520072937
Car 0.0 0 1.3628082275390625 874.857421875 179.91070556640625 919.69873046875 209.60350036621094 3.7569513 1.5583229 1.6054534 16.14709 1.9771233 40.795635 1.7396924495697021 0.22521927952766418
