Pedestrian 0.0 0 -2.3058178424835205 180.18975830078125 176.02467346191406 251.00253295898438 288.3013000488281 0.88092357 1.7535449 0.56098473 -6.442684 1.8071176 11.698235 -2.8092288970947266 0.8826970458030701
Pedestrian 0.0 0 2.1726062297821045 65.35231018066406 168.0281219482422 126.33939361572266 250.4679412841797 0.8544065 1.8307617 0.7884771 -11.75899 1.7239505 16.455107 1.552141785621643 0.8483797311782837
Pedestrian 0.0 0 1.6064351797103882 455.5367126464844 167.58909606933594 473.3772888183594 209.48275756835938 0.85042304 1.7341114 0.70712817 -6.156198 1.5165386 30.341383 1.4062548875808716 0.6827275156974792
Pedestrian 0.0 0 -2.0177342891693115 890.200439453125 161.4561767578125 916.278564453125 215.67535400390625 0.7096609 1.6260351 0.47563913 8.891724 1.284572 22.005274 -1.633722186088562 0.6215365529060364
Pedestrian 0.0 0 0.12146779894828796 709.1526489257812 167.4989471435547 728.8089599609375 209.13844299316406 0.78099275 1.7817875 0.55443686 4.6809254 1.5529985 31.243824 0.27018094062805176 0.49266332387924194
Pedestrian 0.0 0 -1.7515697479248047 409.98681640625 166.8310546875 438.77337646484375 227.1216278076172 1.1624906 1.8096178 0.6614999 -5.796779 1.6291974 22.320654 -2.0056612491607666 0.4533640742301941
Pedestrian 0.0 0 1.402553677558899 513.8783569335938 169.28543090820312 530.5028686523438 207.07164001464844 0.8011902 1.7896576 0.6666654 -4.2592273 1.6209986 34.650555 1.280247688293457 0.4280807673931122
Pedestrian 0.0 0 -0.6233997344970703 1006.2551879882812 179.05972290039062 1085.74755859375 292.6910400390625 0.7837553 1.6599864 0.6776464 6.5478444 1.7577248 10.949008 -0.08442936092615128 0.3936055600643158
Pedestrian 0.0 0 1.3817949295043945 723.8755493164062 163.6656036376953 739.8258666992188 201.191162109375 0.8215343 1.9121004 0.66681933 6.2378955 1.4442673 37.181187 1.548017144203186 0.3303891718387604
Pedestrian 0.0 0 0.07170400023460388 270.65093994140625 183.14166259765625 292.92919921875 232.3678741455078 0.6718809 1.6966 0.65461767 -11.623085 2.0661423 25.466492 -0.3564651906490326 0.3220423460006714
Pedestrian 0.0 0 -1.3691867589950562 734.7037963867188 167.12017822265625 761.078369140625 220.0147705078125 1.7381538 1.8806218 0.62125564 5.04771 1.6771185 26.572847 -1.1814658641815186 0.3113468289375305
Pedestrian 0.0 0 -0.41366732120513916 1005.2607421875 144.99386596679688 1105.4833984375 283.31256103515625 0.96467125 1.8645186 0.7904591 6.1996493 1.4893253 10.179352 0.13337397575378418 0.30630791187286377
Pedestrian 0.0 0 2.547325849533081 614.7021484375 169.04588317871094 631.0618286132812 195.55165100097656 0.9750888 1.8413224 0.6076541 0.8753998 1.5771341 50.64215 2.564610004425049 0.3002500832080841
Pedestrian 0.0 0 -0.4128182530403137 442.42901611328125 178.7703857421875 463.541015625 210.66944885253906 0.96770394 1.7043933 0.58881986 -8.580515 2.0310266 39.265938 -0.6279594302177429 0.2612810432910919
Pedestrian 0.0 0 -1.478401780128479 298.7386474609375 177.37718200683594 314.7558288574219 216.8013153076172 1.1825647 1.597819 0.50949436 -12.655925 1.7904495 30.028004 -1.877279281616211 0.2148457169532776
Pedestrian 0.0 0 -1.8364572525024414 804.2308349609375 165.04623413085938 857.1415405273438 258.7890930175781 1.7792107 1.7656437 0.5590706 4.3469577 1.6189425 14.483943 -1.5448880195617676 0.12999406456947327
Cyclist 0.0 0 1.4413832426071167 922.622314453125 142.2976837158203 980.6849975585938 296.4520263671875 1.6594999 2.0722103 0.54778165 4.9178214 1.6618166 10.570194 1.8768494129180908 0.5949985384941101
Cyclist 0.0 0 -1.3421097993850708 735.1571044921875 166.2843475341797 762.0032348632812 218.4385223388672 1.770712 1.8539373 0.5875566 5.073689 1.6207625 26.574387 -1.153456211090088 0.5776954889297485
Cyclist 0.0 0 1.9285980463027954 631.9110107421875 169.72813415527344 648.0341186523438 194.0553741455078 1.7394645 1.7778376 0.6299296 2.209281 1.5497562 53.651104 1.9697535037994385 0.3372472822666168
Cyclist 0.0 0 -1.8364572525024414 804.2308349609375 165.04623413085938 857.1415405273438 258.7890930175781 1.7792107 1.7656437 0.5590706 4.3469577 1.6189425 14.483943 -1.5448880195617676 0.32625722885131836
Cyclist 0.0 0 -1.478401780128479 298.7386474609375 177.37718200683594 314.7558288574219 216.8013153076172 1.1825647 1.597819 0.50949436 -12.655925 1.7904495 30.028004 -1.877279281616211 0.3205511271953583
Cyclist 0.0 0 2.323425769805908 613.9031372070312 169.35910034179688 631.1975708007812 195.64610290527344 1.1234572 1.8222724 0.61099935 0.8540977 1.5803564 50.631893 2.3402929306030273 0.211283341050148
Cyclist 0.0 0 -1.7497472763061523 410.2953186035156 166.8878936767578 439.11663818359375 227.57054138183594 1.2227067 1.8194929 0.6535678 -5.7880874 1.6409647 22.323689 -2.0034408569335938 0.18040892481803894
Cyclist 0.0 0 -3.6716465950012207 995.77001953125 176.4834442138672 1088.4312744140625 295.89453125 0.99322927 1.7537048 0.69329375 6.492042 1.8109823 10.964072 -3.1370415687561035 0.12614122033119202
Car 0.0 0 2.5053205490112305 0.0 176.1805877685547 93.46794128417969 214.775146484375 3.6984425 1.4962898 1.5605525 -24.101862 1.6455333 30.302034 1.833398461341858 0.3309991657733917
Car 0.0 0 0.844707727432251 331.00299072265625 171.42535400390625 413.9698791503906 205.017333984375 3.711402 1.4820988 1.586885 -11.064964 1.4194245 33.448925 0.5252373218536377 0.2775576710700989
