Pedestrian 0.0 0 0.5660198926925659 0.0 99.66809844970703 83.62651824951172 221.0732421875 1.0177542 1.8376849 0.65976 -9.049547 0.7302427 11.302364 -0.10913398116827011 0.3003782629966736
Pedestrian 0.0 0 0.9727083444595337 50.094539642333984 121.10420227050781 131.9481201171875 258.1920166015625 0.67887264 1.8001113 0.6391295 -7.157095 1.1209383 9.8876 0.3461573123931885 0.16389192640781403
Cyclist 0.0 0 1.5908353328704834 353.9488830566406 172.56605529785156 367.708984375 207.4136962890625 1.5396199 1.7121335 0.6253555 -12.558237 1.6983443 36.276535 1.257567048072815 0.15979072451591492
Cyclist 0.0 0 0.5112583637237549 0.0 100.03821563720703 86.91044616699219 221.8142547607422 1.1130282 1.8380927 0.6536682 -9.043057 0.73936594 11.30128 -0.16359227895736694 0.15578022599220276
Car 0.0 0 -1.6516889333724976 655.9824829101562 174.5192108154297 722.4703369140625 229.98643493652344 3.540431 1.4289536 1.5718437 2.1193829 1.4807082 20.480156 -1.548571228981018 0.9363564848899841
Car 0.0 0 1.6874988079071045 528.8421020507812 170.0175018310547 572.4073486328125 206.864990234375 3.8864222 1.6665654 1.6413443 -2.8286057 1.538632 34.602333 1.6059340238571167 0.8561161756515503
Car 0.0 0 -1.63926100730896 644.7608642578125 171.84739685058594 685.0999145507812 208.2906494140625 3.3847346 1.5661104 1.5845261 2.402418 1.5232108 32.700787 -1.5659260749816895 0.47556182742118835
Car 0.0 0 -1.5733730792999268 636.4121704101562 171.39157104492188 667.1779174804688 200.8163604736328 3.5511694 1.4777037 1.5441989 2.1587844 1.4046193 38.047394 -1.5166945457458496 0.36442556977272034
Car 0.0 0 -1.5900530815124512 648.2862548828125 173.59117126464844 695.0730590820312 217.0437774658203 3.532615 1.4936211 1.6099688 2.194352 1.5230865 26.67397 -1.507972240447998 0.2913501560688019
Car 0.0 0 1.5874476432800293 48.10035705566406 190.4723663330078 139.11459350585938 266.00048828125 3.902885 1.5290222 1.6462265 -12.609504 2.0109494 17.64557 0.9669909477233887 0.17688094079494476
Car 0.0 0 -1.7125234603881836 717.827392578125 178.85354614257812 792.6591186523438 237.15415954589844 3.690192 1.5047652 1.5940453 4.0610805 1.6945072 20.89079 -1.5205223560333252 0.1663176715373993
