Pedestrian 0.0 0 1.1740158796310425 538.7978515625 145.24293518066406 579.035888671875 227.74215698242188 1.0260012 1.8323532 0.5698566 -1.1104568 1.0508881 16.285269 1.105933427810669 0.7852715253829956
Pedestrian 0.0 0 1.3528497219085693 584.878662109375 148.39329528808594 615.1572265625 214.17811584472656 0.94830793 1.8036551 0.66100967 -0.1832551 0.9249482 19.916948 1.3436490297317505 0.7437339425086975
Pedestrian 0.0 0 0.8658778667449951 571.4611206054688 133.53753662109375 679.4495849609375 339.11871337890625 0.6918197 1.5895015 0.596688 0.11258877 1.2281088 5.918388 0.8848991394042969 0.48983874917030334
Pedestrian 0.0 0 0.716886043548584 465.3536376953125 126.06912994384766 598.7618408203125 366.5118408203125 0.79488957 1.6630701 0.6220149 -0.6048838 1.2883025 5.367272 0.6046609878540039 0.48072823882102966
Pedestrian 0.0 0 -0.9981985688209534 101.30414581298828 144.22239685058594 168.8776397705078 261.0482482910156 0.67780745 1.8929207 0.68191373 -7.871384 1.3067707 11.795553 -1.5866519212722778 0.43189382553100586
Pedestrian 0.0 0 -2.7572827339172363 629.7852172851562 154.0083770751953 748.0936279296875 346.1304016113281 0.91354686 1.5936378 0.5467476 0.7003181 1.3755971 6.3174043 -2.646878242492676 0.3004632890224457
Pedestrian 0.0 0 1.4169859886169434 520.4248657226562 135.46453857421875 548.7321166992188 202.0919647216797 0.9463671 1.855431 0.6661988 -2.056726 0.60286593 20.22676 1.3156508207321167 0.29527002573013306
Pedestrian 0.0 0 0.3287544250488281 455.36981201171875 141.04525756835938 489.49847412109375 181.6669464111328 1.40075 1.8067608 0.57278 -5.9827566 0.053369533 31.8262 0.14294075965881348 0.24595747888088226
Pedestrian 0.0 0 -2.006089687347412 291.4167175292969 143.15890502929688 323.7372741699219 205.044921875 0.7948243 1.8175439 0.6175339 -8.97728 0.7224309 21.256144 -2.405703544616699 0.23708881437778473
Pedestrian 0.0 0 3.0344433784484863 489.9798889160156 141.763671875 509.6004638671875 184.0703582763672 0.8009058 1.8479309 0.56961125 -4.673841 0.1574217 31.255322 2.8860058784484863 0.23500587046146393
Pedestrian 0.0 0 1.572354793548584 553.2224731445312 153.12754821777344 575.6572265625 218.68092346191406 0.8322336 1.812205 0.6197953 -1.1809719 1.057078 19.974445 1.5132993459701538 0.21862421929836273
Pedestrian 0.0 0 0.9781275987625122 1068.688720703125 195.3857421875 1122.8385009765625 258.4178771972656 1.3927437 1.7374706 0.61493987 14.182541 2.1857917 20.515308 1.583000898361206 0.1505378782749176
Cyclist 0.0 0 -2.3039486408233643 623.4334106445312 157.40513610839844 665.7554931640625 202.78640747070312 1.8148801 1.6493385 0.4975545 1.4449013 0.81149775 26.554533 -2.249589681625366 0.48470163345336914
Cyclist 0.0 0 0.3744877874851227 457.8598937988281 140.33433532714844 495.14996337890625 181.77725219726562 1.5598608 1.8420688 0.54974806 -5.8037043 0.05823761 31.842405 0.19420337677001953 0.3852519392967224
Cyclist 0.0 0 2.2552995681762695 445.28973388671875 150.97251892089844 480.83367919921875 189.81985473632812 1.9055551 1.7855257 0.57677346 -6.7191906 0.42982182 33.46994 2.057180166244507 0.2803052067756653
Cyclist 0.0 0 0.9781275987625122 1068.688720703125 195.3857421875 1122.8385009765625 258.4178771972656 1.3927437 1.7374706 0.61493987 14.182541 2.1857917 20.515308 1.583000898361206 0.2363395094871521
Cyclist 0.0 0 1.6584869623184204 340.52099609375 142.86172485351562 364.5783996582031 201.96754455566406 1.5741304 1.8562282 0.60596067 -8.243765 0.67574394 23.038157 1.3148529529571533 0.2125127613544464
Cyclist 0.0 0 -1.1609668731689453 305.48785400390625 141.40335083007812 352.92791748046875 206.90081787109375 1.8656335 1.8057827 0.5851026 -7.97457 0.7294554 20.43174 -1.5330859422683716 0.20973239839076996
Cyclist 0.0 0 1.4233683347702026 520.0905151367188 134.82704162597656 549.3200073242188 201.9434814453125 1.0271246 1.865299 0.6858658 -2.0542302 0.59753335 20.227484 1.322158932685852 0.1035991907119751
Car 0.0 0 -0.016791298985481262 398.49334716796875 164.2225799560547 455.43267822265625 191.52931213378906 3.4788258 1.7021375 1.6641791 -11.412893 0.6888491 45.32459 -0.2634667158126831 0.3188830316066742
