Pedestrian 0.0 0 -1.8149445056915283 842.30908203125 155.2681427001953 871.0590209960938 207.66261291503906 0.93182635 1.8630041 0.77785015 9.222147 0.93132675 26.040537 -1.4745811223983765 0.1715153604745865
Car 0.0 0 -1.174838900566101 145.7523956298828 193.37234497070312 420.56854248046875 356.2187805175781 3.448173 1.3753467 1.5338451 -3.2858706 1.538303 8.046616 -1.5625264644622803 0.9555689096450806
Car 0.0 0 -1.5398651361465454 515.3792114257812 170.921875 583.5206298828125 235.48460388183594 4.27212 1.5431156 1.6284064 -1.3621842 1.2914855 19.332811 -1.6102086305618286 0.9251061081886292
Car 0.0 0 2.2237205505371094 0.0 198.44729614257812 189.94293212890625 344.758544921875 3.5248306 1.473339 1.554901 -7.216246 1.7381486 9.402923 1.5691463947296143 0.8612329363822937
Car 0.0 0 -1.4626038074493408 500.6325378417969 170.7268829345703 554.4251708984375 216.56857299804688 3.5198889 1.5815296 1.6065291 -2.6868577 1.2109277 26.545582 -1.5634770393371582 0.8326934576034546
Car 0.0 0 -1.5622215270996094 585.4072265625 169.47238159179688 621.4956665039062 204.4652099609375 2.5258899 1.4799253 1.5267156 0.08373889 0.97222376 31.648811 -1.5595756769180298 0.7563312649726868
Car 0.0 0 1.7801645994186401 470.6700744628906 159.7061767578125 514.2683715820312 192.05575561523438 4.380557 1.9129534 1.8127569 -6.7134614 0.62497 44.7162 1.6311427354812622 0.1812560260295868
Car 0.0 0 -1.4583369493484497 650.0111694335938 175.0526123046875 682.3453979492188 199.79864501953125 4.093064 1.5453101 1.6607634 4.2888193 1.1434188 47.027172 -1.3673897981643677 0.1547648310661316
Car 0.0 0 -1.5337644815444946 562.6748657226562 170.8203582763672 594.7242431640625 199.5488739013672 4.0362463 1.4765333 1.5898687 -1.1907103 0.92850417 38.940205 -1.5643328428268433 0.14168420433998108
Car 0.0 0 -2.0689613819122314 1142.6259765625 139.16159057617188 1226.84228515625 179.7355194091797 4.4536676 2.1677136 1.8058208 33.103745 -0.10558322 40.934864 -1.3889422416687012 0.13903000950813293
