Pedestrian 0.0 0 -1.121356725692749 564.366455078125 161.06568908691406 645.8068237304688 281.3876647949219 0.96662945 1.749013 0.93054783 0.025823105 1.4532897 11.077124 -1.119025468826294 0.9029914140701294
Pedestrian 0.0 0 1.314134120941162 786.6401977539062 135.5206298828125 864.64990234375 285.2737731933594 0.946095 1.7816826 0.7128854 2.746332 1.235989 9.03019 1.6093735694885254 0.8570989370346069
Pedestrian 0.0 0 1.8927510976791382 386.80072021484375 161.0908203125 461.21563720703125 294.1048889160156 0.8227067 1.788869 0.7990305 -2.5205069 1.515717 10.099076 1.6481696367263794 0.8368616104125977
Pedestrian 0.0 0 -1.5638728141784668 547.153564453125 168.51560974121094 573.4022216796875 223.43309020996094 0.90851116 1.7019334 0.8129706 -1.3269576 1.3006492 22.733656 -1.6221764087677002 0.7769951224327087
Pedestrian 0.0 0 -2.1993801593780518 887.0216674804688 130.7340087890625 1008.5174560546875 304.0152587890625 0.9307769 1.6725969 0.7234482 3.5141833 1.1839501 7.4559407 -1.758933186531067 0.584285318851471
Pedestrian 0.0 0 -1.6182806491851807 571.46044921875 172.7724151611328 593.2974853515625 222.63104248046875 0.8733868 1.6193715 0.680022 -0.6625119 1.3369995 23.78942 -1.6461224555969238 0.575529932975769
Pedestrian 0.0 0 -2.0276854038238525 519.1561889648438 168.51406860351562 548.4500732421875 219.19107055664062 0.81286854 1.690599 0.7075716 -2.3336444 1.2584676 24.492828 -2.1226773262023926 0.5472217202186584
Pedestrian 0.0 0 1.6822298765182495 472.0046081542969 169.41400146484375 491.6024475097656 216.22689819335938 0.7654364 1.7138278 0.63887244 -4.4616976 1.2724004 26.695194 1.5166256427764893 0.5265177488327026
Pedestrian 0.0 0 0.8911763429641724 123.58446502685547 160.51705932617188 217.2716064453125 309.098876953125 0.83802617 1.7076468 0.5678887 -5.23836 1.4678397 8.662798 0.34731101989746094 0.5108996033668518
Pedestrian 0.0 0 2.429537534713745 831.33251953125 154.14593505859375 877.8247680664062 239.7052764892578 0.6729965 1.7651409 0.6433645 5.3282104 1.2020476 15.239787 2.765878200531006 0.47594550251960754
Pedestrian 0.0 0 0.3473820388317108 442.5650634765625 187.9683380126953 485.7513122558594 254.13668823242188 0.83794403 1.5593364 0.7126044 -3.3562245 1.7212089 17.42474 0.15709972381591797 0.46054738759994507
Pedestrian 0.0 0 -0.015486419200897217 616.8865356445312 172.152587890625 626.7243041992188 199.6868133544922 0.6032419 1.7043183 0.5559848 1.272338 1.1264644 44.74292 0.01294255256652832 0.3918945789337158
Pedestrian 0.0 0 0.5685634016990662 269.73541259765625 171.12774658203125 342.00726318359375 288.7447204589844 0.8082706 1.7631854 0.6666283 -4.6254363 1.6090024 11.16474 0.17579936981201172 0.31001779437065125
Pedestrian 0.0 0 0.9503213763237 960.470458984375 132.51446533203125 1074.797119140625 306.4767150878906 0.885488 1.7637571 0.6760473 4.414283 1.2684715 7.755553 1.4677685499191284 0.3067161738872528
Pedestrian 0.0 0 -0.9951659440994263 143.3274383544922 206.28773498535156 314.1484069824219 374.0 0.9940264 1.6201541 0.82113796 -3.0176313 1.8408656 5.8189263 -1.473573923110962 0.30314743518829346
Pedestrian 0.0 0 -0.577774167060852 648.4927978515625 161.47496032714844 677.5487670898438 209.18617248535156 0.8098125 1.7487081 0.73785335 2.278155 1.0157942 26.842388 -0.49310553073883057 0.286916047334671
Pedestrian 0.0 0 -0.46019062399864197 849.92919921875 155.65628051757812 892.8895263671875 236.73675537109375 0.65998435 1.7500249 0.66540956 5.918679 1.1934453 15.8667 -0.10315239429473877 0.28214943408966064
Cyclist 0.0 0 1.7231402397155762 469.3554992675781 170.1891632080078 521.50537109375 274.4144287109375 1.7519892 1.663063 0.6315529 -1.8310173 1.4838772 12.3370075 1.5757992267608643 0.8786281943321228
Cyclist 0.0 0 -1.9333465099334717 0.0 153.1262664794922 102.14723205566406 300.041259765625 1.788111 1.7983247 0.6436846 -7.472468 1.4523537 9.527835 -2.5984268188476562 0.47087743878364563
Cyclist 0.0 0 -2.127411365509033 767.2161865234375 179.8656768798828 920.7752075195312 374.0 1.6550547 1.6938103 0.5070478 2.0828896 1.6822648 6.548675 -1.8194667100906372 0.2716047167778015
