Pedestrian 0.0 0 1.3999682664871216 328.0983581542969 151.38699340820312 385.0190124511719 276.40643310546875 0.84464234 1.7041671 0.6332473 -3.6262727 1.3089917 10.156369 1.0570318698883057 0.7476495504379272
Pedestrian 0.0 0 -1.8024580478668213 477.59814453125 149.5995330810547 546.5855712890625 287.6864929199219 0.87185496 1.659039 0.6857636 -1.2484555 1.2894677 9.020116 -1.9399921894073486 0.7376558780670166
Pedestrian 0.0 0 -1.7840688228607178 385.4382019042969 166.50503540039062 439.2774353027344 282.5625915527344 0.8112874 1.6241916 0.6016305 -2.8872368 1.430004 10.389025 -2.055140495300293 0.6497603058815002
Pedestrian 0.0 0 2.018169403076172 597.1818237304688 140.30718994140625 658.0361938476562 234.54505920410156 0.8454957 1.684959 0.8568123 0.38695368 0.96795964 13.209138 2.047455310821533 0.5206835269927979
Pedestrian 0.0 0 -0.3772544860839844 828.30615234375 163.71542358398438 846.9202880859375 201.2220458984375 0.67365307 1.7387849 0.54283696 10.858786 0.9621155 33.064514 -0.05993960425257683 0.3931449353694916
Pedestrian 0.0 0 1.3399769067764282 812.7608642578125 159.75852966308594 829.6099243164062 197.9281768798828 0.6172735 1.8182708 0.6500374 10.378795 0.83166397 34.005642 1.6362048387527466 0.3524107336997986
Pedestrian 0.0 0 -2.8428730964660645 414.076171875 182.16561889648438 449.6384582519531 248.55894470214844 0.7864615 1.7209668 0.54317737 -4.593467 1.7671417 18.63051 -3.0846078395843506 0.3338889181613922
Cyclist 0.0 0 1.740545630455017 125.07495880126953 167.566162109375 147.18991088867188 203.69126892089844 1.8442504 1.7637247 0.62472093 -23.533615 1.1336975 35.484783 1.1549447774887085 0.6717427372932434
Cyclist 0.0 0 1.8244215250015259 1140.873779296875 163.9725799560547 1212.103271484375 261.0572814941406 1.5927969 1.6054113 0.5936712 9.994224 1.3337616 12.400062 2.5027992725372314 0.613914430141449
Cyclist 0.0 0 -0.13739009201526642 619.3180541992188 167.52703857421875 753.6849975585938 299.03076171875 1.6788539 1.6570971 0.49920034 0.9888441 1.4953 9.17938 -0.030079428106546402 0.58708256483078
Cyclist 0.0 0 -0.4140046238899231 1058.8333740234375 158.03372192382812 1108.185791015625 205.26751708984375 1.626522 1.9549943 0.5622694 20.054579 1.026607 29.681946 0.1801908016204834 0.49408403038978577
Cyclist 0.0 0 -0.13890962302684784 725.505126953125 165.09555053710938 817.462890625 246.80003356933594 1.8263453 1.6808386 0.54178154 3.4435475 1.3655598 14.890959 0.08834648132324219 0.28209611773490906
Cyclist 0.0 0 1.6213757991790771 601.6082763671875 139.77252197265625 651.0045776367188 235.45782470703125 0.91977096 1.7184951 0.8787748 0.36900154 0.98867667 13.186477 1.6493518352508545 0.12656040489673615
Car 0.0 0 -1.3672047853469849 563.5648803710938 176.02899169921875 628.1964111328125 220.5612335205078 3.5823987 1.4047357 1.517874 -0.26750973 1.2652527 24.201683 -1.3782576322555542 0.5443484783172607
Car 0.0 0 1.5098119974136353 1133.6353759765625 160.15049743652344 1177.87353515625 190.84356689453125 4.4274254 1.6412518 1.7035904 31.167957 0.55450857 40.11133 2.1703929901123047 0.34801846742630005
Car 0.0 0 -2.4054508209228516 488.2909240722656 169.39962768554688 569.9657592773438 201.06442260742188 4.0598426 1.5318191 1.686272 -3.9146419 0.9962671 36.074257 -2.5135440826416016 0.3298557996749878
Car 0.0 0 -1.9849324226379395 210.57571411132812 169.5110321044922 271.01531982421875 199.97731018066406 3.9512863 1.7049203 1.702178 -21.393606 1.0913583 41.466545 -2.461238384246826 0.28304651379585266
