Pedestrian 0.0 0 1.3678617477416992 649.7362670898438 168.02496337890625 666.6573486328125 210.10533142089844 0.67790633 1.8224726 0.6149427 2.0686421 1.6136882 31.624502 1.4331812858581543 0.60992431640625
Pedestrian 0.0 0 -1.5594573020935059 504.6036376953125 171.4500274658203 532.424072265625 232.78958129882812 0.8378951 1.679328 0.75737983 -2.6060348 1.6412487 20.211458 -1.6876882314682007 0.5569976568222046
Pedestrian 0.0 0 1.410136103630066 634.4254150390625 168.46897888183594 651.32861328125 210.656005859375 0.7755157 1.8341666 0.6266616 1.4040881 1.6438773 31.789127 1.454276204109192 0.5108137130737305
Pedestrian 0.0 0 -0.5107345581054688 922.8914184570312 175.2425537109375 975.0166015625 275.723876953125 0.6067424 1.7302427 0.6232395 5.9383597 1.7739915 12.77128 -0.07549525797367096 0.3795205354690552
Pedestrian 0.0 0 1.4643769264221191 865.7870483398438 168.16943359375 909.18017578125 253.41677856445312 0.7869781 1.7698284 0.78561413 5.880775 1.6729295 15.457612 1.8279129266738892 0.2550678551197052
Pedestrian 0.0 0 0.5472580790519714 458.5577392578125 171.41555786132812 483.6056823730469 216.87213134765625 0.7257579 1.7255231 0.63176274 -5.3945675 1.6712784 27.809164 0.3556525707244873 0.19688180088996887
Cyclist 0.0 0 1.9374691247940063 245.68194580078125 144.0500946044922 401.60540771484375 368.4814453125 1.844254 1.7090521 0.6646971 -2.5033808 1.4900674 6.415681 1.5654418468475342 0.8196507096290588
Cyclist 0.0 0 2.0866589546203613 0.0 141.21778869628906 214.92831420898438 375.0 1.6302646 1.6535918 0.6799689 -3.0033624 1.5118526 4.0875525 1.452984094619751 0.8189347982406616
Cyclist 0.0 0 -1.599219560623169 734.0218505859375 171.48194885253906 743.1080932617188 198.89556884765625 1.5844685 1.7072735 0.52026296 8.116166 1.6221825 45.755207 -1.4236632585525513 0.2681426703929901
Car 0.0 0 2.576738119125366 898.5264892578125 177.7571563720703 1129.458984375 262.9920654296875 3.512728 1.4889632 1.5579019 7.453799 1.587743 13.592381 3.0783371925354004 0.30250081419944763
Car 0.0 0 -0.485019326210022 951.8118896484375 159.93118286132812 1242.0 279.7586669921875 4.1111827 1.6951156 1.681081 7.7445345 1.5126632 11.278508 0.1166994571685791 0.2660445272922516
Car 0.0 0 0.7544233202934265 1135.9173583984375 128.17076110839844 1242.0 192.75799560546875 4.013266 1.9318515 1.7237834 19.690441 0.5957011 23.675964 1.4481754302978516 0.218547061085701
Car 0.0 0 -2.636275291442871 0.0 0.0 1242.0 375.0 3.824469 1.4882635 1.6096566 2.7500253 1.4565237 1.2600656 -1.4951320886611938 0.1929483264684677
Car 0.0 0 -1.8403210639953613 499.7405700683594 164.6390380859375 543.4122924804688 191.92994689941406 3.7336953 1.5233976 1.5977424 -5.261625 1.0651908 42.30446 -1.9640607833862305 0.1797301471233368
