Pedestrian 0.0 0 1.9880722761154175 1000.1451416015625 145.2899932861328 1078.63525390625 289.3016052246094 0.73761684 1.6727239 0.5781344 5.199517 1.35292 8.827779 2.5203604698181152 0.3891425132751465
Pedestrian 0.0 0 -1.5614659786224365 555.0674438476562 156.69021606445312 567.31884765625 196.3144989013672 0.55648994 1.9063113 0.5884062 -2.4042256 1.1290348 35.005386 -1.630039930343628 0.2852005660533905
Pedestrian 0.0 0 -0.8975540995597839 1076.3870849609375 144.24417114257812 1179.1923828125 293.72784423828125 0.7507886 1.6759796 0.6624588 6.038386 1.35557 8.509159 -0.2803918123245239 0.19158916175365448
Pedestrian 0.0 0 0.13501086831092834 864.685791015625 131.66891479492188 926.6102294921875 251.05345153808594 0.7854153 1.7124048 0.65196407 4.236396 1.12202 10.82257 0.5081169605255127 0.1740703135728836
Pedestrian 0.0 0 -1.0092687606811523 1126.03369140625 127.693359375 1196.2203369140625 247.8094024658203 0.6830871 1.7891076 0.58881444 8.450764 1.1168054 11.140349 -0.36030375957489014 0.1538407951593399
Pedestrian 0.0 0 1.166783094406128 835.2994995117188 152.34393310546875 882.346923828125 247.85337829589844 0.74525195 1.6694705 0.55058706 4.4213595 1.3113197 13.001982 1.4945688247680664 0.15222595632076263
Pedestrian 0.0 0 0.5340783596038818 0.0 150.12582397460938 114.18019104003906 375.0 0.64674747 1.7457784 0.64838856 -4.260302 1.5891001 5.3483443 -0.1385643184185028 0.1457413285970688
Pedestrian 0.0 0 -1.570523738861084 972.5438232421875 145.14093017578125 989.6734008789062 197.28228759765625 0.50592655 1.842996 0.54089403 13.250538 0.8638036 25.849344 -1.0968420505523682 0.1368049830198288
Pedestrian 0.0 0 2.4428017139434814 0.0 175.73672485351562 293.01953125 375.0 1.3740598 1.6651419 0.6247961 -2.6276724 1.6850386 4.13847 1.8770877122879028 0.12270651757717133
Pedestrian 0.0 0 -0.05747814476490021 540.21923828125 153.61773681640625 558.5902709960938 193.76119995117188 0.78490406 1.7746928 0.58196205 -2.750827 0.92463964 32.23934 -0.14259713888168335 0.12110228836536407
Pedestrian 0.0 0 -1.2510011196136475 541.1640014648438 166.0875701904297 566.5631103515625 212.99546813964844 1.6342114 1.632254 0.42094812 -2.0499396 1.3971604 25.948328 -1.3298381567001343 0.11661148071289062
Cyclist 0.0 0 -1.2510011196136475 541.1640014648438 166.0875701904297 566.5631103515625 212.99546813964844 1.6342114 1.632254 0.42094812 -2.0499396 1.3971604 25.948328 -1.3298381567001343 0.5402988791465759
Cyclist 0.0 0 2.440272569656372 0.0 177.8246307373047 322.3359375 375.0 1.5935498 1.6614228 0.7342854 -2.499219 1.6952828 3.9896417 1.880647897720337 0.1969534307718277
Cyclist 0.0 0 -1.7988625764846802 820.333740234375 125.30489349365234 882.0353393554688 256.945068359375 1.6561778 1.730862 0.46285552 3.3639913 1.1060236 10.329372 -1.484022617340088 0.13326753675937653
Cyclist 0.0 0 -2.0870800018310547 1042.8753662109375 141.1414031982422 1161.7313232421875 290.0951843261719 1.4698868 1.6889153 0.552559 5.979517 1.3296992 8.9317045 -1.497138500213623 0.1210661381483078
Car 0.0 0 1.4254575967788696 612.2767333984375 164.16697692871094 647.7128295898438 191.67613220214844 3.8305452 1.5754434 1.5799197 1.1226238 1.0782976 43.315323 1.451369285583496 0.8843451738357544
Car 0.0 0 -2.833202838897705 984.8807373046875 128.7648468017578 1134.191162109375 191.9661865234375 3.729745 1.8539538 1.6776552 14.273112 0.5609969 23.12427 -2.2802066802978516 0.2733440101146698
Car 0.0 0 -1.5606385469436646 725.77392578125 160.9189453125 745.582275390625 179.85182189941406 3.776522 1.5580481 1.6097745 10.685144 0.5762306 61.377945 -1.3882782459259033 0.13716070353984833
