Pedestrian 0.0 0 1.5762206315994263 479.6104431152344 177.3639678955078 489.4462585449219 202.7322998046875 0.69067615 1.8139147 0.6956506 -9.091627 2.1426146 52.12954 1.403552770614624 0.2058124542236328
Pedestrian 0.0 0 0.9451915621757507 1129.672119140625 140.50308227539062 1218.1756591796875 243.1520233154297 1.013665 1.8379263 0.86807966 10.420854 1.2590418 13.437666 1.6048113107681274 0.17827746272087097
Pedestrian 0.0 0 -0.7662886381149292 1006.35546875 143.9244384765625 1072.77001953125 233.20130920410156 0.9213768 1.9030275 0.8560919 9.403255 1.2867223 15.900148 -0.23222096264362335 0.13542774319648743
Pedestrian 0.0 0 -3.306248426437378 916.380859375 131.791015625 952.7018432617188 195.25979614257812 0.90914804 1.8667127 0.5740665 9.665375 0.6593462 21.611517 -2.8856983184814453 0.12924735248088837
Car 0.0 0 -1.4974486827850342 535.08203125 178.10694885253906 556.0739135742188 194.81082153320312 3.7179594 1.4417917 1.6268837 -5.825481 1.9313738 65.325134 -1.5863901376724243 0.4788469672203064
Car 0.0 0 0.9976015090942383 275.6654052734375 183.04685974121094 391.3799133300781 236.24664306640625 3.8252964 1.5073718 1.6021744 -8.857238 1.8562083 22.893072 0.6284425258636475 0.22690443694591522
Car 0.0 0 -0.8396813869476318 0.0 202.46902465820312 58.33259963989258 233.05467224121094 4.007396 1.4561129 1.6395954 -33.274864 3.1952984 40.326138 -1.529567003250122 0.17747719585895538
Car 0.0 0 -1.4160234928131104 457.74676513671875 177.418701171875 485.7441711425781 198.61737060546875 3.6301355 1.7161012 1.7898997 -11.684625 2.1143525 61.047268 -1.605139136314392 0.1667860746383667
Car 0.0 0 2.026822328567505 329.39471435546875 186.4656524658203 374.2176818847656 206.41006469726562 3.7638903 1.4136095 1.7900425 -19.93873 2.503828 55.798763 1.6836298704147339 0.15184102952480316
Car 0.0 0 -1.8097772598266602 776.6802368164062 168.74327087402344 835.04833984375 205.0172882080078 3.793419 1.5100584 1.6292781 8.555642 1.3392897 31.94897 -1.5481256246566772 0.12296042591333389
Car 0.0 0 1.8247183561325073 375.6510009765625 180.78732299804688 412.50213623046875 201.63670349121094 4.3385186 1.5286572 1.7448357 -16.959452 2.177451 56.77316 1.5344334840774536 0.11985966563224792
