Pedestrian 0.0 0 -1.6827762126922607 637.4837646484375 165.27951049804688 654.4769287109375 208.14346313476562 1.0229682 1.8206254 0.6209242 1.5081006 1.4992605 31.174404 -1.6344376802444458 0.4547092318534851
Pedestrian 0.0 0 1.348839282989502 372.3013000488281 178.79002380371094 423.92755126953125 264.361328125 0.9141514 1.7250808 0.8635446 -4.5327086 1.8558372 15.2376175 1.059706687927246 0.4417959153652191
Cyclist 0.0 0 1.7139973640441895 373.4127197265625 178.16448974609375 421.4537658691406 265.9486999511719 1.4791094 1.7478968 0.77377015 -4.5169096 1.8662891 15.246943 1.425984263420105 0.6104822754859924
Cyclist 0.0 0 1.4605095386505127 637.3881225585938 165.31759643554688 654.5896606445312 208.80886840820312 1.0918314 1.8449845 0.6237007 1.5077829 1.5256336 31.170467 1.508844017982483 0.15572448074817657
Car 0.0 0 -1.8911993503570557 763.2461547851562 182.98887634277344 1049.0604248046875 368.59197998046875 3.4571273 1.3739885 1.5216979 2.5856159 1.5010495 7.2734365 -1.5496442317962646 0.9518177509307861
Car 0.0 0 2.002182722091675 59.729217529296875 191.15646362304688 410.69830322265625 375.0 4.408447 1.5110495 1.7579768 -3.8340466 1.778093 8.305621 1.5697071552276611 0.9474071264266968
Car 0.0 0 -1.6889981031417847 667.4692993164062 175.74771118164062 757.1940307617188 245.43179321289062 4.205852 1.5092188 1.6798964 2.3606265 1.5899053 17.913385 -1.557973027229309 0.9246739745140076
Car 0.0 0 3.368645668029785 356.3939208984375 172.88034057617188 478.68255615234375 227.283203125 3.8177798 1.8160875 1.6409024 -6.6301584 1.8173891 24.966696 3.109076738357544 0.8289861083030701
Car 0.0 0 1.5187385082244873 539.5028076171875 176.88197326660156 560.2035522460938 194.8577423095703 3.7431173 1.478792 1.5807809 -5.231728 1.837319 62.19558 1.4348187446594238 0.5630870461463928
Car 0.0 0 1.3958426713943481 642.0333251953125 136.31056213378906 731.6033935546875 193.38539123535156 4.977634 1.708838 2.1099753 2.3786893 0.6150743 24.162766 1.4939708709716797 0.3998662531375885
