Cyclist 0.0 0 2.1585464477539062 184.60482788085938 180.52236938476562 218.931640625 217.6693572998047 1.5870169 1.6329666 0.5794901 -18.61654 1.991255 32.863537 1.6431387662887573 0.7322070002555847
Cyclist 0.0 0 2.0059516429901123 229.3018798828125 174.458984375 262.0488586425781 217.712646484375 1.4818965 1.6355647 0.56788987 -14.208782 1.7000729 28.086617 1.5376019477844238 0.4274195432662964
Car 0.0 0 -1.5135847330093384 557.0333251953125 184.60867309570312 614.7122802734375 229.44027709960938 3.3908103 1.2998596 1.6883229 -0.7655696 1.711596 23.533157 -1.5461047887802124 0.9528209567070007
Car 0.0 0 -2.4201419353485107 151.0368194580078 177.7826690673828 390.46551513671875 275.3207092285156 3.6788976 1.5395768 1.6475798 -6.0345635 1.636422 12.820272 -2.8600800037384033 0.9211627244949341
Car 0.0 0 -2.281965732574463 367.8919982910156 177.72946166992188 480.908935546875 225.48446655273438 3.8265784 1.4660271 1.5454042 -6.3119993 1.6417253 24.223022 -2.5368754863739014 0.920848548412323
Car 0.0 0 -1.5459797382354736 518.2819213867188 181.78395080566406 555.9788818359375 216.0760498046875 3.9150903 1.418117 1.6092583 -3.3125436 1.8505567 32.89667 -1.6463369131088257 0.815410315990448
Car 0.0 0 -1.5987924337387085 575.657958984375 177.24046325683594 615.1666870117188 214.97247314453125 3.7291214 1.5931386 1.6803505 -0.753014 1.8045582 32.810196 -1.6217390298843384 0.7431036829948425
Car 0.0 0 -2.2451016902923584 399.33258056640625 180.78126525878906 499.1052551269531 223.13890075683594 3.8829062 1.4552257 1.6080217 -6.1708355 1.7759334 27.315182 -2.4672842025756836 0.4657842218875885
Car 0.0 0 -1.6794623136520386 632.8886108398438 179.03195190429688 677.6644287109375 214.50830078125 4.0319014 1.4964664 1.6147562 1.9827423 1.798704 33.20138 -1.6198145151138306 0.3455333113670349
Car 0.0 0 2.103756904602051 203.3512420654297 178.9846954345703 285.4842834472656 216.6970672607422 3.5196364 1.4747069 1.5306762 -15.4524145 1.7504808 30.605593 1.6362061500549316 0.31722450256347656
