Pedestrian 0.0 0 1.2649694681167603 648.2855224609375 163.47386169433594 671.4301147460938 212.11209106445312 0.8499652 1.7794747 0.63225937 1.8089387 1.4366517 26.883053 1.3321573734283447 0.7656751871109009
Pedestrian 0.0 0 -1.602670669555664 483.5760803222656 164.54669189453125 517.7218627929688 237.9281768798828 0.7864441 1.6675411 0.7609525 -2.6111739 1.4791216 16.850357 -1.7564103603363037 0.7142109274864197
Pedestrian 0.0 0 -1.981528639793396 1142.4263916015625 170.6037139892578 1242.0 337.110107421875 0.75075 1.5968863 0.68485576 5.949965 1.5756626 7.369948 -1.3023353815078735 0.6580555438995361
Pedestrian 0.0 0 1.0397865772247314 672.7155151367188 164.70016479492188 697.9867553710938 214.7530517578125 0.6861109 1.8187095 0.67371356 2.738574 1.5227915 26.666891 1.1421234607696533 0.6158656477928162
Pedestrian 0.0 0 2.054211139678955 1037.7330322265625 191.44065856933594 1116.648193359375 320.113037109375 0.65009105 1.5822643 0.6385349 6.0502176 1.8370177 9.434718 2.6244258880615234 0.4384469985961914
Pedestrian 0.0 0 -1.5671617984771729 1093.12353515625 166.53445434570312 1163.302734375 308.0233154296875 0.6916744 1.5737634 0.6487539 6.0370617 1.5038296 8.492874 -0.9491986632347107 0.3481539785861969
Pedestrian 0.0 0 -2.847299814224243 436.1860046386719 164.8706512451172 467.01202392578125 218.86671447753906 0.854908 1.7348753 0.56221205 -5.198286 1.4787312 23.492983 -3.06506085395813 0.2870188355445862
Pedestrian 0.0 0 2.088742971420288 970.259033203125 160.21209716796875 1038.4443359375 277.4567565917969 0.68282694 1.730767 0.67301536 6.018121 1.5445048 11.114684 2.58500337600708 0.27507224678993225
Pedestrian 0.0 0 1.2320976257324219 749.1654052734375 167.09219360351562 765.42138671875 198.70932006835938 0.8176841 1.8285183 0.6982365 8.57282 1.4956526 42.17911 1.4326143264770508 0.2215801477432251
Cyclist 0.0 0 -1.1956396102905273 438.5248107910156 164.82847595214844 464.7749938964844 218.90802001953125 0.799289 1.7286731 0.5842791 -5.1975455 1.4724922 23.501997 -1.4132897853851318 0.10239838063716888
Car 0.0 0 -1.0692930221557617 772.4762573242188 176.79507446289062 832.1668090820312 204.7797393798828 3.8322217 1.4999976 1.6544361 10.976247 1.7359926 41.18079 -0.8088107109069824 0.5379573106765747
Car 0.0 0 -1.6581145524978638 285.50006103515625 157.0795440673828 326.6000061035156 189.75274658203125 3.6765153 1.5948169 1.6324131 -15.753832 0.8252056 37.222763 -2.058485984802246 0.2525598406791687
