Pedestrian 0.0 0 2.263289451599121 0.0 196.81443786621094 59.043846130371094 313.5021667480469 0.86936325 1.7890866 0.65380466 -9.628429 2.191684 11.674565 1.5736466646194458 0.355142742395401
Pedestrian 0.0 0 1.57261061668396 384.79742431640625 164.0388641357422 422.404296875 242.18972778320312 0.93264765 1.7941455 0.83597755 -4.946623 1.5921305 17.125435 1.2914174795150757 0.28115028142929077
Pedestrian 0.0 0 -2.5625057220458984 136.4446563720703 164.5752410888672 222.5897216796875 299.64007568359375 0.76122564 1.7588888 0.66223806 -5.8471255 1.651436 9.738998 -3.1032063961029053 0.19512958824634552
Pedestrian 0.0 0 -2.346768856048584 126.03423309326172 136.95655822753906 173.11465454101562 224.17495727539062 0.6354803 1.9163296 0.6274819 -10.398948 1.1279624 16.227312 -2.916670560836792 0.1670088768005371
Pedestrian 0.0 0 2.6918609142303467 712.1182861328125 172.58074951171875 764.2174072265625 285.4503173828125 0.5807914 1.7616781 0.70163774 2.0125644 1.757771 11.6763115 2.862546920776367 0.16258254647254944
Pedestrian 0.0 0 -0.11817008256912231 585.69677734375 172.692138671875 600.7974243164062 202.03863525390625 0.9176652 1.961127 0.9105364 -1.1656325 1.9506669 48.73079 -0.14208535850048065 0.1553269475698471
Pedestrian 0.0 0 -1.4369041919708252 315.7107849121094 171.59556579589844 337.2927551269531 220.37368774414062 0.61307406 1.8691617 0.70588547 -11.050703 1.8212968 28.02844 -1.8124589920043945 0.14266709983348846
Pedestrian 0.0 0 1.922987461090088 268.6542053222656 160.35214233398438 325.4912414550781 245.4770965576172 1.0780305 1.8024566 0.82529396 -6.8978734 1.5380971 15.837519 1.512223243713379 0.13877132534980774
Pedestrian 0.0 0 -1.5589592456817627 309.4815673828125 157.61727905273438 325.59490966796875 202.635986328125 0.42151567 1.8665231 0.62142366 -12.289265 1.2351505 30.222744 -1.945162057876587 0.13570638000965118
Cyclist 0.0 0 -1.4291924238204956 357.7330627441406 171.02232360839844 392.4298400878906 250.3206787109375 1.7081281 1.6760999 0.50551623 -5.2822423 1.6377424 16.133135 -1.7456077337265015 0.15050625801086426
Car 0.0 0 1.6719359159469604 601.2385864257812 185.32691955566406 623.9400634765625 204.4127655029297 4.1284857 1.5828077 1.6310952 0.24310088 2.7397957 64.76815 1.6756893396377563 0.35096457600593567
Car 0.0 0 3.4477593898773193 16.49376678466797 190.2453155517578 157.9242401123047 233.27442932128906 4.1977544 1.548612 1.8666598 -20.728518 2.2793593 28.756441 2.8231897354125977 0.2119198441505432
