Pedestrian 0.0 0 1.867722988128662 234.01986694335938 171.431396484375 326.1928405761719 332.4206237792969 0.9238464 1.7195742 0.717411 -3.7774727 1.7047367 8.210007 1.4364968538284302 0.38628584146499634
Pedestrian 0.0 0 1.7520183324813843 715.21630859375 173.60504150390625 747.4360961914062 230.23263549804688 0.9367562 1.7074909 0.8308069 3.7192187 1.7317216 22.350718 1.916910171508789 0.28867727518081665
Pedestrian 0.0 0 -2.077954053878784 1147.4571533203125 158.42283630371094 1242.0 365.3262939453125 0.6710857 1.7907647 0.629923 5.4217935 1.66622 6.6283364 -1.392350196838379 0.2324749082326889
Pedestrian 0.0 0 0.5399631261825562 438.8018798828125 161.891845703125 484.5547180175781 250.14002990722656 0.69215465 1.7369686 0.61099494 -3.0474212 1.5215609 14.601228 0.33420681953430176 0.1645570695400238
Pedestrian 0.0 0 0.8241456747055054 332.84320068359375 112.3150863647461 430.8253173828125 270.30267333984375 0.8610697 1.7709255 0.72190714 -2.771398 1.0926863 8.610914 0.512768030166626 0.154663547873497
Pedestrian 0.0 0 1.3258808851242065 746.8526611328125 175.59349060058594 798.8096313476562 233.3036651611328 1.0699149 1.5144838 1.1439877 4.3423734 1.5911067 19.534447 1.5446174144744873 0.1451595276594162
Pedestrian 0.0 0 0.009626567363739014 112.95890045166016 147.79391479492188 260.9281005859375 372.6243591308594 0.9922498 1.6698059 0.7275808 -3.500799 1.4840437 5.9194098 -0.5244529247283936 0.12797437608242035
Pedestrian 0.0 0 0.04227593541145325 380.1733093261719 150.01419067382812 448.278564453125 277.68426513671875 0.9427604 1.810883 0.92319864 -2.9571292 1.487279 10.786841 -0.22529268264770508 0.10991420596837997
Cyclist 0.0 0 -1.3836983442306519 460.3794250488281 159.70892333984375 500.38299560546875 232.3018798828125 1.722769 1.7581428 0.69556034 -3.3193471 1.4401379 18.33646 -1.5627833604812622 0.14682482182979584
Cyclist 0.0 0 1.2468451261520386 881.808349609375 142.53973388671875 951.4666748046875 257.2676696777344 1.634574 1.7758175 0.5658616 5.0084705 1.3069556 12.000974 1.6422086954116821 0.12939375638961792
Car 0.0 0 1.5888170003890991 511.00286865234375 181.05189514160156 562.8156127929688 228.3491973876953 4.3384094 1.4272603 1.6158888 -2.5144358 1.7344259 24.772072 1.4876606464385986 0.9297991394996643
Car 0.0 0 -0.5062181353569031 0.0 166.09751892089844 97.69889831542969 330.2520446777344 3.6214588 1.5065094 1.5480474 -8.474749 1.4448605 8.574399 -1.2857714891433716 0.18041092157363892
Car 0.0 0 0.7566893696784973 0.0 150.20706176757812 328.9596862792969 296.2613220214844 3.7661085 1.5596255 1.5645136 -5.6496873 1.3181504 8.820869 0.1870279312133789 0.1295541524887085
