Pedestrian 0.0 0 3.33188796043396 343.6615295410156 125.41227722167969 433.5832214355469 275.47674560546875 0.96814966 1.7782843 0.5863564 -2.7621086 1.2164513 8.892509 3.0307252407073975 0.39449143409729004
Pedestrian 0.0 0 -0.4736376106739044 960.8546752929688 164.84710693359375 983.1177368164062 199.45045471191406 0.82251424 1.7709244 0.6466032 18.647789 1.3615069 37.25117 -0.009513286873698235 0.12674033641815186
Pedestrian 0.0 0 -1.4441783428192139 189.77023315429688 158.63072204589844 206.42323303222656 201.812255859375 0.6045945 1.8321872 0.55030155 -17.733053 1.2290534 30.996635 -1.9638274908065796 0.12028948962688446
Cyclist 0.0 0 -1.9176692962646484 905.8540649414062 174.6475067138672 931.5380249023438 218.5966796875 1.2958454 1.4866503 0.40277618 10.690452 1.551082 25.116232 -1.5152573585510254 0.1390511393547058
Cyclist 0.0 0 -2.1266136169433594 772.965087890625 162.7884521484375 793.5777587890625 187.0352783203125 1.9798273 1.8753145 0.6269263 13.613473 1.0971752 56.841175 -1.8915412425994873 0.12143413722515106
Car 0.0 0 0.7595099210739136 813.09033203125 173.28929138183594 894.8391723632812 202.85853576660156 4.31014 1.5386258 1.6718963 13.372508 1.5644447 39.905285 1.082855224609375 0.5430480241775513
Car 0.0 0 0.6117281913757324 238.34266662597656 172.54652404785156 288.96734619140625 188.87779235839844 4.000813 1.48502 1.649659 -32.043056 1.4574176 66.74812 0.16416001319885254 0.14393365383148193
Car 0.0 0 -0.8096970319747925 372.2266540527344 173.21705627441406 418.6463317871094 194.21458435058594 3.6406865 1.6855276 1.6420196 -17.820307 1.7170708 59.980564 -1.0984923839569092 0.13441304862499237
Car 0.0 0 1.800166368484497 0.0 178.3649139404297 38.40440368652344 203.1249542236328 3.8102453 1.5300333 1.5986526 -39.21524 1.9094424 47.564114 1.1106810569763184 0.12400208413600922
Car 0.0 0 -2.095095634460449 328.92547607421875 175.97885131835938 385.5303955078125 201.9421844482422 3.9911473 1.5922934 1.6777664 -16.400686 1.8030756 46.649445 -2.433171033859253 0.1196264922618866
Car 0.0 0 -2.3731026649475098 186.235107421875 168.74298095703125 253.29820251464844 191.17677307128906 4.1441884 1.526314 1.6458882 -27.298355 1.2469723 50.438152 -2.869183301925659 0.1031118854880333
