Pedestrian 0.0 0 2.8157541751861572 783.447998046875 149.9134521484375 885.1475830078125 314.8365173339844 0.9299057 1.772785 0.6408684 2.43894 1.5265512 8.088775 3.1086063385009766 0.3214704692363739
Pedestrian 0.0 0 -1.8038334846496582 0.0 109.62228393554688 75.6628189086914 271.7437744140625 0.43782878 1.7802907 0.62317204 -6.650541 1.0862876 8.300942 -2.479292869567871 0.2745526432991028
Pedestrian 0.0 0 -1.3973629474639893 320.85626220703125 150.9718475341797 358.9144287109375 235.89700317382812 0.87103444 1.7225173 0.60792136 -5.6978664 1.2790444 15.116475 -1.7578253746032715 0.25973784923553467
Pedestrian 0.0 0 -2.2707345485687256 606.3463745117188 168.17657470703125 623.0576782226562 208.0851593017578 0.61295855 1.923748 0.54911005 0.19028854 1.6986364 35.18938 -2.265326976776123 0.24017424881458282
Pedestrian 0.0 0 2.4608752727508545 624.7010498046875 162.90003967285156 665.2191162109375 217.71299743652344 1.0034432 1.8102909 0.94467753 1.1402392 1.4819024 24.505037 2.5073726177215576 0.1742597222328186
Pedestrian 0.0 0 0.20852358639240265 596.7169799804688 183.18150329589844 631.46240234375 224.59938049316406 1.3342832 1.6632766 0.58605903 0.12960674 2.0936556 29.613583 0.21290016174316406 0.16999387741088867
Pedestrian 0.0 0 0.1571780890226364 597.1669311523438 170.06600952148438 617.7091064453125 204.06649780273438 1.0377237 1.8311 0.591219 -0.17214797 1.6813109 39.226887 0.15278959274291992 0.14286595582962036
Cyclist 0.0 0 1.2804315090179443 602.4359741210938 183.01596069335938 627.0968627929688 225.9600830078125 1.5789955 1.6888785 0.5810979 0.14231138 2.1181176 29.61004 1.2852376699447632 0.26595306396484375
Cyclist 0.0 0 -1.3900001049041748 319.3221740722656 150.8807830810547 359.8645324707031 236.14869689941406 0.96415025 1.7242526 0.63500285 -5.702783 1.2802771 15.118996 -1.7506922483444214 0.10720553994178772
Car 0.0 0 1.8102997541427612 226.8918914794922 198.7613067626953 428.6279602050781 338.3967590332031 4.4377036 1.4018228 1.6138182 -3.7967887 1.8576144 10.386876 1.4598510265350342 0.9582441449165344
Car 0.0 0 -1.670233964920044 562.0531616210938 186.23104858398438 589.9248046875 208.22030639648438 4.037363 1.564876 1.7645916 -2.7042701 2.6440337 56.059624 -1.7184357643127441 0.38632825016975403
Car 0.0 0 -1.5642725229263306 579.0492553710938 183.6385498046875 622.9820556640625 222.4290771484375 3.8920999 1.5266925 1.7954454 -0.42229092 2.0260842 31.432777 -1.5777064561843872 0.2032502293586731
