Car 0.0 0 -1.8042232990264893 714.4373168945312 182.45338439941406 897.28759765625 303.4864196777344 4.2861357 1.453492 1.6767648 2.7022364 1.630779 11.149453 -1.5664434432983398 0.9703120589256287
Car 0.0 0 -2.701317071914673 114.85413360595703 178.77735900878906 413.90240478515625 271.2983703613281 4.4366355 1.4962543 1.6401453 -5.916535 1.6067734 12.593779 -3.140512704849243 0.959253191947937
Car 0.0 0 0.7651377320289612 0.0 175.581298828125 234.56207275390625 335.75213623046875 4.0909534 1.53606 1.639795 -6.6198454 1.5699321 7.9066668 0.06809329986572266 0.8763681054115295
Car 0.0 0 3.6075820922851562 0.0 176.15838623046875 247.08526611328125 307.2794494628906 3.2567143 1.6356225 1.5466114 -7.114003 1.6866604 10.056119 2.991886854171753 0.8308410048484802
Car 0.0 0 -0.2639908790588379 719.6747436523438 177.12359619140625 809.64208984375 216.114501953125 3.3954906 1.5800382 1.5977187 6.4150996 1.7651237 30.323439 -0.055509064346551895 0.7122565507888794
Car 0.0 0 -0.2941201329231262 821.3047485351562 179.5564422607422 1007.0745849609375 250.3889923095703 3.4956946 1.4631352 1.5542828 6.583927 1.6210725 16.020344 0.0958096981048584 0.7059590220451355
Car 0.0 0 -1.651029109954834 632.137451171875 176.6752166748047 656.9789428710938 195.944580078125 3.7617838 1.379111 1.5648003 2.542235 1.6771449 54.299755 -1.6042447090148926 0.6496432423591614
Car 0.0 0 -0.18466314673423767 679.4236450195312 177.86688232421875 754.9522094726562 206.28811645507812 3.903697 1.526769 1.6207169 5.8622303 1.810895 39.95606 -0.03898556903004646 0.6003546714782715
Car 0.0 0 3.3751423358917236 328.880859375 176.60238647460938 472.99737548828125 226.0039825439453 4.0875344 1.4812975 1.6113504 -6.52517 1.6041135 22.66928 3.094876766204834 0.584185004234314
Car 0.0 0 0.2610822916030884 421.3492736816406 174.34234619140625 522.0384521484375 217.8530731201172 3.8002453 1.7382392 1.6196991 -5.7134285 1.8020843 29.831196 0.07184863090515137 0.5562629699707031
Car 0.0 0 -0.2888587713241577 730.7163696289062 182.1630401611328 834.2780151367188 224.01039123535156 3.5999246 1.5477209 1.5903813 6.597298 1.9206661 27.97929 -0.057296209037303925 0.5508067011833191
