Pedestrian 0.0 0 -1.844065546989441 1035.9444580078125 147.11044311523438 1082.3829345703125 227.13368225097656 0.781322 1.725014 0.68197936 10.116108 0.9849248 15.954356 -1.2789736986160278 0.196848526597023
Pedestrian 0.0 0 1.5351325273513794 467.4715270996094 196.20359802246094 480.4388122558594 229.40982055664062 1.4193668 1.6680495 0.6143401 -6.6681976 2.4522767 37.510944 1.359203577041626 0.11946830153465271
Cyclist 0.0 0 1.534101128578186 467.3740539550781 196.48394775390625 480.50860595703125 230.09425354003906 1.4929625 1.6834023 0.6180859 -6.66368 2.4826605 37.478935 1.3581418991088867 0.35749492049217224
Cyclist 0.0 0 -1.35848069190979 127.36294555664062 166.37457275390625 147.7082061767578 204.743408203125 1.6399803 1.7002996 0.4440171 -21.103777 1.0309713 32.67565 -1.9319374561309814 0.2979123890399933
Car 0.0 0 -1.4259206056594849 476.5064697265625 173.26841735839844 551.9518432617188 228.39593505859375 3.5892086 1.4013749 1.5866034 -2.3746815 1.1933028 20.073359 -1.5436735153198242 0.9517987966537476
Car 0.0 0 -1.3011056184768677 309.1200256347656 176.1050567626953 509.7115173339844 307.4609680175781 4.0372376 1.435441 1.5796796 -2.4111753 1.377842 9.889051 -1.54026198387146 0.9477403163909912
Car 0.0 0 -1.5154651403427124 596.6054077148438 166.37840270996094 644.1093139648438 208.83949279785156 4.508478 1.5545154 1.6427759 0.80763745 1.0019512 28.610806 -1.4872442483901978 0.9401109218597412
Car 0.0 0 -1.5122284889221191 554.4632568359375 165.95562744140625 591.1639404296875 198.3872528076172 3.4777386 1.5313076 1.6218928 -1.3851373 0.7982698 35.6692 -1.551041841506958 0.7831625938415527
Car 0.0 0 1.7594400644302368 582.8587646484375 164.98443603515625 613.326416015625 185.36936950683594 3.8378565 1.4555469 1.5712695 -0.19330238 0.27690214 53.319427 1.7558146715164185 0.336490660905838
Car 0.0 0 -2.858427047729492 407.4422607421875 193.61717224121094 490.8631591796875 223.65721130371094 3.9908419 1.5047909 1.6276377 -7.962683 2.1581042 37.71678 -3.0664894580841064 0.22509972751140594
