Pedestrian 0.0 0 -0.4760943651199341 750.7272338867188 155.88821411132812 776.5526733398438 208.7493133544922 0.7080929 1.9107478 0.6485224 5.5925126 1.2978511 26.484808 -0.26799213886260986 0.45924562215805054
Cyclist 0.0 0 -3.197739362716675 709.4743041992188 161.76620483398438 734.6641845703125 185.66612243652344 1.9587206 1.898373 0.61687577 8.932531 1.0180254 57.71133 -3.0441784858703613 0.3103148937225342
Car 0.0 0 -1.8502200841903687 722.4635620117188 177.59197998046875 871.8712158203125 272.7871398925781 3.6059217 1.4249771 1.5822967 3.0901315 1.5215589 12.815812 -1.6136176586151123 0.9699767231941223
Car 0.0 0 1.9185649156570435 332.69219970703125 185.50289916992188 443.9547424316406 253.5795135498047 3.6948135 1.5490333 1.6298058 -5.749385 1.9157319 19.005884 1.624811053276062 0.9427125453948975
Car 0.0 0 -1.840233564376831 692.038330078125 177.75457763671875 788.145263671875 243.00294494628906 3.4130538 1.4698213 1.518478 3.1415393 1.6064715 18.29082 -1.6701382398605347 0.9224381446838379
Car 0.0 0 1.8092670440673828 404.9827880859375 187.1263885498047 475.11480712890625 236.66220092773438 3.4985194 1.4647559 1.4936289 -5.637655 1.9766111 24.100227 1.5794737339019775 0.8767045140266418
Car 0.0 0 -2.2475807666778564 883.459716796875 184.7749786376953 1242.0 375.0 3.9518545 1.4810587 1.6201721 3.2340345 1.5870966 4.385944 -1.6122162342071533 0.8368315696716309
Car 0.0 0 -1.7008910179138184 685.4176025390625 179.40196228027344 746.7156372070312 225.12249755859375 3.4224339 1.3705324 1.5555323 3.3863523 1.6028562 23.838531 -1.5597814321517944 0.7218599915504456
Car 0.0 0 2.5197529792785645 0.0 212.99118041992188 93.3426742553711 375.0 3.8909495 1.5092578 1.595833 -5.538293 1.8699635 4.4860315 1.6297670602798462 0.5170605182647705
Car 0.0 0 0.528975248336792 11.397669792175293 181.69825744628906 174.6003875732422 237.30386352539062 3.5080822 1.4954686 1.5094851 -14.709029 1.7595736 20.603329 -0.09102887660264969 0.2838152050971985
