Pedestrian 0.0 0 0.7072932720184326 1090.7899169921875 122.41349792480469 1161.4195556640625 253.8099822998047 0.6130942 1.8591273 0.57868695 7.501019 1.1458031 10.574169 1.3242814540863037 0.23394560813903809
Pedestrian 0.0 0 -0.043347716331481934 467.948974609375 174.17727661132812 487.8162841796875 203.54966735839844 1.1792767 1.7887521 0.52915114 -8.158081 1.8711898 44.362934 -0.22520995140075684 0.22578728199005127
Pedestrian 0.0 0 -0.18249979615211487 431.93353271484375 166.11849975585938 451.0773010253906 197.4185333251953 1.0215533 1.8333172 0.54405034 -10.009516 1.439161 42.71352 -0.41268685460090637 0.21419189870357513
Pedestrian 0.0 0 3.7188150882720947 46.75704574584961 164.7637481689453 99.5411148071289 245.71104431152344 0.7405428 1.6855037 0.50914675 -11.425483 1.5174044 15.299097 3.077360153198242 0.20983165502548218
Pedestrian 0.0 0 0.5164226293563843 493.43731689453125 169.1351776123047 511.30816650390625 195.81527709960938 1.1449438 1.8812523 0.5301443 -7.6845293 1.6193892 51.32705 0.367809534072876 0.2060636281967163
Pedestrian 0.0 0 1.6872997283935547 279.2164611816406 173.7410125732422 308.0439453125 222.9156951904297 0.95236266 1.8667133 0.9216035 -12.308829 1.9022208 27.999138 1.273115873336792 0.18661856651306152
Pedestrian 0.0 0 1.4039883613586426 686.9669799804688 185.25027465820312 702.7239379882812 217.66351318359375 0.8712911 1.7466868 0.72482085 4.626107 2.4365976 39.679863 1.5200501680374146 0.17425937950611115
Pedestrian 0.0 0 -1.8643978834152222 903.9248046875 170.9361114501953 946.1519165039062 249.85800170898438 1.3411837 1.7389321 0.51935446 7.175182 1.6970319 16.591196 -1.4562177658081055 0.16697818040847778
Cyclist 0.0 0 -0.9869792461395264 997.3807983398438 157.3966064453125 1088.3056640625 239.4620819091797 1.9746753 1.713725 0.74915344 9.453713 1.3912952 15.830452 -0.44863197207450867 0.37907546758651733
Cyclist 0.0 0 -1.4653065204620361 473.7541809082031 173.9275360107422 484.6457824707031 203.54165649414062 1.4133596 1.7911493 0.5154588 -8.079174 1.8586704 44.414375 -1.645243525505066 0.37832877039909363
Cyclist 0.0 0 -1.8643978834152222 903.9248046875 170.9361114501953 946.1519165039062 249.85800170898438 1.3411837 1.7389321 0.51935446 7.175182 1.6970319 16.591196 -1.4562177658081055 0.18799206614494324
Car 0.0 0 1.6531893014907837 575.0445556640625 179.7276153564453 597.1160278320312 197.7100830078125 3.9008012 1.483283 1.6131066 -2.0814614 2.1029594 63.020714 1.6201730966567993 0.38931986689567566
Car 0.0 0 2.708160400390625 681.1101684570312 178.08370971679688 754.0584716796875 205.84877014160156 3.742704 1.4987888 1.6126055 6.0275326 1.8038875 40.73962 2.8550474643707275 0.23467160761356354
Car 0.0 0 -0.7994211316108704 46.97001266479492 159.3163604736328 126.29113006591797 193.21754455566406 3.8757331 1.9686217 1.68547 -31.80517 1.1828569 43.9357 -1.4260096549987793 0.2055778056383133
Car 0.0 0 3.4842300415039062 234.64195251464844 184.09169006347656 373.13397216796875 234.47039794921875 3.7358623 1.5124102 1.6150646 -9.707972 1.8849087 22.978449 3.0844943523406982 0.1565074622631073
