Pedestrian 0.0 0 1.1429624557495117 545.1978759765625 173.3051300048828 561.3759765625 208.55067443847656 0.6741824 1.8117789 0.6143551 -2.9896371 1.8358892 37.542763 1.0634973049163818 0.6054322719573975
Pedestrian 0.0 0 -2.5060997009277344 397.1961364746094 171.70889282226562 445.6185607910156 223.45632934570312 1.6287334 1.7842807 0.5736924 -6.696497 1.745155 25.443527 -2.763453960418701 0.20745143294334412
Pedestrian 0.0 0 1.5622109174728394 364.0643310546875 138.9115753173828 389.9688415527344 206.8957977294922 1.813553 1.800041 0.65642697 -6.536988 0.9016941 20.06573 1.2472748756408691 0.12003056704998016
Cyclist 0.0 0 -2.5427041053771973 241.9983367919922 157.89443969726562 348.07147216796875 255.0255584716797 1.936048 1.9010051 0.6560239 -6.423092 1.6085815 14.619266 -2.9566729068756104 0.42245951294898987
Cyclist 0.0 0 -2.5060997009277344 397.1961364746094 171.70889282226562 445.6185607910156 223.45632934570312 1.6287334 1.7842807 0.5736924 -6.696497 1.745155 25.443527 -2.763453960418701 0.32032260298728943
Cyclist 0.0 0 1.5622109174728394 364.0643310546875 138.9115753173828 389.9688415527344 206.8957977294922 1.813553 1.800041 0.65642697 -6.536988 0.9016941 20.06573 1.2472748756408691 0.23404815793037415
Car 0.0 0 0.3693208694458008 245.88235473632812 191.39271545410156 458.4269104003906 259.1669616699219 4.4420066 1.4762727 1.6808779 -6.052277 1.9396966 17.11465 0.029414653778076172 0.9229729771614075
Car 0.0 0 -3.435791015625 708.8919067382812 175.66033935546875 986.9138793945312 267.0999755859375 4.4799438 1.5427531 1.7602118 4.103556 1.5976732 13.125931 -3.1327879428863525 0.8877802491188049
Car 0.0 0 -2.8367199897766113 366.4572448730469 187.2104949951172 489.2516784667969 226.91766357421875 4.2786994 1.4357995 1.6415857 -6.980589 2.006415 27.713924 -3.083467483520508 0.8227874636650085
Car 0.0 0 -0.25038740038871765 680.6834716796875 162.00857543945312 884.859130859375 244.27952575683594 4.2399545 1.7769837 1.7146658 3.7858696 1.5430894 16.491356 -0.0247303806245327 0.8024201989173889
Car 0.0 0 3.3314931392669678 413.6522521972656 184.00489807128906 510.85845947265625 217.1744384765625 4.1444645 1.4589468 1.5899633 -6.763408 1.983598 33.10348 3.129955768585205 0.6511921882629395
