Pedestrian 0.0 0 1.538003921508789 754.0546875 167.0379638671875 779.36669921875 229.10137939453125 0.8414556 1.7945151 0.70175683 4.5794587 1.626707 21.336329 1.7494282722473145 0.5717707872390747
Pedestrian 0.0 0 -2.9714250564575195 685.3135986328125 164.11866760253906 705.8184204101562 198.7359161376953 1.0437769 1.8927912 0.57314724 4.694992 1.4155219 39.872017 -2.854213237762451 0.3008243441581726
Pedestrian 0.0 0 1.3546409606933594 773.3329467773438 147.42962646484375 809.3084106445312 219.08169555664062 0.9263544 1.8155236 0.72225285 4.6529408 1.1716778 18.752392 1.5978543758392334 0.21986393630504608
Pedestrian 0.0 0 -1.3689050674438477 321.2657470703125 152.6761016845703 366.240234375 225.50732421875 0.9712237 1.8985326 0.95867366 -7.1752596 1.372902 19.358994 -1.7238497734069824 0.19215145707130432
Pedestrian 0.0 0 -1.5328452587127686 506.5303649902344 165.28819274902344 519.9716796875 196.79132080078125 0.9588428 1.8126575 0.74143004 -5.664994 1.3776864 42.026543 -1.6668332815170288 0.16397181153297424
Pedestrian 0.0 0 1.1024062633514404 456.79034423828125 163.73802185058594 487.1103515625 210.59254455566406 0.9356375 1.8399646 0.86570925 -5.587007 1.4823407 28.966755 0.9118695259094238 0.11005457490682602
Pedestrian 0.0 0 1.31894052028656 681.3797607421875 166.01197814941406 695.5125122070312 196.67568969726562 0.8373491 1.7850674 0.6372969 4.579202 1.3871212 42.461296 1.4263694286346436 0.1063975915312767
Cyclist 0.0 0 -1.7021090984344482 899.5145263671875 122.0504379272461 948.5587158203125 238.6306610107422 1.5516609 1.7449036 0.5158807 4.975241 0.9848639 11.613463 -1.2973597049713135 0.20367097854614258
Cyclist 0.0 0 -1.8221733570098877 933.9224853515625 145.05303955078125 1004.9207153320312 286.8980712890625 1.4932289 1.7264051 0.47459537 4.670313 1.3883957 9.55827 -1.3676753044128418 0.13344299793243408
Car 0.0 0 1.7348965406417847 394.27471923828125 190.40756225585938 514.5280151367188 281.66180419921875 4.256797 1.486688 1.6998805 -3.0509574 1.8983747 14.744224 1.5308506488800049 0.9478751420974731
Car 0.0 0 1.5938044786453247 558.8374633789062 168.6092071533203 580.9878540039062 190.12181091308594 4.843197 1.7276108 1.7420235 -3.3407006 1.3870821 60.39015 1.5385421514511108 0.22198425233364105
Car 0.0 0 -1.6671676635742188 677.8160400390625 159.0500030517578 714.5398559570312 193.27235412597656 4.416273 2.0002792 1.8162918 5.213572 1.1938002 44.397083 -1.5502724647521973 0.11034320294857025
