Pedestrian 0.0 0 -3.222522258758545 738.0870361328125 164.4169921875 753.38427734375 193.6830291748047 0.9054745 1.8371316 0.5873388 8.548844 1.3078688 45.629932 -3.0373175144195557 0.33481985330581665
Pedestrian 0.0 0 0.43818727135658264 333.2573547363281 168.6833038330078 356.0066223144531 203.0193634033203 1.0053542 1.804078 0.5200651 -14.086987 1.5853 38.209885 0.08497428894042969 0.2791820764541626
Car 0.0 0 -2.3625223636627197 962.8515625 160.92857360839844 1016.6347045898438 183.31344604492188 3.468467 1.6101133 1.5322541 28.226545 0.7526913 53.781445 -1.8792023658752441 0.855503261089325
Car 0.0 0 3.114565134048462 383.5545959472656 172.19970703125 470.5751953125 205.11387634277344 3.8073769 1.4611415 1.5327523 -8.470239 1.4324541 33.284603 2.865375280380249 0.841452956199646
Car 0.0 0 1.245621681213379 682.68505859375 162.03005981445312 725.7392578125 193.92604064941406 4.0855165 2.09461 1.7085484 6.385957 1.3841591 49.551132 1.3737913370132446 0.6773549914360046
Car 0.0 0 -2.041983127593994 711.703369140625 165.79498291015625 756.6622924804688 192.0288543701172 3.6906605 1.7771697 1.6202135 8.681121 1.2993262 50.87946 -1.8729890584945679 0.6219077110290527
Car 0.0 0 -2.2001121044158936 916.8683471679688 165.48165893554688 970.813232421875 185.67367553710938 3.9349144 1.4301295 1.5930046 24.516043 0.9083293 53.186718 -1.768195390701294 0.4035177528858185
Car 0.0 0 -1.9682607650756836 1069.640625 166.0478515625 1117.3638916015625 186.14869689941406 4.021595 1.5080225 1.6583216 37.606384 0.99776375 56.261074 -1.3790409564971924 0.30543583631515503
Car 0.0 0 -1.791534662246704 796.2406005859375 168.67115783691406 825.736328125 187.16835021972656 3.7831366 1.5047493 1.5923433 16.825504 1.1648312 60.623367 -1.520807147026062 0.3049091398715973
Car 0.0 0 -2.183920383453369 990.2815551757812 169.29757690429688 1042.188232421875 189.3565216064453 3.7498133 1.4758886 1.5743693 30.894426 1.2145724 55.03132 -1.6723690032958984 0.2824576199054718
Car 0.0 0 1.1664364337921143 757.6402587890625 167.94180297851562 803.25 190.32647705078125 4.1263 1.5209962 1.6524 12.0069475 1.1875796 51.199425 1.396787166595459 0.2790989279747009
Car 0.0 0 2.1589879989624023 10.333361625671387 174.8755645751953 78.6611328125 200.46847534179688 3.8938942 1.5923375 1.6327623 -36.93855 1.7305828 47.209427 1.4950463771820068 0.2631175220012665
