Pedestrian 0.0 0 -3.625816822052002 1043.41796875 164.93594360351562 1089.2418212890625 231.04786682128906 0.9038586 1.7708164 0.54434943 12.359058 1.5590882 19.630152 -3.0639195442199707 0.2917102873325348
Pedestrian 0.0 0 1.277217149734497 965.2725830078125 170.66372680664062 1003.0862426757812 234.8594512939453 1.0040991 1.6907247 0.6442748 10.078737 1.6333976 19.552563 1.7531630992889404 0.24263527989387512
Pedestrian 0.0 0 -1.1955375671386719 290.009033203125 152.85560607910156 336.8485412597656 230.18983459472656 1.6813406 1.8053151 0.48181492 -7.291954 1.3388244 17.685438 -1.5866142511367798 0.12518423795700073
Cyclist 0.0 0 -1.6156291961669922 712.4144897460938 171.23208618164062 729.5560302734375 211.4713134765625 1.8887064 1.7538851 0.67332673 4.9357595 1.6835498 32.42125 -1.4645508527755737 0.8399022221565247
Cyclist 0.0 0 -1.2105603218078613 291.9015808105469 158.39749145507812 336.7679443359375 235.23001098632812 1.7563294 1.7883474 0.42822427 -7.265741 1.4522171 17.675854 -1.6005600690841675 0.35790663957595825
Cyclist 0.0 0 1.277217149734497 965.2725830078125 170.66372680664062 1003.0862426757812 234.8594512939453 1.0040991 1.6907247 0.6442748 10.078737 1.6333976 19.552563 1.7531630992889404 0.1408851593732834
Car 0.0 0 -1.8571323156356812 807.405517578125 178.54107666015625 1029.90087890625 318.23052978515625 3.7673593 1.4579138 1.6347351 3.7679667 1.5495723 9.633616 -1.4842984676361084 0.9498506784439087
Car 0.0 0 1.3752752542495728 738.7748413085938 182.64353942871094 850.0991821289062 259.7652893066406 3.6854467 1.4282994 1.6235865 3.8220856 1.6673272 15.712422 1.6138932704925537 0.913729727268219
Car 0.0 0 1.8689528703689575 572.4979858398438 173.22349548339844 626.8927612304688 207.4582977294922 4.186503 1.6889163 1.7009153 -0.51113945 1.7098302 37.889484 1.8554633855819702 0.8663358688354492
Car 0.0 0 1.8169034719467163 613.1544799804688 176.0973663330078 653.6803588867188 201.9010009765625 4.070063 1.5223962 1.6000828 1.4865819 1.7361374 45.29129 1.8497143983840942 0.6396662592887878
Car 0.0 0 1.9248688220977783 670.6923217773438 175.58291625976562 704.5967407226562 193.68142700195312 3.8793898 1.4661541 1.6145436 6.593435 1.7058262 61.17712 2.0322306156158447 0.3016771972179413
Car 0.0 0 1.6391139030456543 707.0989379882812 181.70896911621094 742.966064453125 212.656494140625 3.7611573 1.4822937 1.6003401 6.0183773 1.9703012 37.720554 1.7973320484161377 0.2616468369960785
