Car 0.0 0 2.16793155670166 29.999439239501953 193.66561889648438 230.9716796875 275.81341552734375 4.1138253 1.455604 1.6379153 -10.338961 1.9746454 15.906504 1.5915682315826416 0.9531562328338623
Car 0.0 0 1.864262342453003 411.5548400878906 186.2437286376953 478.8117980957031 225.8662109375 3.4725566 1.420201 1.6893805 -6.5574913 1.9894333 28.861267 1.64084792137146 0.9290542006492615
Car 0.0 0 -1.6242257356643677 580.8583374023438 176.66015625 729.344482421875 320.42938232421875 3.5366044 1.5248855 1.597035 0.41257173 1.5848496 9.520575 -1.5809180736541748 0.9014763832092285
Car 0.0 0 1.898813009262085 350.41802978515625 182.78408813476562 424.0687561035156 220.92861938476562 4.624367 1.5160455 1.7412226 -9.874511 1.992172 32.22963 1.601513385772705 0.8858150839805603
Car 0.0 0 -1.1046384572982788 725.564697265625 173.3623504638672 838.000732421875 228.3369140625 3.9315042 1.471131 1.6471796 5.1188173 1.4879842 21.37666 -0.8696057796478271 0.8101263642311096
Car 0.0 0 2.1218910217285156 231.7687530517578 180.43959045410156 310.1948547363281 218.5135955810547 3.3086426 1.4998236 1.5271847 -14.44772 1.8426144 30.839447 1.683774471282959 0.7766246795654297
Car 0.0 0 1.971380352973938 514.4234619140625 181.85653686523438 551.7389526367188 200.82301330566406 4.0750337 1.501667 1.7049586 -6.524965 2.2956543 61.40805 1.8655216693878174 0.5593040585517883
Car 0.0 0 -1.010432243347168 689.75537109375 176.78208923339844 760.9826049804688 213.6654510498047 3.4411685 1.5332012 1.5453582 5.1441813 1.7185752 32.178616 -0.8519101738929749 0.5531471371650696
Car 0.0 0 -1.3187689781188965 17.22637367248535 182.8065185546875 96.91576385498047 225.17247009277344 3.5832243 1.4736097 1.6078364 -21.378145 1.8870281 27.980076 -1.971200942993164 0.5138206481933594
Car 0.0 0 -1.023242473602295 673.0367431640625 175.28448486328125 736.4014892578125 205.00372314453125 3.8473725 1.5046366 1.6183376 5.1091886 1.6426631 38.861195 -0.8925194144248962 0.4905954897403717
