Pedestrian 0.0 0 -1.9881856441497803 748.2279052734375 155.9759063720703 776.5924072265625 208.06488037109375 0.9737598 1.8303635 0.6529056 5.74752 0.93452895 25.780678 -1.7688336372375488 0.5452556014060974
Pedestrian 0.0 0 1.8867279291152954 208.28697204589844 130.73336791992188 366.9551696777344 374.0 0.8780203 1.6268615 0.6720763 -1.9655826 1.3436971 4.493518 1.4743794202804565 0.5122740268707275
Pedestrian 0.0 0 -1.3059353828430176 537.422119140625 173.58421325683594 561.4226684570312 222.6986083984375 0.95628965 1.6996679 0.6189318 -1.8541727 1.426799 25.38471 -1.3788487911224365 0.424094021320343
Pedestrian 0.0 0 -2.3373546600341797 989.189208984375 133.71339416503906 1200.7894287109375 374.0 0.7102996 1.561897 0.58292717 2.4916153 1.339351 3.7663195 -1.752901554107666 0.41428759694099426
Pedestrian 0.0 0 -1.6288844347000122 697.7583618164062 163.80007934570312 726.305908203125 227.41307067871094 0.85249084 1.7976128 0.7644033 3.1574402 1.298583 20.75637 -1.4779226779937744 0.35047295689582825
Pedestrian 0.0 0 -1.8568224906921387 1066.5443115234375 68.50627136230469 1238.0 374.0 0.677492 1.7606809 0.6481549 2.009543 1.4391338 2.4879029 -1.1773884296417236 0.278645396232605
Pedestrian 0.0 0 -0.8750903606414795 1059.25830078125 91.39861297607422 1155.5614013671875 243.46527099609375 0.73985285 1.79244 0.65014386 6.192078 0.73174274 8.875406 -0.2659319341182709 0.2773882746696472
Pedestrian 0.0 0 2.1617486476898193 684.1464233398438 159.0398406982422 709.4209594726562 209.8926544189453 0.6752286 1.7284569 0.59178114 3.2778869 0.9661243 24.862087 2.2928354740142822 0.26318633556365967
Pedestrian 0.0 0 1.5217127799987793 773.258056640625 150.25933837890625 794.6363525390625 205.44439697265625 0.7693161 1.8266581 0.65953 6.1225176 0.7936595 24.21684 1.769344449043274 0.25611111521720886
Cyclist 0.0 0 -1.9894741773605347 746.0884399414062 156.08291625976562 776.2177734375 208.31088256835938 1.2416983 1.8346196 0.605348 5.725601 0.9428508 25.899248 -1.7719014883041382 0.23364685475826263
Cyclist 0.0 0 1.5539207458496094 690.8262939453125 156.483154296875 709.316650390625 207.75625610351562 1.3362966 1.728238 0.6091293 3.3882365 0.88608557 24.909393 1.6891134977340698 0.18668638169765472
Cyclist 0.0 0 -1.6394537687301636 771.6947631835938 152.4678192138672 793.3924560546875 206.76495361328125 0.8925162 1.7974983 0.6489174 6.0888166 0.83747804 24.274195 -1.3936893939971924 0.10531723499298096
Car 0.0 0 2.011319398880005 79.80915069580078 97.54000091552734 490.37255859375 374.0 4.6758795 2.074771 2.060827 -2.8300097 1.4515079 7.7636733 1.6617686748504639 0.6017825603485107
Car 0.0 0 -1.611913800239563 664.6561889648438 158.34439086914062 695.1038208007812 185.9606170654297 3.8980973 1.5734416 1.6406529 4.6481333 0.25493875 42.92415 -1.50404691696167 0.3264111876487732
Car 0.0 0 1.791416049003601 419.0306701660156 148.24520874023438 549.4385986328125 255.54287719726562 4.098954 1.7736427 1.6160005 -2.1388445 1.2252249 13.9716625 1.6395108699798584 0.22733153402805328
Car 0.0 0 -1.721452236175537 649.7189331054688 172.16676330566406 678.756103515625 194.35931396484375 4.0437346 1.6443889 1.6313257 4.815412 0.95341384 55.293232 -1.634582757949829 0.21052151918411255
