Pedestrian 0.0 0 1.262034296989441 746.3056030273438 119.7065658569336 789.8534545898438 214.91148376464844 0.882359 1.7730639 0.57547885 2.9825861 0.78362197 13.902001 1.4733742475509644 0.5496387481689453
Pedestrian 0.0 0 3.0657639503479004 642.073974609375 157.24220275878906 660.5626831054688 190.05459594726562 1.0380089 1.9000652 0.5304007 2.3709517 0.99639165 42.05456 3.122082233428955 0.3946109414100647
Pedestrian 0.0 0 2.6554133892059326 398.4898681640625 165.86485290527344 430.5386657714844 211.733154296875 0.9400665 1.8466192 0.94648165 -8.092965 1.5656003 29.71246 2.3894882202148438 0.3830752670764923
Car 0.0 0 -1.8428504467010498 720.2688598632812 180.7457275390625 892.0806884765625 304.912353515625 3.5067055 1.5806074 1.6226791 2.7823932 1.722733 11.183473 -1.599006175994873 0.9566279053688049
Car 0.0 0 -1.3750910758972168 377.7300720214844 196.0724334716797 475.07635498046875 269.0277099609375 3.6401784 1.4592589 1.5959944 -4.3696094 2.0816069 17.468979 -1.6201971769332886 0.9505103230476379
Car 0.0 0 -1.6642158031463623 665.6079711914062 184.69810485839844 730.9153442382812 239.45582580566406 3.5302916 1.444033 1.594911 2.5126255 1.8279184 21.578955 -1.5482990741729736 0.9406355023384094
Car 0.0 0 -1.386548399925232 449.2005615234375 183.91029357910156 514.007568359375 232.03286743164062 4.0153656 1.5760505 1.6382027 -4.682373 2.014474 26.569965 -1.5609853267669678 0.8965914249420166
Car 0.0 0 -1.7039188146591187 636.0809326171875 180.26455688476562 676.1810302734375 211.95120239257812 3.674083 1.5131916 1.5810817 2.293772 1.9153135 37.22658 -1.6423801183700562 0.8047713041305542
Car 0.0 0 1.6237897872924805 498.8038635253906 184.43971252441406 530.533447265625 214.1765899658203 3.7823799 1.5276833 1.5705744 -5.347417 2.210114 40.528786 1.492606282234192 0.8030273914337158
Car 0.0 0 1.6113920211791992 526.7246704101562 187.0194091796875 550.312255859375 208.33279418945312 4.240924 1.5212575 1.6706303 -5.591624 2.6742074 56.541077 1.512817621231079 0.5038800239562988
