Pedestrian 0.0 0 -1.093827486038208 142.37864685058594 136.50306701660156 211.6544189453125 243.35076904296875 0.8132787 1.760339 0.7225015 -7.422892 1.1618073 12.314156 -1.636298418045044 0.560370922088623
Pedestrian 0.0 0 -0.42841029167175293 1138.217529296875 172.1819305419922 1187.3092041015625 244.5533447265625 0.80969584 1.8283236 0.6474734 14.212765 1.811703 18.630844 0.22327184677124023 0.35012876987457275
Pedestrian 0.0 0 0.21195825934410095 935.8115234375 195.19036865234375 982.8287963867188 249.6313018798828 1.4932518 1.9369878 0.5641116 12.977938 2.7915397 26.909363 0.661332368850708 0.12034717202186584
Pedestrian 0.0 0 2.2469356060028076 1185.3017578125 178.20535278320312 1242.0 256.0003967285156 1.497275 1.8943862 0.669698 15.335125 2.032529 18.103733 2.949726104736328 0.10763631761074066
Pedestrian 0.0 0 -2.679898262023926 1147.70703125 194.7552947998047 1230.962158203125 272.87030029296875 1.440821 1.7294902 0.572867 13.716529 2.274912 17.180357 -2.006143093109131 0.1013343334197998
Cyclist 0.0 0 0.21858090162277222 938.1256713867188 189.41104125976562 988.0999145507812 248.15133666992188 1.5770912 2.0864065 0.5739075 13.037119 2.7169523 26.744595 0.6721522808074951 0.3309169411659241
Cyclist 0.0 0 -2.661153793334961 1145.73974609375 194.79156494140625 1232.6025390625 273.6048583984375 1.5148816 1.7396101 0.5824139 13.712577 2.2871878 17.185106 -1.9876738786697388 0.1646968424320221
Cyclist 0.0 0 2.3142075538635254 1173.1190185546875 182.925048828125 1242.0 261.8691101074219 1.6088749 1.9190273 0.7126604 15.127031 2.1786408 18.112745 3.0100226402282715 0.12805205583572388
Cyclist 0.0 0 0.5043479800224304 199.47483825683594 168.99090576171875 237.65518188476562 209.0756072998047 1.585566 2.0032399 0.6292751 -19.765022 1.8105395 36.376125 0.006623506546020508 0.1178283542394638
Car 0.0 0 -1.8019049167633057 658.7046508789062 175.86045837402344 719.6425170898438 213.25405883789062 4.3709173 1.512887 1.6986399 3.365516 1.6553625 31.830067 -1.69656240940094 0.18506446480751038
Car 0.0 0 -2.711719274520874 232.1419219970703 182.8270721435547 384.0905456542969 235.70523071289062 3.87299 1.4947255 1.6278759 -9.009123 1.8059399 21.606363 -3.1067655086517334 0.14967016875743866
Car 0.0 0 -1.7650917768478394 1089.449462890625 199.25320434570312 1180.8148193359375 248.4810333251953 4.1687126 1.484384 1.9266495 19.108992 2.5388951 26.512968 -1.140580654144287 0.12525232136249542
