Pedestrian 0.0 0 -1.5723003149032593 633.299072265625 170.3262481689453 670.3692626953125 259.6165771484375 0.8493684 1.5920751 0.6604072 0.88620275 1.3941154 13.250849 -1.5055208206176758 0.8198346495628357
Pedestrian 0.0 0 -1.3637560606002808 652.4808349609375 178.33676147460938 689.5488891601562 256.60516357421875 0.9334958 1.7172371 0.6619607 1.5522373 1.6490563 16.30198 -1.268824577331543 0.7776509523391724
Pedestrian 0.0 0 -1.6174559593200684 608.1492919921875 172.04324340820312 639.5537719726562 233.5963897705078 0.9924745 1.8196878 0.9015561 0.63963443 1.5412482 21.73737 -1.5880389213562012 0.739963948726654
Pedestrian 0.0 0 -1.8358807563781738 707.3048706054688 167.31863403320312 747.900146484375 243.82785034179688 0.8186464 1.8072469 0.77940315 3.0133214 1.4734663 17.409378 -1.6644927263259888 0.7279756665229797
Pedestrian 0.0 0 2.645258903503418 421.1143493652344 176.83607482910156 463.6017761230469 249.34844970703125 0.8129856 1.8129876 0.74201626 -4.131593 1.6975628 18.50424 2.425583839416504 0.6911501288414001
Pedestrian 0.0 0 2.083383083343506 399.7859191894531 174.57223510742188 437.7602844238281 243.43276977539062 0.7992379 1.7982861 0.6824267 -4.914744 1.6185393 19.231083 1.8331758975982666 0.691063642501831
Pedestrian 0.0 0 -1.7016319036483765 668.0801391601562 169.49481201171875 711.0360107421875 259.6587829589844 0.89702797 1.6036832 0.669433 1.5691372 1.391428 13.226652 -1.5835492610931396 0.650134265422821
Pedestrian 0.0 0 1.257538914680481 721.2516479492188 171.68389892578125 748.932373046875 230.56103515625 0.81125164 1.774315 0.61488706 4.0755816 1.4796201 22.087309 1.4400079250335693 0.565994918346405
Pedestrian 0.0 0 3.493372678756714 286.73638916015625 175.93389892578125 315.0398864746094 226.09768676757812 0.7950747 1.7794751 0.5557996 -10.801444 1.5830839 25.774616 3.0965330600738525 0.5042463541030884
Pedestrian 0.0 0 1.3489177227020264 736.7838745117188 170.0288848876953 769.3040771484375 237.07855224609375 0.80790997 1.7601515 0.6901598 4.0256267 1.4601874 19.264109 1.5549235343933105 0.49202898144721985
Pedestrian 0.0 0 -2.2940616607666016 134.48976135253906 178.611328125 199.94879150390625 283.2939147949219 0.6056995 1.730966 0.74843633 -7.4799814 1.6844883 12.322679 -2.8396191596984863 0.47649410367012024
Pedestrian 0.0 0 -1.6897344589233398 678.7747192382812 176.64028930664062 717.7653198242188 259.74169921875 0.87260866 1.6471595 0.6870128 1.9283834 1.5520825 14.675857 -1.5590846538543701 0.37214457988739014
Pedestrian 0.0 0 -1.8273038864135742 746.2900390625 163.95681762695312 774.3167724609375 225.88006591796875 0.7903797 1.730684 0.59721774 4.492788 1.2415208 20.481 -1.6113605499267578 0.37109023332595825
Pedestrian 0.0 0 -1.7901732921600342 685.33642578125 175.76559448242188 721.5521850585938 253.16305541992188 0.8911711 1.6840229 0.6212502 2.2392867 1.5604771 16.0963 -1.6519423723220825 0.3263205885887146
Pedestrian 0.0 0 2.1774678230285645 946.9488525390625 132.7876434326172 1016.7630004882812 265.48834228515625 0.6394262 1.802491 0.6209573 5.340271 1.1421483 10.177779 2.6606788635253906 0.30909329652786255
Car 0.0 0 1.6943143606185913 535.3840942382812 182.90419006347656 574.0144653320312 212.7046356201172 3.8737824 1.5083815 1.6034673 -2.4595003 1.5883654 38.523094 1.6305561065673828 0.719806969165802
Car 0.0 0 -2.505929708480835 0.0 0.0 1238.0 374.0 3.7592652 1.4643459 1.577199 2.70927 1.3979901 1.339963 -1.3944392204284668 0.3597886562347412
