Car 0.0 0 -1.4101879596710205 493.86370849609375 182.35147094726562 569.57470703125 237.03659057617188 3.5871468 1.3447901 1.5500029 -2.148789 1.6353486 20.210993 -1.5161079168319702 0.9651225805282593
Car 0.0 0 -1.8310284614562988 723.0708618164062 183.89988708496094 887.3986206054688 292.34954833984375 3.4211001 1.3971543 1.6136988 2.8303385 1.597957 11.367272 -1.5870004892349243 0.9645159244537354
Car 0.0 0 -1.567556381225586 592.98828125 178.02174377441406 645.5807495117188 221.00503540039062 3.3439243 1.3597429 1.6939672 0.27698427 1.5506 24.9114 -1.5564380884170532 0.9169870018959045
Car 0.0 0 1.1071484088897705 200.09561157226562 178.08700561523438 381.9915466308594 281.2148742675781 3.4546385 1.588404 1.6043423 -5.8577867 1.69547 12.997405 0.6837217807769775 0.8678162693977356
Car 0.0 0 0.8826919794082642 421.74481201171875 171.99790954589844 519.0899047851562 209.67918395996094 4.455678 1.5201701 1.6716384 -6.122697 1.4859911 31.167343 0.6887161731719971 0.8661018013954163
Car 0.0 0 1.4083073139190674 108.1096420288086 186.17160034179688 286.25494384765625 321.0765686035156 3.6469495 1.4532977 1.5393851 -5.910343 1.6739261 10.037705 0.8761532306671143 0.8147310614585876
Car 0.0 0 1.1328909397125244 340.4154052734375 178.82968139648438 455.9171142578125 235.1825408935547 4.0997767 1.439276 1.6103939 -6.2717266 1.6300906 20.928835 0.8417377471923828 0.6944038271903992
Car 0.0 0 -1.4387608766555786 521.8914184570312 175.652099609375 581.5758056640625 221.71218872070312 3.7363775 1.479002 1.6067628 -2.0127177 1.5849046 25.305723 -1.518129825592041 0.6196174621582031
Car 0.0 0 -1.6417105197906494 648.841796875 176.89796447753906 685.935302734375 209.28622436523438 3.7264228 1.4746451 1.5319448 2.7121987 1.6826766 35.18324 -1.5647748708724976 0.6194358468055725
Car 0.0 0 1.9271892309188843 324.27740478515625 173.62521362304688 376.7083435058594 200.84005737304688 3.8755424 1.4749869 1.5604576 -14.769289 1.5214226 41.160316 1.582675576210022 0.5225425958633423
Car 0.0 0 -1.474352240562439 588.4797973632812 170.74298095703125 626.1869506835938 201.8951416015625 3.648682 1.5011697 1.5730989 -0.12738785 1.3998017 36.65643 -1.4778274297714233 0.4901345670223236
