Pedestrian 0.0 0 -0.275948166847229 734.2385864257812 167.63970947265625 765.2350463867188 218.6525115966797 0.9137676 1.8773081 0.9567718 5.1896586 1.6857766 27.066444 -0.0865095779299736 0.6170896291732788
Pedestrian 0.0 0 0.892261266708374 696.4951782226562 128.13922119140625 755.944580078125 229.3955841064453 0.9191084 1.7830105 0.64278114 2.0749564 0.99599135 13.261387 1.047468900680542 0.37190482020378113
Pedestrian 0.0 0 2.7118098735809326 705.7071533203125 174.25462341308594 731.393798828125 214.31820678710938 0.881803 1.85599 0.95008975 5.076905 1.9235598 34.042667 2.8598523139953613 0.21076299250125885
Pedestrian 0.0 0 -1.020958423614502 218.171630859375 158.83363342285156 281.3519592285156 233.99765014648438 1.5596981 1.753116 0.6663322 -8.820661 1.4264648 17.631886 -1.484820008277893 0.10468106716871262
Cyclist 0.0 0 -1.2152068614959717 420.86279296875 173.1134796142578 456.5275573730469 240.8391876220703 1.6442763 1.9829608 0.51969284 -5.245478 1.9915283 21.977402 -1.4494996070861816 0.2722775340080261
Cyclist 0.0 0 -1.020958423614502 218.171630859375 158.83363342285156 281.3519592285156 233.99765014648438 1.5596981 1.753116 0.6663322 -8.820661 1.4264648 17.631886 -1.484820008277893 0.21468238532543182
Car 0.0 0 -1.1821681261062622 110.74239349365234 192.55914306640625 467.7544860839844 375.0 4.8599877 1.6775523 1.7814944 -3.0950327 1.9682279 8.174834 -1.544095516204834 0.8671053051948547
Car 0.0 0 1.7344133853912354 454.0480041503906 187.25399780273438 547.5516357421875 261.7193298339844 4.1481085 1.6696937 1.7783054 -2.801931 2.0924659 19.073542 1.5885552167892456 0.8533185720443726
Car 0.0 0 1.483677625656128 559.4306030273438 185.4662322998047 591.5546264648438 211.27542114257812 4.2744465 1.558605 1.7603753 -2.3704405 2.437034 47.994072 1.434327483177185 0.5521919131278992
Car 0.0 0 1.8619450330734253 638.062255859375 178.31443786621094 667.0512084960938 196.01661682128906 3.7593749 1.5580949 1.6727616 3.9521382 2.079713 66.823746 1.9210189580917358 0.34349679946899414
