Pedestrian 0.0 0 -1.765174388885498 711.7549438476562 164.00489807128906 734.598876953125 216.6699981689453 0.7741736 1.8224382 0.6545893 3.9288929 1.5165796 25.365633 -1.611505150794983 0.6366734504699707
Pedestrian 0.0 0 -0.14934980869293213 1040.3359375 20.668262481689453 1242.0 375.0 0.845537 1.6816971 0.564547 2.6286988 1.0068686 3.6429727 0.47571349143981934 0.4345329701900482
Pedestrian 0.0 0 0.4033844769001007 335.0653076171875 161.63429260253906 363.03192138671875 215.84375 0.6785583 1.7977446 0.6668278 -8.819977 1.4260243 24.277092 0.054906606674194336 0.23512478172779083
Cyclist 0.0 0 1.7113604545593262 481.6897277832031 181.15179443359375 510.3241271972656 238.4847412109375 1.8251712 1.6955167 0.636618 -3.5860217 1.965436 22.519096 1.5534428358078003 0.9044919013977051
Cyclist 0.0 0 1.9062442779541016 304.7425537109375 174.9582061767578 412.0945739746094 338.7442321777344 1.9811581 1.7659405 0.61596876 -3.0478399 1.7948409 8.79347 1.5725992918014526 0.8655145764350891
Cyclist 0.0 0 1.9028313159942627 232.92918395996094 183.0749969482422 347.36767578125 359.7592468261719 1.9901845 1.764056 0.58933645 -3.6701684 1.8969135 8.334849 1.4880396127700806 0.6161465048789978
Cyclist 0.0 0 -1.503087043762207 634.6769409179688 177.69166564941406 644.6884765625 203.6073760986328 1.9300038 1.7946388 0.58426905 2.089421 2.1457672 51.323948 -1.4623990058898926 0.4635683298110962
Car 0.0 0 1.8404793739318848 334.223388671875 194.22463989257812 449.9632568359375 267.4386901855469 4.460906 1.5089545 1.6792217 -5.4332294 2.121529 18.423054 1.553694486618042 0.889849841594696
Car 0.0 0 1.7511701583862305 482.57696533203125 188.36215209960938 531.1351318359375 221.30796813964844 4.425467 1.4926363 1.700614 -5.2598677 2.3375003 37.044563 1.6101254224777222 0.8714345097541809
Car 0.0 0 -1.5624035596847534 640.13232421875 181.83682250976562 674.2078247070312 214.84315490722656 3.9899232 1.6447173 1.7500384 2.5347612 2.1577392 39.12302 -1.4977045059204102 0.7620984315872192
Car 0.0 0 -1.4454200267791748 657.4302978515625 179.06361389160156 687.838623046875 203.09963989257812 3.7773898 1.5326338 1.6018536 4.264583 1.9725819 49.061462 -1.3587146997451782 0.3682226538658142
