Cyclist 0.0 0 1.0040560960769653 464.8185119628906 188.38832092285156 487.58984375 221.79129028320312 1.3262422 1.7254274 0.5737717 -7.1956024 2.5711374 38.581635 0.8196711540222168 0.3908543288707733
Car 0.0 0 -1.7787463665008545 619.08154296875 197.2733917236328 703.9412841796875 262.8865966796875 3.5442762 1.51641 1.617536 1.2793558 2.2547946 19.9345 -1.7146563529968262 0.9549773335456848
Car 0.0 0 -2.2492051124572754 818.2015380859375 186.87371826171875 1242.0 375.0 3.5232518 1.5168794 1.5991036 2.9468737 1.6527176 5.105947 -1.7257599830627441 0.9128598570823669
Car 0.0 0 2.395486831665039 552.6218872070312 194.26243591308594 630.44189453125 228.9540252685547 3.6328034 1.489707 1.6523322 -0.9013552 2.587751 35.134193 2.369837760925293 0.8448854088783264
Car 0.0 0 -1.079257845878601 754.5021362304688 188.10501098632812 828.515380859375 223.80599975585938 4.145306 1.5095371 1.6612303 8.661678 2.2809653 34.38521 -0.8324905633926392 0.7888033390045166
Car 0.0 0 -0.8859872817993164 685.2740478515625 192.60984802246094 772.385498046875 231.94439697265625 3.884388 1.5015408 1.6522053 5.1642437 2.412701 31.357998 -0.7227657437324524 0.7500670552253723
Car 0.0 0 -1.0286474227905273 819.4927368164062 188.931396484375 882.38623046875 219.7760467529297 3.4721906 1.4463058 1.5110109 12.445378 2.315904 37.306087 -0.7066552042961121 0.6316301822662354
Car 0.0 0 -1.9494953155517578 124.24359893798828 187.64845275878906 194.1221160888672 224.43356323242188 3.37925 1.5268425 1.558288 -20.604158 2.2348359 32.882103 -2.509249448776245 0.4827696979045868
Car 0.0 0 -3.279738664627075 973.2582397460938 181.95716857910156 1081.0792236328125 219.0913848876953 3.9568696 1.5364258 1.6534414 18.404745 1.9607251 32.094376 -2.7590646743774414 0.428072065114975
Car 0.0 0 -1.1801848411560059 954.8026733398438 186.05873107910156 1009.9281616210938 211.6291046142578 4.227554 1.5055158 1.6790527 24.026733 2.394777 46.561176 -0.7037995457649231 0.33487704396247864
