Pedestrian 0.0 0 1.8373503684997559 367.2650451660156 180.85986328125 395.0711975097656 239.85595703125 0.7198193 1.7127023 0.6205243 -6.8330293 1.9548695 21.417898 1.5285242795944214 0.42779481410980225
Pedestrian 0.0 0 -2.0264675617218018 358.7139892578125 165.15704345703125 398.8146057128906 228.65084838867188 0.90117764 1.9365466 0.89188164 -7.3022113 1.7021493 22.637894 -2.338496208190918 0.2941926419734955
Pedestrian 0.0 0 -2.4230055809020996 0.0 150.72735595703125 88.37043762207031 327.37957763671875 0.93667567 1.739707 0.7074833 -6.181281 1.5221572 7.469487 -3.1143136024475098 0.2899526059627533
Cyclist 0.0 0 -1.5233991146087646 366.79583740234375 163.84738159179688 397.5205993652344 226.8677215576172 0.91327536 1.9359866 0.88216686 -7.208611 1.6596614 22.717558 -1.8306641578674316 0.1250622272491455
Car 0.0 0 -1.4646778106689453 435.8608703613281 181.4654541015625 524.0247192382812 256.46685791015625 4.167898 1.5252998 1.6325144 -3.0369222 1.7575858 17.295654 -1.638494610786438 0.9036807417869568
Car 0.0 0 -1.7441736459732056 634.4820556640625 182.4132080078125 693.7330932617188 221.62017822265625 4.0338655 1.3366065 1.5778121 1.9554577 1.7316393 27.70035 -1.6736973524093628 0.6837456822395325
Car 0.0 0 1.6475062370300293 504.7821960449219 182.66064453125 548.9228515625 219.46327209472656 3.8330643 1.4311897 1.597637 -3.5584543 1.8798723 31.03828 1.5333573818206787 0.5066421031951904
Car 0.0 0 -1.7480889558792114 656.7954711914062 169.34249877929688 752.025634765625 253.7548828125 3.7536917 1.8147322 1.6096356 2.1109884 1.7395985 17.42865 -1.6275544166564941 0.4551669657230377
Car 0.0 0 -1.5888621807098389 539.965576171875 181.6977081298828 562.739501953125 202.95120239257812 3.8888488 1.4375383 1.5749315 -4.3237104 2.1059587 52.489517 -1.6710494756698608 0.42272377014160156
Car 0.0 0 0.16843320429325104 427.76043701171875 184.88438415527344 532.2172241210938 230.25408935546875 3.487623 1.5574857 1.6156744 -4.6746373 2.0055947 26.027704 -0.009274558164179325 0.3421113193035126
Car 0.0 0 1.4953137636184692 612.3599853515625 174.52867126464844 637.18359375 193.74114990234375 4.401292 1.4816744 1.6703997 1.1319138 1.6225085 58.277737 1.5147340297698975 0.2732049822807312
