Pedestrian 0.0 0 -0.774067223072052 1091.5052490234375 146.9496307373047 1174.47216796875 261.0838317871094 0.8651094 1.7478685 0.6377908 8.217438 1.3515229 11.427185 -0.15062858164310455 0.7536014914512634
Pedestrian 0.0 0 -0.2723361849784851 803.5009765625 160.0302734375 836.0969848632812 225.94589233398438 0.7009367 1.7772359 0.6767446 5.7004 1.4318367 19.792747 0.00807952880859375 0.6421346068382263
Pedestrian 0.0 0 0.021172955632209778 728.6929321289062 168.52450561523438 742.1256713867188 191.84432983398438 1.0728003 1.8970284 0.5158059 10.2413225 1.5451882 59.049088 0.1929020881652832 0.18491563200950623
Cyclist 0.0 0 -1.7634391784667969 688.7752075195312 164.89669799804688 713.900390625 208.2560272216797 1.9215413 1.9310178 0.78681445 4.136647 1.5769953 33.116493 -1.6391708850860596 0.8406397700309753
Cyclist 0.0 0 -1.554909586906433 678.858642578125 169.54559326171875 687.5733032226562 197.28787231445312 1.7862556 1.8137472 0.55153394 4.854702 1.5978062 48.089424 -1.4542988538742065 0.5782674551010132
Cyclist 0.0 0 -1.8008825778961182 744.0904541015625 166.2821044921875 758.16064453125 195.1675262451172 1.6681595 1.855616 0.53468746 9.19193 1.4337915 47.19282 -1.6085171699523926 0.24342526495456696
Cyclist 0.0 0 -0.7371008396148682 1089.9239501953125 146.32395935058594 1172.77978515625 260.5456848144531 0.9116225 1.7539073 0.5777076 8.184321 1.3468887 11.415966 -0.11510995030403137 0.1991240382194519
Cyclist 0.0 0 -1.5079193115234375 771.4365234375 166.94479370117188 786.3526611328125 204.72915649414062 1.7590916 1.795093 0.6016313 8.210893 1.514711 35.20561 -1.2787883281707764 0.1685040146112442
Car 0.0 0 -2.2117362022399902 1202.4381103515625 145.18247985839844 1242.0 184.74314880371094 4.001989 2.1778123 1.7355995 36.67552 0.65485466 41.78142 -1.4913254976272583 0.46434900164604187
Car 0.0 0 1.2270667552947998 1159.2423095703125 192.6279296875 1216.662353515625 218.23245239257812 3.8258977 1.4413704 1.6519407 36.654697 2.7566707 45.901283 1.900925874710083 0.1883777529001236
