Pedestrian 0.0 0 -2.2115824222564697 884.9818725585938 139.7803192138672 965.2506713867188 258.4252014160156 0.8075363 1.6788564 0.7556125 4.59854 1.2112128 10.6876955 -1.8052607774734497 0.8182514905929565
Cyclist 0.0 0 1.8073039054870605 408.24542236328125 168.73135375976562 462.4878234863281 259.44964599609375 1.8148671 1.7685386 0.69094265 -3.6408157 1.6885263 14.971658 1.5687538385391235 0.9504836797714233
Cyclist 0.0 0 1.9349708557128906 252.65480041503906 169.45169067382812 384.5245056152344 342.1998596191406 1.8230871 1.7239043 0.7739944 -3.2497914 1.6903094 8.115571 1.5540860891342163 0.9432348012924194
Car 0.0 0 -1.8359375 715.5255126953125 174.03616333007812 868.9771118164062 279.3724670410156 3.2465353 1.4523774 1.5521699 2.7166927 1.4745023 11.632799 -1.606512188911438 0.9700441360473633
Car 0.0 0 -1.747733235359192 671.9258422851562 165.35482788085938 773.7276000976562 244.7142333984375 3.898975 1.6303517 1.6406082 2.4415996 1.4766473 16.795624 -1.6033732891082764 0.8544448614120483
Car 0.0 0 2.173548698425293 0.0 196.7502899169922 306.196044921875 375.0 4.274005 1.483059 1.6571667 -5.388551 1.8341202 8.422937 1.6044148206710815 0.7951880097389221
Car 0.0 0 1.7503867149353027 456.311767578125 177.83258056640625 507.141845703125 213.03341674804688 3.7202039 1.4135427 1.5353211 -5.5512877 1.6431755 31.362265 1.5751960277557373 0.7690573334693909
Car 0.0 0 1.9696091413497925 233.4954071044922 188.5251922607422 402.2771301269531 284.2225036621094 3.802065 1.4603537 1.5571598 -5.3209963 1.7969022 13.556504 1.5955805778503418 0.7504013180732727
Car 0.0 0 1.6765373945236206 527.31884765625 168.41566467285156 554.5636596679688 194.9519500732422 3.8800726 1.9052309 1.6216992 -5.135265 1.5869284 53.75008 1.5812867879867554 0.7088353037834167
Car 0.0 0 -1.6401482820510864 659.653564453125 164.88124084472656 724.4120483398438 224.72012329101562 3.9879994 1.6581743 1.6649965 2.3660629 1.437602 22.015497 -1.5330866575241089 0.6423807740211487
Car 0.0 0 1.8072409629821777 407.10498046875 174.22982788085938 481.2908935546875 227.14578247070312 3.7151837 1.6136165 1.5709192 -5.4575834 1.663235 23.964169 1.5833207368850708 0.6174681782722473
Car 0.0 0 1.808237910270691 345.5723571777344 184.8251953125 445.317626953125 251.27499389648438 3.8412037 1.4614401 1.5841904 -5.423246 1.8016771 18.526796 1.5234692096710205 0.5367593169212341
