Pedestrian 0.0 0 1.9395651817321777 342.2491455078125 206.34906005859375 403.4645690917969 257.50189208984375 1.1939371 1.2332903 1.1681921 -6.2165422 2.137301 18.83796 1.6208168268203735 0.3375621438026428
Pedestrian 0.0 0 -1.8126500844955444 963.4906005859375 133.2701873779297 1012.59814453125 206.3096160888672 1.7308292 1.7575102 0.70216227 9.500541 0.80538356 18.28295 -1.3334146738052368 0.1047985777258873
Cyclist 0.0 0 -1.8126500844955444 963.4906005859375 133.2701873779297 1012.59814453125 206.3096160888672 1.7308292 1.7575102 0.70216227 9.500541 0.80538356 18.28295 -1.3334146738052368 0.2839892506599426
Car 0.0 0 1.8677940368652344 378.2239074707031 194.17138671875 457.5911560058594 244.47021484375 3.452868 1.4052497 1.5410314 -6.1822324 2.148819 23.398066 1.6094775199890137 0.9481749534606934
Car 0.0 0 -1.7378895282745361 659.0603637695312 176.98696899414062 720.2410278320312 221.57225036621094 3.9435372 1.5254799 1.6303977 2.8647285 1.692512 27.077038 -1.6324824094772339 0.920738160610199
Car 0.0 0 -0.9682637453079224 60.3338737487793 204.2026824951172 168.4229736328125 247.27972412109375 4.136613 1.5139781 1.7124712 -20.798607 2.9270287 30.441544 -1.5676465034484863 0.9190962314605713
Car 0.0 0 1.8138240575790405 424.48492431640625 190.80833435058594 486.3959045410156 231.90576171875 3.754152 1.4421949 1.564221 -6.1500735 2.208619 28.881424 1.604015588760376 0.8780949711799622
Car 0.0 0 -0.8872748017311096 9.475871086120605 211.90365600585938 117.4673080444336 252.71182250976562 3.8469276 1.4353291 1.6446123 -23.43207 3.2227948 31.065649 -1.5335068702697754 0.7647281885147095
Car 0.0 0 1.6990244388580322 469.2554931640625 181.7462615966797 512.09130859375 216.8234100341797 4.1712046 1.6593685 1.6660464 -6.1459517 2.1456854 37.31554 1.5357877016067505 0.7408762574195862
Car 0.0 0 -0.9878027439117432 131.72335815429688 208.70481872558594 229.19863891601562 249.277587890625 3.9122176 1.4040813 1.6557677 -18.061089 3.0182889 30.484106 -1.5226712226867676 0.2988399863243103
Car 0.0 0 -0.8245712518692017 0.0 211.36073303222656 65.34606170654297 252.2436065673828 3.928467 1.4405785 1.7177159 -26.004004 3.2135339 31.206266 -1.5192865133285522 0.24958239495754242
