Pedestrian 0.0 0 -1.9153410196304321 835.6226806640625 108.6429672241211 929.0768432617188 288.6318359375 0.92975163 1.6964406 0.59033334 2.7518027 1.0111191 7.238204 -1.5520389080047607 0.2659025192260742
Pedestrian 0.0 0 2.2817118167877197 698.4988403320312 154.5406494140625 719.8385620117188 193.21827697753906 0.86848 1.9084347 0.64699686 5.388252 0.57909155 35.97006 2.4304044246673584 0.16523708403110504
Pedestrian 0.0 0 -0.09272250533103943 935.8248291015625 132.02757263183594 1042.775146484375 331.5789489746094 0.8169055 1.7296185 0.54408354 3.501535 1.3021983 6.631328 0.3930962085723877 0.15405131876468658
Car 0.0 0 0.31857290863990784 0.0 178.02902221679688 164.20526123046875 243.0269012451172 4.3180904 1.5709786 1.6731833 -14.182188 1.488281 18.844347 -0.32658782601356506 0.8905172348022461
Car 0.0 0 -0.511050820350647 330.7315673828125 179.06858825683594 467.8268737792969 229.6603546142578 4.0364614 1.5192798 1.6631918 -6.583142 1.4473875 23.582462 -0.7832750082015991 0.8827096819877625
Car 0.0 0 -1.4360955953598022 553.1776123046875 169.31832885742188 591.3001708984375 198.74717712402344 3.4713588 1.579877 1.6913341 -1.5981427 0.9267429 40.369106 -1.475663185119629 0.8542719483375549
Car 0.0 0 1.7575428485870361 448.11785888671875 182.7745361328125 487.4075012207031 208.8277587890625 3.909824 1.4843549 1.6196079 -7.9592166 1.56498 43.07169 1.5748142004013062 0.26085469126701355
Car 0.0 0 -0.20710569620132446 7.408287525177002 158.50413513183594 131.5142059326172 195.01358032226562 4.2233057 1.5327582 1.7340975 -23.854727 0.5683115 32.308388 -0.8431056141853333 0.22268511354923248
Car 0.0 0 -1.8969509601593018 162.15618896484375 186.15707397460938 226.7408447265625 218.21466064453125 3.9980285 1.5042646 1.6329787 -20.554428 1.7524321 36.206486 -2.4132819175720215 0.16041621565818787
Car 0.0 0 1.4598169326782227 643.4074096679688 173.17514038085938 670.5430908203125 195.04750061035156 3.982592 1.6239406 1.647005 4.263465 1.0064337 55.34924 1.5366935729980469 0.15247909724712372
Car 0.0 0 1.5254971981048584 579.57666015625 168.5907745361328 599.1072998046875 185.5314483642578 3.950304 1.4987476 1.6003052 -1.094313 0.35707286 65.56969 1.5088094472885132 0.15019112825393677
