Pedestrian 0.0 0 -3.5786454677581787 1147.4718017578125 133.7653350830078 1216.18994140625 235.70611572265625 0.73740524 1.721561 0.61119455 9.992929 0.93396145 12.321292 -2.8972153663635254 0.5027787685394287
Pedestrian 0.0 0 -2.374622344970703 269.4316101074219 181.48194885253906 325.89666748046875 264.642822265625 0.78104347 1.6432003 0.71561205 -6.3160677 1.6655476 14.448068 -2.7867445945739746 0.3998369574546814
Pedestrian 0.0 0 2.9021809101104736 507.4408874511719 165.34616088867188 521.4168701171875 188.0731658935547 1.0897815 1.9427685 0.5704482 -7.783432 0.64857215 60.897102 2.775057315826416 0.3062015771865845
Pedestrian 0.0 0 0.013965517282485962 770.19873046875 157.5603790283203 801.2219848632812 188.55245971679688 1.7123415 1.7562282 0.54227453 10.355152 0.45769447 40.546547 0.264009952545166 0.1934460997581482
Pedestrian 0.0 0 -3.825206756591797 1174.939697265625 137.90899658203125 1224.0 246.25807189941406 0.99059993 1.7420855 0.6141141 10.123652 1.058942 11.685201 -3.111288070678711 0.19109903275966644
Pedestrian 0.0 0 -3.438136100769043 998.4232788085938 111.74933624267578 1059.4215087890625 241.69589233398438 0.60140496 1.7361178 0.49580172 5.789571 0.819264 9.753447 -2.9024415016174316 0.16686566174030304
Pedestrian 0.0 0 1.8268811702728271 790.3356323242188 162.940185546875 806.5272827148438 197.1610565185547 0.61750895 1.804997 0.7002909 10.313291 0.8802073 37.73107 2.093700408935547 0.16592085361480713
Cyclist 0.0 0 -1.7633944749832153 983.3939819335938 146.3908233642578 1031.61083984375 216.07713317871094 1.7224416 1.728921 0.7736333 10.452393 0.88426673 18.476343 -1.2485641241073608 0.8040826320648193
Cyclist 0.0 0 -0.03135490417480469 771.0001220703125 157.76071166992188 802.8175048828125 188.82215881347656 1.749406 1.7609742 0.53462315 10.41128 0.4731958 40.531746 0.2200765609741211 0.455447256565094
Cyclist 0.0 0 -1.0249556303024292 176.97389221191406 188.4846649169922 230.73995971679688 250.25888061523438 1.666503 1.6167519 0.5041058 -11.102267 1.8487263 19.557268 -1.5412712097167969 0.1639871895313263
Car 0.0 0 0.2630026638507843 630.3975830078125 167.4631805419922 773.7105102539062 215.46226501464844 4.3517537 1.4568259 1.6545912 3.1274695 1.062703 23.060375 0.39780116081237793 0.9046328663825989
Car 0.0 0 -0.8525594472885132 0.0 202.9810028076172 299.4496154785156 370.0 3.693568 1.4537412 1.6136293 -3.1272771 1.6246179 3.454895 -1.5882251262664795 0.8510143160820007
