Pedestrian 0.0 0 -2.165170907974243 1037.03662109375 161.12850952148438 1105.0325927734375 264.02325439453125 0.8095557 1.7206669 0.6470851 7.903526 1.5249441 12.477455 -1.6005364656448364 0.8405207991600037
Pedestrian 0.0 0 -2.554642677307129 158.169677734375 161.56661987304688 213.10781860351562 236.81015014648438 0.9579382 1.7518313 0.5888314 -10.107202 1.489395 17.115828 -3.0880608558654785 0.33275994658470154
Pedestrian 0.0 0 0.2610540986061096 484.6621398925781 174.51893615722656 514.0057373046875 230.41452026367188 0.7026574 1.6160355 0.6862612 -3.3017714 1.6663296 21.259365 0.10697603225708008 0.33078181743621826
Pedestrian 0.0 0 -3.356846570968628 932.7731323242188 185.81109619140625 1007.9521484375 277.4623107910156 1.113945 1.6018579 0.64960164 6.5110807 1.8471022 13.184688 -2.898141860961914 0.3167508542537689
Pedestrian 0.0 0 -1.6962593793869019 747.7125854492188 151.2481231689453 781.6412963867188 224.2006378173828 0.878506 1.883088 0.77121997 4.0340466 1.325744 19.091583 -1.4880226850509644 0.2620374858379364
Pedestrian 0.0 0 -0.41466617584228516 521.124755859375 163.5382537841797 534.8667602539062 200.5647735595703 0.4736739 1.9085561 0.6887884 -4.312912 1.4287277 37.606224 -0.5288534164428711 0.24104344844818115
Pedestrian 0.0 0 2.4370834827423096 731.4996337890625 157.91415405273438 762.3013916015625 209.3655548095703 0.90831846 1.800361 0.5980736 4.8374763 1.2779517 25.72978 2.6229248046875 0.2025880366563797
Pedestrian 0.0 0 -1.4248310327529907 554.2738647460938 171.86346435546875 575.0645751953125 212.6519012451172 0.93924975 1.8399864 0.82396704 -2.1098335 1.7956611 33.048046 -1.4885859489440918 0.18750901520252228
Pedestrian 0.0 0 0.3513573706150055 8.122635841369629 161.42034912109375 75.49410247802734 256.0760192871094 0.8492266 1.7228154 0.57067794 -10.692125 1.5150709 13.533441 -0.3172883689403534 0.185972660779953
Pedestrian 0.0 0 -2.348677158355713 181.66720581054688 160.810791015625 227.4208526611328 232.11459350585938 0.79577434 1.7235017 0.60022104 -10.067361 1.4327606 17.835815 -2.862544059753418 0.1795528084039688
Pedestrian 0.0 0 2.4570937156677246 0.0 185.45835876464844 36.031578063964844 243.41610717773438 1.6407808 1.879049 0.5980343 -20.680334 2.3247094 24.62686 1.7585821151733398 0.1031297966837883
Cyclist 0.0 0 -1.222188115119934 669.9737548828125 170.40145874023438 711.23291015625 233.01002502441406 1.9955803 1.7869741 0.58485013 2.3902166 1.7173319 21.615507 -1.1120567321777344 0.9121612310409546
Cyclist 0.0 0 -3.406285047531128 931.6983642578125 188.1402587890625 1013.5836181640625 279.61358642578125 1.1857921 1.5851531 0.7007426 6.5143514 1.8731222 13.113697 -2.9452333450317383 0.2851032316684723
Cyclist 0.0 0 -1.512217402458191 948.908203125 151.00970458984375 972.791259765625 211.02349853515625 1.7352173 1.6489856 0.5188184 10.033249 1.0491328 20.706667 -1.0610125064849854 0.27047258615493774
Cyclist 0.0 0 2.4824843406677246 0.0 185.15185546875 35.184879302978516 243.0389862060547 1.6099987 1.8763384 0.59139854 -20.676403 2.3104157 24.595102 1.7834309339523315 0.26523417234420776
Cyclist 0.0 0 1.6770873069763184 487.2440185546875 174.15476989746094 511.01513671875 229.07330322265625 0.90929395 1.5825857 0.6020671 -3.309491 1.6221571 21.280542 1.52280592918396 0.24459590017795563
Car 0.0 0 -2.4953019618988037 260.52301025390625 178.87953186035156 370.5274353027344 220.143798828125 3.8311112 1.5431104 1.6324338 -11.705643 1.7932645 28.631294 -2.883406400680542 0.6379101872444153
Car 0.0 0 -0.34545397758483887 721.2040405273438 180.1702117919922 818.7786254882812 219.13836669921875 3.5133185 1.5061414 1.6723477 6.423447 1.814728 29.338594 -0.12991315126419067 0.21619398891925812
