Pedestrian 0.0 0 0.8807989358901978 745.1770629882812 168.0465545654297 765.9271240234375 206.87583923339844 0.71907073 1.8092746 0.6521609 6.8357196 1.5856266 34.08868 1.0787017345428467 0.535820722579956
Pedestrian 0.0 0 1.7163840532302856 905.5403442382812 155.01644897460938 1007.4912109375 332.2684326171875 0.7661688 1.6505357 0.8267032 3.4407847 1.4847938 7.2640963 2.1587467193603516 0.5162656903266907
Pedestrian 0.0 0 1.800579309463501 590.144287109375 168.97193908691406 612.3094482421875 219.5404815673828 0.78903794 1.8428729 0.6606466 -0.36394683 1.7017568 26.748495 1.7869739532470703 0.49657607078552246
Pedestrian 0.0 0 -1.6965582370758057 882.2012939453125 172.34942626953125 920.6751708984375 242.4856719970703 0.90153885 1.762701 0.81369984 7.479434 1.7503779 18.670216 -1.3155280351638794 0.4601233899593353
Pedestrian 0.0 0 -0.8194778561592102 1056.1546630859375 162.56890869140625 1160.5135498046875 301.0915222167969 0.81931764 1.6753114 0.7286648 6.260823 1.5512799 9.168694 -0.22035640478134155 0.3647151291370392
Pedestrian 0.0 0 -1.5237903594970703 571.7189331054688 172.33236694335938 588.3933715820312 220.1229705810547 0.7267015 1.7253182 0.57785434 -1.1356804 1.7068442 26.410448 -1.5667650699615479 0.3510247468948364
Pedestrian 0.0 0 0.8049041032791138 1192.718505859375 129.8480682373047 1242.0 242.5599822998047 0.60416836 1.7431599 0.5960991 9.762373 1.0784042 11.475978 1.5097922086715698 0.3444924056529999
Pedestrian 0.0 0 -2.100519895553589 1206.4173583984375 99.01889038085938 1242.0 178.8869171142578 0.6874408 1.9572339 0.7733435 15.559629 0.14819974 18.086767 -1.390089750289917 0.31993645429611206
Pedestrian 0.0 0 1.6123645305633545 605.337158203125 174.97752380371094 618.706298828125 212.67689514160156 0.83415097 1.7377151 0.5922809 0.059024733 1.8386254 33.73371 1.6141142845153809 0.24878399074077606
Pedestrian 0.0 0 0.8520295023918152 1144.5301513671875 136.6756134033203 1213.9447021484375 244.60470581054688 0.6886302 1.7000949 0.5731205 9.181636 1.1305722 11.72225 1.516482949256897 0.24570219218730927
Pedestrian 0.0 0 1.0503908395767212 609.3643188476562 174.0186309814453 632.3607177734375 218.6024627685547 0.70731527 1.7175472 0.63272893 0.3807433 1.7643043 28.280718 1.0638530254364014 0.23747003078460693
Pedestrian 0.0 0 3.398639678955078 306.46783447265625 174.56935119628906 371.7183837890625 290.09466552734375 0.8341959 1.7777108 0.65751374 -4.3481016 1.8062532 11.481972 3.0366382598876953 0.22106419503688812
Pedestrian 0.0 0 -0.8087278604507446 1165.8134765625 102.97314453125 1230.218994140625 214.4320068359375 0.5837094 1.8503368 0.6212917 9.978732 0.6905975 12.320907 -0.12797793745994568 0.2157861292362213
Pedestrian 0.0 0 -0.6262565851211548 962.3521118164062 184.32308959960938 1001.9158935546875 252.9059600830078 0.6282631 1.5608612 0.5305987 8.627202 1.8337437 16.832207 -0.15262633562088013 0.20064879953861237
Pedestrian 0.0 0 1.5315675735473633 811.9269409179688 177.4696807861328 883.7897338867188 329.0685729980469 1.5291804 1.5434828 0.7021197 2.6159449 1.6017815 8.224407 1.8395196199417114 0.12161698192358017
Pedestrian 0.0 0 1.7176785469055176 375.1150207519531 137.95738220214844 433.9106750488281 255.22068786621094 1.6598678 1.7625822 0.6856518 -3.3531606 1.2384096 11.710505 1.4388024806976318 0.10217396169900894
Cyclist 0.0 0 1.4530539512634277 804.7874755859375 185.3095703125 879.8674926757812 342.08349609375 1.6350482 1.5762864 0.6115601 2.5571387 1.7339109 8.248044 1.7536866664886475 0.5879833698272705
Cyclist 0.0 0 1.2043349742889404 901.430419921875 152.68212890625 1024.026611328125 333.0452575683594 1.0681587 1.6705328 0.7651631 3.438504 1.4840578 7.2420397 1.647618293762207 0.337067574262619
Cyclist 0.0 0 1.7078161239624023 664.2440185546875 176.1140594482422 675.4574584960938 201.5332794189453 1.611751 1.7268755 0.5623912 4.130743 1.9573503 50.0807 1.7901115417480469 0.2592981457710266
Cyclist 0.0 0 -1.331667184829712 756.0256958007812 178.66390991210938 769.5643310546875 207.55250549316406 1.6189628 1.6918383 0.42717427 9.165127 2.0483537 43.406536 -1.123577356338501 0.23958289623260498
Cyclist 0.0 0 1.7176785469055176 375.1150207519531 137.95738220214844 433.9106750488281 255.22068786621094 1.6598678 1.7625822 0.6856518 -3.3531606 1.2384096 11.710505 1.4388024806976318 0.22528594732284546
Cyclist 0.0 0 -1.714357614517212 775.3914794921875 174.49253845214844 787.8026123046875 207.4774169921875 1.5556191 1.6103078 0.38275257 8.539677 1.6944331 36.092796 -1.4820266962051392 0.22239123284816742
Cyclist 0.0 0 -3.604656934738159 1068.4425048828125 148.73800659179688 1175.937744140625 287.3290710449219 0.9286996 1.6875311 0.62990993 6.423874 1.3942447 9.163077 -2.9932193756103516 0.1161004900932312
Car 0.0 0 -1.310151219367981 454.4185485839844 148.61846923828125 583.3201293945312 247.07322692871094 3.0273468 1.5333356 1.53588 -1.549887 1.1562489 12.840804 -1.4302703142166138 0.6915426850318909
