Cyclist 0.0 0 1.1326016187667847 689.906005859375 184.63296508789062 738.6326904296875 251.179931640625 1.7437923 1.6944767 0.6252265 2.7631402 2.0303175 19.622488 1.2724968194961548 0.5471336841583252
Car 0.0 0 -1.801166296005249 706.8336791992188 189.33018493652344 835.4993286132812 274.7289733886719 4.290485 1.3998705 1.5815233 3.0719247 1.7882661 14.825372 -1.5968503952026367 0.9721231460571289
Car 0.0 0 0.7193365693092346 0.0 192.20980834960938 303.3114013671875 354.97607421875 4.2159286 1.5117803 1.6683105 -5.880534 1.7521834 7.941635 0.08196330070495605 0.9251357316970825
Car 0.0 0 3.6651296615600586 0.0 182.6905975341797 321.2602844238281 297.5197448730469 3.663569 1.5062313 1.5754389 -6.3758287 1.6602737 10.437435 3.1167619228363037 0.9067472219467163
Car 0.0 0 -2.1995816230773926 843.0888061523438 193.45372009277344 1242.0 375.0 4.0164604 1.4480267 1.6370684 2.7122557 1.617856 3.9074936 -1.5928153991699219 0.8983427882194519
Car 0.0 0 -1.667354702949524 656.5582275390625 176.58584594726562 701.9591674804688 215.91574096679688 4.333645 1.7315693 1.7262919 3.1901486 1.9208077 34.3463 -1.5747385025024414 0.8583921194076538
Car 0.0 0 3.5619401931762695 101.11554718017578 169.9613037109375 356.39166259765625 279.4747009277344 3.6467104 1.8009819 1.6554167 -6.6498923 1.7537682 12.796768 3.082693338394165 0.6718297600746155
Car 0.0 0 3.352391481399536 405.8493957519531 177.71841430664062 502.90545654296875 218.34036254882812 3.5733163 1.5826707 1.5907116 -6.2648735 1.7845939 29.097721 3.140324115753174 0.6067629456520081
Car 0.0 0 0.11844839155673981 464.0382080078125 170.63473510742188 544.1888427734375 204.43673706054688 4.328786 1.8755227 1.718502 -5.99366 1.7527438 40.949306 -0.026887398213148117 0.4466957747936249
Car 0.0 0 1.0928399562835693 695.1506958007812 190.8544921875 819.297607421875 257.49505615234375 3.8425617 1.4634198 1.591991 3.6954193 1.9901094 19.02707 1.2846708297729492 0.4094066619873047
