Pedestrian 0.0 0 -2.4120795726776123 1021.0656127929688 205.71145629882812 1071.224365234375 282.2182312011719 0.74371994 1.6871324 0.6631918 10.068654 2.4710753 16.751234 -1.870874047279358 0.16776670515537262
Pedestrian 0.0 0 -2.6389353275299072 1137.1939697265625 172.5972137451172 1242.0 375.0 0.6620684 1.7160846 0.7070985 3.2931182 1.715249 3.7836604 -1.9227436780929565 0.11868906766176224
Cyclist 0.0 0 1.0453459024429321 1103.0245361328125 166.38470458984375 1139.2569580078125 207.5882110595703 1.4753112 1.7601898 0.6384932 22.316631 1.4841837 31.584208 1.6604714393615723 0.14572826027870178
Car 0.0 0 -1.5931538343429565 582.0771484375 181.0338897705078 624.5680541992188 215.47999572753906 3.2645957 1.2764056 1.623044 -0.35343337 1.6264261 29.181288 -1.6052649021148682 0.9443339109420776
Car 0.0 0 -1.4576871395111084 524.6764526367188 179.3197784423828 565.6433715820312 209.30270385742188 3.5567517 1.3953484 1.6545382 -3.2366002 1.7357758 36.149128 -1.5469837188720703 0.9435616135597229
Car 0.0 0 1.7200989723205566 425.3006896972656 177.41200256347656 455.724609375 199.14564514160156 3.7742064 1.4639032 1.565801 -12.051876 1.8009899 51.357494 1.4896032810211182 0.5868044495582581
Car 0.0 0 -1.560511589050293 609.4261474609375 171.05056762695312 630.84521484375 192.67161560058594 3.6542456 1.6284823 1.6137482 0.7809317 1.4930059 56.189045 -1.546614170074463 0.16103921830654144
Car 0.0 0 1.800455093383789 46.31224822998047 187.1209716796875 101.15422821044922 216.94091796875 4.2081113 1.5728246 1.6773504 -31.525614 2.4580514 42.48458 1.1620625257492065 0.14579536020755768
Car 0.0 0 -1.8283432722091675 785.1221923828125 191.91246032714844 823.1229248046875 215.43560791015625 3.9155223 1.4537326 1.5763674 13.297967 2.8194025 49.72618 -1.567034125328064 0.13903149962425232
Car 0.0 0 -1.5823220014572144 458.9279479980469 176.50807189941406 492.8923645019531 209.04702758789062 3.9075058 1.5350372 1.6044506 -6.8586197 1.7311316 36.57459 -1.767693281173706 0.12040369212627411
