Pedestrian 0.0 0 -0.33842483162879944 987.2913818359375 155.88450622558594 1021.0614013671875 202.3968505859375 1.0765547 1.8876221 0.6097321 16.157526 1.1993032 29.666473 0.1602933406829834 0.1032748892903328
Cyclist 0.0 0 -1.0638431310653687 0.0 168.66665649414062 47.033077239990234 224.47349548339844 1.7425673 1.8009956 0.5975537 -19.772848 1.66622 24.193132 -1.7490392923355103 0.1076943427324295
Cyclist 0.0 0 -1.6884132623672485 905.791748046875 143.66900634765625 926.0219116210938 192.68988037109375 1.5901489 1.870899 0.5463484 11.9767475 0.7574013 28.374676 -1.289007544517517 0.10677007585763931
Cyclist 0.0 0 -0.5375441312789917 950.7705688476562 168.7466583251953 998.0146484375 214.54148864746094 1.6422782 1.8574011 0.62811095 14.917077 1.6911687 29.633905 -0.07119721174240112 0.10666834563016891
Car 0.0 0 2.1311213970184326 112.91179656982422 200.03211975097656 224.64109802246094 244.8407440185547 4.162642 1.4627568 1.777899 -17.119833 2.603759 28.18565 1.5852818489074707 0.8899660110473633
Car 0.0 0 -2.5282721519470215 991.836669921875 187.3223876953125 1242.0 281.1392517089844 3.8790665 1.4404526 1.6216757 9.514035 1.7601826 13.823916 -1.9254891872406006 0.20250204205513
Car 0.0 0 -2.260486125946045 230.57794189453125 195.25177001953125 281.9311218261719 216.18218994140625 3.6139786 1.4609786 1.5700257 -26.967182 3.2123837 54.946682 -2.7167370319366455 0.1418263167142868
Car 0.0 0 0.21264001727104187 54.08369827270508 161.36965942382812 159.14434814453125 192.70262145996094 4.2998915 1.593367 1.7821366 -26.665934 1.0097146 38.33932 -0.39507588744163513 0.1360802799463272
Car 0.0 0 -0.2567937970161438 980.9762573242188 147.3517303466797 1111.8558349609375 186.6165771484375 4.343592 1.5508552 1.740218 17.937056 0.5439429 29.937973 0.2829935550689697 0.13571177423000336
Car 0.0 0 1.9656983613967896 301.1244201660156 199.87527465820312 356.7271728515625 228.29776000976562 4.2710414 1.4885685 1.6452084 -17.107725 3.2189562 44.03861 1.595170021057129 0.13151752948760986
Car 0.0 0 -0.23006263375282288 679.3587036132812 182.24559020996094 767.8864135742188 215.92417907714844 3.8264663 1.5076814 1.6006291 5.2387166 1.9598825 33.767944 -0.07615084946155548 0.130420982837677
