Pedestrian 0.0 0 2.4452016353607178 1129.9869384765625 89.85740661621094 1242.0 310.7317199707031 0.84694904 1.8043153 0.69782776 5.1215672 1.1266767 6.244377 3.132132053375244 0.4847162067890167
Pedestrian 0.0 0 2.3949663639068604 1121.7474365234375 134.02716064453125 1201.66455078125 270.347900390625 0.5785101 1.767678 0.63035774 7.3457994 1.2645662 9.695502 3.0433456897735596 0.4153543710708618
Pedestrian 0.0 0 -1.8624290227890015 735.8114624023438 159.20057678222656 750.5567016601562 192.47373962402344 0.5609883 1.8559154 0.6820678 7.4495907 1.0947107 40.55952 -1.6807830333709717 0.1499740332365036
Pedestrian 0.0 0 1.941316843032837 423.7530822753906 159.65475463867188 439.01922607421875 196.87754821777344 0.5963296 1.9239243 0.5980451 -9.348695 1.2420566 37.62481 1.697777271270752 0.141678586602211
Pedestrian 0.0 0 2.2581968307495117 821.8753662109375 164.6160888671875 854.3521728515625 214.15281677246094 0.81892294 1.9472773 0.9366526 9.115915 1.6238048 28.976746 2.562988519668579 0.1274937093257904
Cyclist 0.0 0 1.943745493888855 239.2097930908203 174.5061798095703 258.07220458984375 198.69015502929688 1.8461599 1.7564754 0.62157166 -26.799637 1.8814663 53.479446 1.4792020320892334 0.14569053053855896
Car 0.0 0 -1.7583171129226685 649.451416015625 181.6434783935547 747.484619140625 250.84364318847656 4.1622024 1.4536 1.6164706 2.0010383 1.6972462 17.832691 -1.6465727090835571 0.941623866558075
Car 0.0 0 -2.0820436477661133 805.0209350585938 169.039306640625 1225.4315185546875 375.0 3.6175003 1.5398489 1.6257257 3.1285646 1.5152595 6.575189 -1.6379315853118896 0.8965581655502319
Car 0.0 0 -1.2740592956542969 316.0384216308594 172.9385528564453 347.34912109375 190.021484375 3.4415195 1.4448906 1.6087811 -24.213285 1.4528172 62.81678 -1.6419676542282104 0.19199612736701965
Car 0.0 0 2.5960347652435303 760.0189819335938 181.50997924804688 817.730224609375 202.92958068847656 3.8926952 1.5283931 1.6619475 13.34421 2.192691 53.96729 2.838437557220459 0.1822281926870346
Car 0.0 0 1.8441340923309326 222.6436004638672 177.79685974121094 259.8345642089844 201.3462371826172 3.4885583 1.6740023 1.5944148 -27.547066 2.0566761 53.93887 1.3719561100006104 0.1155606061220169
