Pedestrian 0.0 0 -2.186150074005127 761.575439453125 153.50076293945312 826.8073120117188 259.257568359375 0.72388124 1.7110585 0.7864364 3.1952105 1.2593458 12.096016 -1.9278950691223145 0.7042707800865173
Pedestrian 0.0 0 -2.2550573348999023 1112.7864990234375 131.94566345214844 1238.0 374.0 0.7651794 1.6622263 0.6043227 3.7831526 1.3740283 4.5800705 -1.5646607875823975 0.643081784248352
Pedestrian 0.0 0 0.8345090746879578 58.45409393310547 134.132080078125 133.31797790527344 264.2807312011719 0.53258914 1.8273665 0.7260292 -7.4173856 1.1636101 10.495496 0.21928668022155762 0.5917305946350098
Pedestrian 0.0 0 3.588153839111328 133.6947021484375 137.1421356201172 197.7447509765625 261.56805419921875 0.5670666 1.8001379 0.7228267 -6.5658836 1.1597013 10.777989 3.041001796722412 0.5356601476669312
Pedestrian 0.0 0 2.3215465545654297 8.262808799743652 124.3179702758789 107.35567474365234 276.8810119628906 0.82180136 1.7464062 0.5376523 -6.5737157 1.093187 8.656212 1.6720428466796875 0.4469228684902191
Pedestrian 0.0 0 2.1635215282440186 500.2270202636719 161.7063446044922 526.922119140625 209.7817840576172 0.851542 1.8428395 0.67577064 -3.4477358 1.085126 28.065464 2.041287660598755 0.36748337745666504
Pedestrian 0.0 0 -1.5396567583084106 406.55450439453125 145.27684020996094 444.0693359375 230.38436889648438 1.0445006 1.8363285 0.787057 -3.9663699 1.0559832 16.089556 -1.781355857849121 0.335598886013031
Pedestrian 0.0 0 1.9424983263015747 530.0868530273438 162.11842346191406 548.498046875 202.4476318359375 0.67114025 1.852785 0.65499735 -2.898919 0.963295 33.412937 1.855954647064209 0.2742446959018707
Pedestrian 0.0 0 -1.3191232681274414 442.0078125 170.9253387451172 467.0139465332031 223.8880615234375 0.7920449 1.7171844 0.63258344 -4.866371 1.3754213 23.698685 -1.5216515064239502 0.26834744215011597
Pedestrian 0.0 0 0.6779729127883911 259.535888671875 121.2236557006836 354.525390625 274.18682861328125 0.8300067 1.732765 0.64018774 -3.543502 1.0513064 8.558672 0.2854349613189697 0.1983075737953186
Pedestrian 0.0 0 0.5249525308609009 167.85792541503906 155.65577697753906 228.16249084472656 247.12828063964844 0.8727335 1.8273969 0.63829595 -8.266793 1.3123384 14.67226 0.011856794357299805 0.19133208692073822
Cyclist 0.0 0 -1.5978693962097168 409.98638916015625 145.3264617919922 448.2301025390625 229.5268096923828 1.0405121 1.8207854 0.8038072 -3.9190164 1.0397786 16.138409 -1.836095929145813 0.16860009729862213
Car 0.0 0 1.6884486675262451 468.63446044921875 175.669189453125 581.5499877929688 265.2414245605469 4.2019715 1.4678106 1.6602077 -1.3518755 1.3735514 13.886308 1.5914013385772705 0.9195120334625244
Car 0.0 0 -1.108389139175415 473.71417236328125 177.86463928222656 532.4712524414062 207.0498046875 3.6045728 1.433207 1.5756747 -5.0437956 1.2555746 37.232914 -1.2430355548858643 0.39419394731521606
