Car 0.0 0 -1.570639967918396 597.7305908203125 183.47938537597656 677.4600219726562 262.5450744628906 3.679972 1.6008401 1.671739 0.591144 1.8787425 16.976372 -1.535832405090332 0.9501149654388428
Car 0.0 0 1.834744930267334 420.65679931640625 189.29373168945312 490.5008850097656 229.9553680419922 4.3384714 1.4833877 1.7966045 -6.429868 2.2252538 30.326574 1.6258180141448975 0.9388721585273743
Car 0.0 0 1.9295624494552612 309.7077331542969 190.35977172851562 398.0994567871094 235.2938232421875 4.5479302 1.5354198 1.8288482 -10.102736 2.2885275 28.731077 1.591435432434082 0.9320400953292847
Car 0.0 0 2.1919150352478027 172.3671417236328 186.7090606689453 268.65478515625 229.36056518554688 3.3361325 1.441785 1.5507029 -14.666937 1.9997039 27.280388 1.6986134052276611 0.8659650683403015
Car 0.0 0 2.31850528717041 0.0 200.36358642578125 128.84339904785156 311.6092529296875 3.8609543 1.4490471 1.6056296 -10.42893 1.9946415 12.332861 1.6165587902069092 0.7783700823783875
Car 0.0 0 1.888910174369812 374.0784912109375 179.92503356933594 432.86236572265625 223.14385986328125 3.8728628 1.9341835 1.6017449 -9.951223 2.295858 34.899277 1.6111403703689575 0.7087475657463074
Car 0.0 0 1.962525725364685 503.5018005371094 186.4862823486328 544.0457763671875 207.4270782470703 4.362164 1.524585 1.6935561 -6.890176 2.6627104 57.889057 1.8440592288970947 0.6214542388916016
Car 0.0 0 1.8318015336990356 517.0997924804688 184.58128356933594 556.52294921875 211.04196166992188 3.8665419 1.6087391 1.6529883 -4.822267 2.4178066 47.713856 1.7310771942138672 0.599016010761261
Car 0.0 0 -1.0543304681777954 695.6344604492188 182.57476806640625 774.4578857421875 224.09205627441406 3.5624435 1.495625 1.5336481 4.9849195 1.9081092 28.725126 -0.8825030326843262 0.577962338924408
Car 0.0 0 -1.0412198305130005 672.701904296875 183.07411193847656 743.745849609375 216.74002075195312 4.039516 1.49489 1.6381367 4.834878 2.0264094 35.402534 -0.9054908156394958 0.5453561544418335
Car 0.0 0 2.131465196609497 157.03738403320312 187.4466094970703 235.08566284179688 219.18569946289062 3.9892724 1.4648491 1.6138276 -21.266829 2.2583337 37.187565 1.6119787693023682 0.5240715146064758
