Pedestrian 0.0 0 2.221439838409424 2.213282823562622 166.56536865234375 84.8705062866211 296.511474609375 0.70465815 1.7127197 0.58201474 -7.779889 1.6301918 9.864556 1.5536450147628784 0.7932502031326294
Pedestrian 0.0 0 2.6612658500671387 858.4921264648438 125.89842987060547 1000.255859375 330.0583801269531 0.9121173 1.7148175 0.75940305 2.7755573 1.3207777 6.4705815 3.0664775371551514 0.7827853560447693
Pedestrian 0.0 0 0.7472993731498718 35.75790023803711 152.1373291015625 144.61175537109375 301.847412109375 0.8065881 1.7422795 0.71477866 -6.371348 1.501543 8.797564 0.12050437927246094 0.7814629673957825
Pedestrian 0.0 0 1.2051092386245728 915.133056640625 143.76284790039062 998.5570678710938 300.82879638671875 0.7521979 1.7488259 0.6488104 3.9760745 1.4252728 8.430452 1.6458063125610352 0.6020190119743347
Pedestrian 0.0 0 3.611121654510498 109.09011840820312 135.6763153076172 194.6521453857422 270.1535949707031 0.8150818 1.8351148 0.654962 -6.5160418 1.3281355 10.209542 3.043064832687378 0.5586017966270447
Pedestrian 0.0 0 3.5836968421936035 180.81126403808594 168.64862060546875 224.89303588867188 245.67507934570312 0.7085314 1.7653983 0.60221994 -9.555284 1.6693717 16.860754 3.0681092739105225 0.5197209119796753
Pedestrian 0.0 0 1.3428022861480713 847.5812377929688 171.51939392089844 874.104248046875 220.90338134765625 0.8676801 1.6744034 0.68543345 8.614265 1.629511 24.928856 1.6755107641220093 0.42388179898262024
Pedestrian 0.0 0 2.080601692199707 832.3320922851562 187.35037231445312 910.6519775390625 314.77276611328125 0.7044699 1.5764414 0.72369194 3.4032269 1.778712 9.542946 2.423163890838623 0.3871840536594391
Pedestrian 0.0 0 1.5538583993911743 303.35577392578125 180.60093688964844 332.2029724121094 235.20904541015625 0.9254319 1.6780987 0.832029 -9.337174 1.9309597 22.926039 1.1670973300933838 0.35995617508888245
Pedestrian 0.0 0 2.396763801574707 992.7918701171875 107.71046447753906 1128.82275390625 300.0394287109375 0.94983035 1.8693993 0.7310853 4.5825934 1.2365751 7.460703 2.9475815296173096 0.3395546078681946
Cyclist 0.0 0 1.8543715476989746 402.0368957519531 160.89089965820312 445.5051574707031 237.77183532714844 1.8349957 1.8239435 0.5645746 -4.678478 1.540486 18.040716 1.6006323099136353 0.8809489011764526
Cyclist 0.0 0 1.9935108423233032 419.87457275390625 163.67599487304688 463.468505859375 230.740234375 1.8016514 1.8520476 0.5381812 -4.8887987 1.5989456 20.858925 1.763291835784912 0.7862893342971802
Cyclist 0.0 0 -0.7985179424285889 601.3896484375 167.43431091308594 642.417236328125 210.33352661132812 1.8477429 1.7500297 0.60702944 0.47095808 1.5292966 30.298468 -0.7829752564430237 0.6797381639480591
Cyclist 0.0 0 -1.8298695087432861 121.2012939453125 149.37989807128906 161.4535369873047 202.35508728027344 1.7777003 1.7822541 0.7431267 -16.38701 0.9928689 25.143406 -2.407468318939209 0.38253623247146606
Cyclist 0.0 0 1.3509787321090698 846.5851440429688 171.11570739746094 874.0459594726562 221.92112731933594 0.9403722 1.7217244 0.70736 8.60442 1.6631743 24.95598 1.6829991340637207 0.10773469507694244
Car 0.0 0 -2.679779291152954 427.65496826171875 175.32528686523438 497.3025207519531 202.00108337402344 3.9203527 1.597444 1.6176913 -9.1646385 1.75541 44.728798 -2.88187575340271 0.4084576666355133
Car 0.0 0 -2.5468873977661133 301.3890075683594 184.3167266845703 393.8327941894531 217.88668823242188 3.9957685 1.5311593 1.6257757 -12.766497 2.108642 35.05124 -2.896177291870117 0.30700165033340454
Car 0.0 0 0.5264686346054077 324.81658935546875 174.12796020507812 405.25238037109375 204.23834228515625 3.824739 1.5820935 1.6551272 -13.320863 1.6537662 39.198803 0.1988840103149414 0.28800544142723083
