Car 0.0 0 -1.5901938676834106 580.3812866210938 178.4885711669922 637.3190307617188 223.7754364013672 3.4797091 1.3328141 1.7124197 -0.12323332 1.5299163 23.43096 -1.5954532623291016 0.9506120085716248
Car 0.0 0 -1.8210278749465942 0.0 177.44692993164062 187.11509704589844 375.0 3.744741 1.4171894 1.5819136 -5.2904305 1.4659821 5.907097 -2.551409959793091 0.8686861991882324
Car 0.0 0 2.060678005218506 48.3990478515625 172.63043212890625 174.2696990966797 224.6439971923828 3.731944 1.4349728 1.5544327 -14.975847 1.429163 21.843992 1.459694266319275 0.7907399535179138
Car 0.0 0 -1.6612789630889893 659.2514038085938 178.22882080078125 699.8697509765625 209.1801300048828 4.043617 1.4420148 1.6655 3.40912 1.7281814 36.34096 -1.5677434206008911 0.7864749431610107
Car 0.0 0 -2.248586416244507 463.3822021484375 174.50218200683594 539.8340454101562 208.79319763183594 3.5491166 1.4695712 1.5578525 -5.01006 1.5490535 32.86295 -2.399874687194824 0.7811411619186401
Car 0.0 0 -1.9837099313735962 316.5154724121094 180.03961181640625 471.5637512207031 258.0143737792969 4.2495923 1.426954 1.6412661 -4.877154 1.6054418 15.74033 -2.284179449081421 0.7456223368644714
Car 0.0 0 -2.0988011360168457 356.1294860839844 176.92269897460938 487.3855895996094 242.32020568847656 3.8278413 1.5287954 1.6280192 -5.083884 1.6473408 19.030361 -2.3598508834838867 0.7450473308563232
Car 0.0 0 -1.8179693222045898 129.6605682373047 146.37930297851562 362.4590759277344 333.68701171875 3.6247733 1.7850301 1.6373425 -4.6085777 1.533086 8.769328 -2.3018345832824707 0.7448846697807312
Car 0.0 0 -1.7393629550933838 709.6666259765625 184.77243041992188 795.6093139648438 247.11199951171875 3.8432019 1.4219121 1.5822419 3.6190116 1.7702984 19.13094 -1.5524016618728638 0.5741571187973022
Car 0.0 0 2.285672187805176 0.0 175.0531768798828 58.23149108886719 246.91932678222656 3.7679586 1.3750168 1.5540895 -14.337656 1.4293896 15.818958 1.5493547916412354 0.55305415391922
Car 0.0 0 -2.0290493965148926 430.0842590332031 175.2728271484375 511.12969970703125 217.8220977783203 3.4871542 1.4579993 1.5645554 -5.2713385 1.5544238 26.793453 -2.2233080863952637 0.5309426784515381
