Pedestrian 0.0 0 1.664490818977356 343.2605285644531 162.20407104492188 371.9669189453125 218.6640625 0.90055484 1.8495426 0.8288803 -8.490057 1.5010257 24.170813 1.3267006874084473 0.45313194394111633
Pedestrian 0.0 0 -1.8779098987579346 916.3192138671875 115.76428985595703 968.074951171875 206.97634887695312 1.1021163 1.8556828 0.6900553 6.957789 0.69456714 15.265279 -1.4502500295639038 0.3428327739238739
Pedestrian 0.0 0 -2.3703672885894775 178.85206604003906 181.90281677246094 222.76022338867188 236.90341186523438 1.0479866 1.8402002 0.8081582 -14.121609 2.1585836 24.83323 -2.8874220848083496 0.32703420519828796
Pedestrian 0.0 0 -0.4264843463897705 726.8688354492188 163.53549194335938 757.3074951171875 209.51734924316406 0.9601073 1.8926917 0.9201321 5.4918256 1.5094844 30.260443 -0.246953085064888 0.1837974488735199
Pedestrian 0.0 0 -0.34479981660842896 814.80908203125 187.5797882080078 883.3340454101562 298.60888671875 0.88991374 1.7378976 0.6414679 3.8148034 1.9841905 11.713715 -0.029962219297885895 0.17227290570735931
Pedestrian 0.0 0 1.7080285549163818 267.90155029296875 120.29120635986328 307.9461364746094 220.01441955566406 0.9499826 1.8264517 0.57494813 -6.1749935 0.8641109 13.749008 1.2859042882919312 0.16262167692184448
Pedestrian 0.0 0 2.5451059341430664 959.310302734375 151.5761260986328 1044.76025390625 279.3585510253906 0.8708548 1.7848498 0.6518511 5.606568 1.4880006 10.444915 3.037738800048828 0.15624801814556122
Pedestrian 0.0 0 3.805271625518799 0.0 186.3753204345703 69.40190887451172 287.0953369140625 0.96546555 1.7579507 0.66482407 -10.542993 2.0087826 13.022792 3.1247165203094482 0.15158593654632568
Pedestrian 0.0 0 0.5154829025268555 252.88409423828125 161.4457244873047 284.0977478027344 209.9149169921875 0.8766295 1.7523896 0.54677916 -12.529699 1.3402852 26.388527 0.07218456268310547 0.1511588990688324
Pedestrian 0.0 0 2.271879196166992 1040.645751953125 153.7851104736328 1132.5048828125 271.3326721191406 1.1185398 1.7180362 0.58523417 7.195404 1.4396893 10.983217 2.8518502712249756 0.1511526107788086
Cyclist 0.0 0 0.5002153515815735 236.97750854492188 139.8276824951172 340.40325927734375 235.02542114257812 1.7635999 1.7670156 0.5178645 -6.1478395 1.1543545 13.717714 0.07888603210449219 0.23776386678218842
Cyclist 0.0 0 2.4479146003723145 1040.582763671875 160.89459228515625 1182.130859375 284.02166748046875 1.6963043 1.7086638 0.579589 7.137363 1.5430582 10.375987 3.050455331802368 0.15800969302654266
Cyclist 0.0 0 -1.8876688480377197 915.0524291992188 115.03937530517578 969.1466064453125 207.22442626953125 1.177569 1.8718148 0.7041752 6.9565787 0.6982484 15.27209 -1.4602428674697876 0.15523596107959747
Cyclist 0.0 0 -1.1455152034759521 220.40077209472656 166.16397094726562 249.0520782470703 209.7355499267578 1.4184669 1.7578422 0.51301193 -15.542902 1.4882993 29.82909 -1.6258726119995117 0.14751730859279633
Cyclist 0.0 0 -2.4271934032440186 179.99038696289062 180.65896606445312 224.0079345703125 235.0909881591797 1.0802244 1.8280201 0.76908815 -14.090381 2.1024582 24.851276 -2.942985773086548 0.14683207869529724
Car 0.0 0 1.785413384437561 469.66387939453125 181.80328369140625 545.84228515625 232.83541870117188 3.8913198 1.4367921 1.6087478 -3.2083764 1.7474612 23.01496 1.646902084350586 0.9306091666221619
Car 0.0 0 1.7498779296875 518.4698486328125 179.38357543945312 569.12939453125 217.55740356445312 3.8472087 1.5569757 1.5835847 -2.9200568 1.8657441 32.09157 1.659136414527893 0.6095713973045349
Car 0.0 0 1.6560921669006348 694.69970703125 187.29371643066406 733.5877075195312 220.699951171875 3.7379253 1.4341632 1.5393038 5.0135193 2.1687877 34.692944 1.7996097803115845 0.2598579525947571
Car 0.0 0 -1.2653472423553467 253.33865356445312 181.27590942382812 338.59625244140625 228.48019409179688 3.8545153 1.4449589 1.5959722 -10.719761 1.758105 24.796165 -1.6733976602554321 0.16308531165122986
