Pedestrian 0.0 0 1.191605567932129 886.3193359375 163.36514282226562 915.96728515625 213.01507568359375 0.97523946 1.7691813 0.68423325 10.517569 1.4314214 26.196384 1.5733951330184937 0.5092015862464905
Pedestrian 0.0 0 -1.5129770040512085 311.19598388671875 159.85708618164062 333.43402099609375 210.4626922607422 1.0178249 1.8251501 0.70618933 -10.647205 1.3567593 26.614973 -1.8935227394104004 0.15552110970020294
Pedestrian 0.0 0 -3.1031391620635986 661.3821411132812 172.26968383789062 678.8477783203125 206.58363342285156 0.8386235 1.6799637 0.6130306 2.9377153 1.6517144 35.677483 -3.0209836959838867 0.15265916287899017
Pedestrian 0.0 0 1.9464287757873535 191.76966857910156 169.05685424804688 237.0899658203125 242.2898406982422 0.9810411 1.8009278 0.6966758 -10.050767 1.7079072 18.271898 1.4435341358184814 0.1478842794895172
Cyclist 0.0 0 -1.1187719106674194 0.0 180.552490234375 64.04354095458984 302.6783447265625 1.5467196 1.6648303 0.40673777 -8.799379 1.7882694 10.733558 -1.8054704666137695 0.13558922708034515
Cyclist 0.0 0 -1.842308759689331 657.962890625 174.11607360839844 678.1907348632812 209.07723999023438 1.6641154 1.6845787 0.5692965 2.8248427 1.748906 35.69808 -1.7633417844772339 0.11706239730119705
Cyclist 0.0 0 -1.5129770040512085 311.19598388671875 159.85708618164062 333.43402099609375 210.4626922607422 1.0178249 1.8251501 0.70618933 -10.647205 1.3567593 26.614973 -1.8935227394104004 0.10809959471225739
Cyclist 0.0 0 1.191605567932129 886.3193359375 163.36514282226562 915.96728515625 213.01507568359375 0.97523946 1.7691813 0.68423325 10.517569 1.4314214 26.196384 1.5733951330184937 0.1041351854801178
Car 0.0 0 1.753942608833313 525.4592895507812 180.0821990966797 600.2944946289062 233.8834686279297 3.6871047 1.4261125 1.5826313 -1.3652631 1.6618184 21.565304 1.690718650817871 0.952174961566925
Car 0.0 0 2.147711753845215 0.0 206.64501953125 433.3094482421875 375.0 3.8924847 1.4476665 1.6096677 -2.5035155 1.7457296 4.3657265 1.627044916152954 0.8551352024078369
Car 0.0 0 2.005214214324951 537.5560913085938 178.52679443359375 598.4998168945312 210.3688507080078 3.9187505 1.5034103 1.6154159 -2.121796 1.8108653 36.93856 1.94783616065979 0.17726264894008636
Car 0.0 0 2.029639959335327 873.5387573242188 171.58084106445312 908.6343383789062 187.90501403808594 3.6253917 1.4852551 1.6205845 26.28061 1.369773 67.46735 2.4010887145996094 0.1734873205423355
Car 0.0 0 -1.5911566019058228 539.83251953125 168.74928283691406 582.822509765625 208.0731964111328 3.8113506 1.4571856 1.5942379 -2.0224082 1.3054394 28.704563 -1.6614964008331299 0.13225482404232025
