Pedestrian 0.0 0 -0.3821856379508972 928.8515014648438 121.59078216552734 1046.4127197265625 317.2400817871094 0.82190305 1.7227815 0.5081594 3.4848862 1.1966355 6.617459 0.10253047943115234 0.23583984375
Pedestrian 0.0 0 2.5164072513580322 697.4637451171875 154.65072631835938 720.1397705078125 193.35903930664062 0.960004 1.9132754 0.58957666 5.3709855 0.5870552 35.98553 2.664567470550537 0.23527273535728455
Pedestrian 0.0 0 -0.2626228630542755 214.88771057128906 169.4478759765625 239.06100463867188 202.22235107421875 1.086165 1.8116591 0.5925021 -21.002745 1.1462747 40.290062 -0.743155837059021 0.21803338825702667
Pedestrian 0.0 0 0.11169415712356567 122.7278823852539 174.00584411621094 148.52342224121094 214.4200439453125 0.90055245 1.7607942 0.56415725 -20.594301 1.4352412 31.748005 -0.4637526869773865 0.21531105041503906
Pedestrian 0.0 0 1.2930080890655518 837.5769653320312 114.94499206542969 914.8704833984375 288.1188049316406 0.8099824 1.6576557 0.5251731 2.720733 1.0219501 7.2979007 1.6498576402664185 0.1926461011171341
Cyclist 0.0 0 2.478379011154175 212.49549865722656 170.0513458251953 239.808349609375 202.19134521484375 1.303007 1.7685846 0.53642374 -21.010757 1.1394116 40.22967 1.9970743656158447 0.22840364277362823
Car 0.0 0 -1.1858021020889282 504.6465759277344 174.16929626464844 567.5000610351562 207.99899291992188 3.451669 1.4262323 1.6264447 -2.8784456 1.118151 32.169727 -1.2750413417816162 0.9390769004821777
Car 0.0 0 2.052579402923584 327.35748291015625 166.2678985595703 396.6475830078125 203.16607666015625 4.332421 1.8548067 1.6972256 -12.70147 1.0899919 38.381657 1.7329974174499512 0.7980570793151855
Car 0.0 0 0.563822865486145 0.0 183.3629150390625 77.00228118896484 250.7439727783203 3.872367 1.6254237 1.6603901 -16.14357 1.6774694 18.503603 -0.15356417000293732 0.6289045214653015
Car 0.0 0 -1.50600266456604 581.4757690429688 169.6973114013672 608.1954956054688 190.86866760253906 3.827264 1.4718285 1.6878655 -0.42633706 0.6519485 51.89423 -1.5142179727554321 0.5931339263916016
Car 0.0 0 0.0599515438079834 0.0 166.28384399414062 100.6577377319336 212.59823608398438 3.5525615 1.8152988 1.6190764 -22.981722 1.2199109 29.820341 -0.5966493487358093 0.1982893943786621
