Pedestrian 0.0 0 1.7483117580413818 417.4158935546875 170.27944946289062 451.5655822753906 230.51136779785156 0.9139744 1.8425335 0.891609 -5.521284 1.7641344 22.55353 1.508225679397583 0.3747381567955017
Cyclist 0.0 0 1.6370890140533447 584.2181396484375 165.75157165527344 602.4088745117188 215.93601989746094 1.3966997 1.8370858 0.59497887 -0.661906 1.5774475 27.120548 1.6126878261566162 0.6915328502655029
Cyclist 0.0 0 -1.8312405347824097 823.8196411132812 174.59112548828125 868.9464111328125 262.3887023925781 1.665647 1.6480203 0.4346232 4.646732 1.685124 14.41724 -1.5194491147994995 0.4777719974517822
Car 0.0 0 3.5468924045562744 189.58786010742188 169.94122314453125 403.64739990234375 236.0812530517578 4.1661882 1.4288565 1.6071167 -7.0503545 1.3662881 16.39048 3.1406683921813965 0.8854147791862488
Car 0.0 0 -1.6280463933944702 686.7849731445312 181.34934997558594 771.40185546875 263.0433349609375 3.3994606 1.4973426 1.5508789 2.3809962 1.6993345 15.356083 -1.4742189645767212 0.8753407001495361
Car 0.0 0 -1.769437313079834 716.161865234375 176.35546875 854.2762451171875 303.21661376953125 2.3691568 1.6169114 1.4760038 2.372802 1.6738877 10.4622135 -1.5464128255844116 0.8488975763320923
Car 0.0 0 1.7303520441055298 472.609375 167.52882385253906 545.6078491210938 225.90492248535156 4.056036 1.6767592 1.6516904 -3.1284404 1.5241604 22.768742 1.5938063859939575 0.8023360371589661
Car 0.0 0 -0.780262291431427 0.0 186.00450134277344 313.1729431152344 375.0 3.7918615 1.5169501 1.6140026 -2.9067886 1.6067458 2.9929993 -1.551048994064331 0.7803138494491577
Car 0.0 0 1.5114980936050415 632.31201171875 172.21449279785156 659.8793334960938 196.27008056640625 3.8614542 1.5203876 1.5804302 2.3108294 1.4803268 47.539757 1.5600682497024536 0.7384189367294312
Car 0.0 0 -1.4156618118286133 516.3604736328125 177.02117919921875 566.7872924804688 213.8609161376953 3.695456 1.4410108 1.5728406 -2.8750305 1.6287022 30.541214 -1.509521245956421 0.46504905819892883
