Pedestrian 0.0 0 -3.776310443878174 1136.749755859375 131.0293731689453 1242.0 375.0 0.7955536 1.7186316 0.6567653 4.2441387 1.4483486 5.0205226 -3.0745174884796143 0.5512452721595764
Pedestrian 0.0 0 1.4961917400360107 645.6011352539062 177.9363250732422 657.964111328125 206.65692138671875 0.65720785 1.7366679 0.70616394 2.5170593 2.0498931 44.08023 1.5532315969467163 0.5259202718734741
Pedestrian 0.0 0 2.009028911590576 1008.7216186523438 177.88912963867188 1066.5452880859375 258.0660400390625 0.86932486 1.5835775 0.72562355 8.756774 1.6914668 14.861703 2.541482448577881 0.4678453803062439
Pedestrian 0.0 0 3.2846250534057617 396.2856140136719 124.24291229248047 477.9654846191406 272.0072326660156 0.87437326 1.690597 0.5715 -2.092225 1.1347871 8.578903 3.045414447784424 0.3641918897628784
Pedestrian 0.0 0 -0.825359582901001 880.8342895507812 172.93032836914062 923.9490356445312 248.76939392089844 0.57788575 1.743407 0.7509959 6.853749 1.7456176 17.048185 -0.4431111812591553 0.3104161322116852
Pedestrian 0.0 0 1.5711894035339355 634.1270751953125 177.5824432373047 648.404296875 214.64833068847656 0.8074996 1.732046 0.66890126 1.444093 1.9595301 34.238026 1.613342523574829 0.30860891938209534
Pedestrian 0.0 0 1.377207636833191 781.2552490234375 177.26419067382812 818.2810668945312 252.94482421875 1.0684612 1.5573974 0.5681535 4.002211 1.655629 15.459818 1.630524754524231 0.27933061122894287
Pedestrian 0.0 0 -0.25630080699920654 625.2432861328125 175.32241821289062 634.3908081054688 199.00836181640625 0.5174123 1.7536249 0.7182785 1.4519833 1.939822 53.9111 -0.22937440872192383 0.2677030563354492
Pedestrian 0.0 0 -0.8578954935073853 1031.29638671875 84.67984771728516 1154.9730224609375 270.1513671875 0.90218276 1.8156412 0.6322226 4.9442406 0.95283353 7.4870925 -0.27426573634147644 0.26619085669517517
Pedestrian 0.0 0 2.6709775924682617 690.150390625 180.8258056640625 702.241943359375 203.43624877929688 0.8088813 1.798445 0.54030555 6.9108047 2.4446306 58.0589 2.7894511222839355 0.21248170733451843
Pedestrian 0.0 0 -2.805800437927246 830.5985107421875 187.8407745361328 858.1744995117188 236.60267639160156 0.7426272 1.7189677 0.7753647 8.50019 2.276604 26.294134 -2.493131160736084 0.207752525806427
Pedestrian 0.0 0 1.3395309448242188 995.6583251953125 159.02041625976562 1033.8243408203125 239.0470733642578 0.7903846 1.7799356 0.5940376 9.199009 1.4726102 16.506922 1.8479477167129517 0.20467156171798706
Pedestrian 0.0 0 -1.022149920463562 230.22120666503906 123.96662902832031 328.5039978027344 288.6272277832031 0.89811176 1.6983898 0.60304487 -3.6577508 1.1944995 7.9204865 -1.4547805786132812 0.19988252222537994
Pedestrian 0.0 0 0.14166443049907684 590.85888671875 164.32688903808594 615.1954956054688 204.0425567626953 1.0637679 1.8246984 0.54604626 -0.3596473 1.4332862 33.487743 0.13092517852783203 0.18991434574127197
Pedestrian 0.0 0 -1.3571090698242188 366.7440490722656 167.41796875 408.46636962890625 257.2247619628906 0.77834886 1.6814021 0.6206162 -4.331011 1.5799842 13.921122 -1.658727765083313 0.17570504546165466
Cyclist 0.0 0 1.82075035572052 721.515625 183.69029235839844 763.0154418945312 253.97386169433594 1.771434 1.682571 0.63112354 3.361871 1.974819 18.496168 2.0005478858947754 0.7945101857185364
Cyclist 0.0 0 1.3803088665008545 781.3838500976562 177.16659545898438 819.290283203125 253.667236328125 1.1580184 1.5656116 0.5700683 4.004158 1.6617538 15.426884 1.6342620849609375 0.26412147283554077
Cyclist 0.0 0 -1.3254725933074951 245.9363555908203 135.4700469970703 287.2242431640625 198.4714813232422 1.811483 1.7485281 0.6663124 -10.004922 0.7113401 20.976484 -1.7705180644989014 0.19092586636543274
Cyclist 0.0 0 1.488693356513977 1015.5802001953125 177.36041259765625 1062.1114501953125 258.6880187988281 0.8755077 1.6040406 0.75068617 8.757562 1.7006301 14.847632 2.0216004848480225 0.14231540262699127
Cyclist 0.0 0 1.9063961505889893 644.3692016601562 178.03663635253906 658.9868774414062 206.8762969970703 0.6881683 1.7376126 0.70490843 2.5156183 2.057901 44.08594 1.9633960723876953 0.10998129844665527
Car 0.0 0 -1.37177574634552 410.49127197265625 175.83668518066406 564.4484252929688 277.37835693359375 4.344691 1.534772 1.9186567 -2.074425 1.5990387 13.245191 -1.5271309614181519 0.46395552158355713
Car 0.0 0 -0.10497355461120605 825.2349243164062 182.76734924316406 950.560546875 227.97506713867188 4.151419 1.5461525 1.8463477 10.124736 1.9331636 26.71868 0.2572455406188965 0.20983846485614777
