Pedestrian 0.0 0 -2.350066661834717 269.2398376464844 177.06434631347656 325.25823974609375 261.32958984375 0.8051449 1.6672547 0.6809448 -6.3266363 1.600907 14.449766 -2.7627596855163574 0.349772185087204
Pedestrian 0.0 0 0.3005885183811188 105.5963134765625 106.68318939208984 213.2291717529297 245.94395446777344 1.1130843 1.8394501 0.68234646 -6.195998 0.8661007 9.808255 -0.2628232538700104 0.21709898114204407
Pedestrian 0.0 0 -0.3216671943664551 998.0382080078125 114.96026611328125 1059.0865478515625 243.84048461914062 0.5952995 1.7261826 0.49799925 5.795659 0.8500351 9.771479 0.21367812156677246 0.18704557418823242
Pedestrian 0.0 0 1.640413522720337 790.8941040039062 162.17373657226562 804.706298828125 195.8505401611328 0.61444575 1.7782903 0.6706547 10.280273 0.8119902 37.731 1.9064189195632935 0.17137913405895233
Pedestrian 0.0 0 1.2195391654968262 1019.4494018554688 142.9835205078125 1041.3968505859375 184.8732452392578 0.6603027 1.9434135 0.6971718 19.948183 0.2043441 33.187588 1.7607477903366089 0.16562224924564362
Pedestrian 0.0 0 -0.006633937358856201 771.2681884765625 158.23492431640625 801.1918334960938 189.1216278076172 1.6515112 1.7515479 0.5319635 10.380384 0.4903077 40.5485 0.24398303031921387 0.13656988739967346
Cyclist 0.0 0 -1.60398530960083 988.8558349609375 147.90853881835938 1025.9541015625 216.1436767578125 1.6961102 1.6899035 0.77907354 10.435403 0.8843436 18.437735 -1.0889556407928467 0.8483996391296387
Cyclist 0.0 0 0.002980053424835205 771.6723022460938 157.33840942382812 802.8084106445312 188.7333984375 1.7166274 1.7784176 0.5261121 10.43252 0.46777964 40.517937 0.25498533248901367 0.39098450541496277
Car 0.0 0 -0.8390259742736816 0.0 200.87005615234375 300.9044494628906 370.0 3.7066543 1.4565914 1.6221958 -3.1444366 1.6117105 3.462035 -1.5763872861862183 0.8479501605033875
Car 0.0 0 1.7220796346664429 430.63055419921875 175.9436492919922 468.7353515625 203.7108612060547 3.7276251 1.4836444 1.5463817 -8.675713 1.2415981 39.683155 1.5068416595458984 0.8275467753410339
Car 0.0 0 1.884577989578247 409.8525390625 175.73387145996094 442.73785400390625 193.085693359375 4.1921377 1.5108922 1.6618041 -16.033573 1.0970716 63.707764 1.6380245685577393 0.4859347939491272
