Pedestrian 0.0 0 0.7700044512748718 1022.0005493164062 155.84144592285156 1063.7235107421875 222.34457397460938 0.8805508 1.8115885 0.5258795 12.029589 1.3485135 20.14583 1.3083076477050781 0.13743960857391357
Pedestrian 0.0 0 0.4116956889629364 380.6180725097656 168.15826416015625 396.5068664550781 199.63714599609375 0.6818671 1.7283686 0.53976506 -12.285224 1.4709045 39.92042 0.11315059661865234 0.11215338110923767
Cyclist 0.0 0 -0.06721067428588867 93.78926086425781 168.81822204589844 126.52900695800781 194.87811279296875 1.8772746 1.8254092 0.64912814 -35.61442 1.5430739 51.377678 -0.6733505725860596 0.13265708088874817
Car 0.0 0 0.39197665452957153 311.8182678222656 182.641357421875 443.63604736328125 224.5326385498047 4.350399 1.4666709 1.6417074 -8.586661 1.842971 26.718039 0.08102178573608398 0.9274380207061768
Car 0.0 0 -2.6487061977386475 197.91537475585938 185.82794189453125 267.50628662109375 208.05828857421875 4.042422 1.4943691 1.5485119 -26.258036 2.412239 50.22734 -3.1304142475128174 0.24458648264408112
Car 0.0 0 1.8897573947906494 244.37940979003906 179.41058349609375 302.780517578125 210.30455017089844 4.103444 1.5343752 1.646942 -18.075285 1.9073728 38.872 1.4545038938522339 0.19297313690185547
Car 0.0 0 2.1948795318603516 120.20391082763672 185.16575622558594 182.86346435546875 208.4147491455078 4.053815 1.5131115 1.7084111 -32.494232 2.422992 51.226814 1.629605770111084 0.14615049958229065
Car 0.0 0 -0.9273552894592285 118.47532653808594 192.44886779785156 238.13282775878906 241.59132385253906 3.8600845 1.5023755 1.6656497 -15.249801 2.2543454 25.665565 -1.4634796380996704 0.126458078622818
Car 0.0 0 3.189027786254883 48.63589096069336 167.28208923339844 127.30790710449219 190.27084350585938 4.441725 1.5680298 1.768017 -36.942318 1.188335 51.165936 2.5636823177337646 0.12165863066911697
Car 0.0 0 -1.5199815034866333 381.1741943359375 177.39639282226562 407.00628662109375 199.1865692138672 3.7587676 1.476775 1.5881482 -15.478951 1.8156302 51.75169 -1.8106127977371216 0.11256656050682068
