Pedestrian 0.0 0 -1.5386641025543213 42.05575942993164 170.87680053710938 69.04926300048828 222.01272583007812 1.6212038 1.6674343 0.6736672 -18.76508 1.60332 24.379742 -2.1946542263031006 0.27746012806892395
Pedestrian 0.0 0 1.2142547369003296 766.1859130859375 128.07008361816406 802.80419921875 197.17822265625 0.9990634 1.9132764 0.70521384 4.902409 0.67378026 20.511925 1.4488567113876343 0.19205449521541595
Cyclist 0.0 0 -1.5292060375213623 41.8797721862793 170.7017059326172 69.87574005126953 222.6641082763672 1.6759052 1.6933659 0.68375444 -18.762987 1.6235847 24.3928 -2.1848835945129395 0.4806727170944214
Cyclist 0.0 0 -1.7888436317443848 1103.93115234375 143.11334228515625 1140.0482177734375 197.9988250732422 1.9680898 1.8708097 0.6310372 18.112057 0.85743684 25.620846 -1.1734840869903564 0.4561247229576111
Cyclist 0.0 0 1.2142547369003296 766.1859130859375 128.07008361816406 802.80419921875 197.17822265625 0.9990634 1.9132764 0.70521384 4.902409 0.67378026 20.511925 1.4488567113876343 0.11012044548988342
Car 0.0 0 -1.6367555856704712 557.04833984375 166.13189697265625 591.2997436523438 197.82533264160156 3.712754 1.6618528 1.6354748 -2.05188 1.3097359 39.770706 -1.6883026361465454 0.8599351644515991
Car 0.0 0 1.2421948909759521 79.43846130371094 167.1880645751953 201.82415771484375 234.7086944580078 3.29291 1.4685405 1.4629064 -11.328332 1.3456672 17.279268 0.6618912220001221 0.6948402523994446
Car 0.0 0 1.350611925125122 59.96002960205078 157.1949462890625 155.8037109375 213.2662353515625 3.666944 1.5124798 1.5452521 -14.892496 1.0904471 21.266773 0.7397043704986572 0.4471932351589203
Car 0.0 0 1.6822911500930786 470.7333984375 161.7406768798828 498.9573974609375 183.351318359375 3.7598803 1.5212084 1.6251554 -9.133799 0.7392801 52.712833 1.5107200145721436 0.41110116243362427
Car 0.0 0 -1.7666186094284058 529.84912109375 164.31858825683594 567.386474609375 190.27593994140625 3.924882 1.5706742 1.6324357 -3.9689136 1.0545559 45.769524 -1.8531174659729004 0.18755167722702026
