Pedestrian 0.0 0 -1.7312053442001343 854.6312866210938 157.34695434570312 886.0574340820312 228.77667236328125 0.80385417 1.7833526 0.6339027 6.604886 1.3965535 18.464472 -1.3876804113388062 0.19675710797309875
Cyclist 0.0 0 1.5218656063079834 876.616455078125 160.34100341796875 905.8899536132812 236.1299285888672 1.6890415 1.7107526 0.56077325 6.6280665 1.4286599 17.174082 1.8901878595352173 0.25533679127693176
Cyclist 0.0 0 -1.7312053442001343 854.6312866210938 157.34695434570312 886.0574340820312 228.77667236328125 0.80385417 1.7833526 0.6339027 6.604886 1.3965535 18.464472 -1.3876804113388062 0.1070263609290123
Car 0.0 0 -1.4614253044128418 534.9318237304688 171.73558044433594 573.6943969726562 203.60870361328125 3.8411746 1.5850359 1.6175295 -2.9053705 1.5297759 37.82502 -1.5380855798721313 0.9054518938064575
Car 0.0 0 -1.7326008081436157 674.0399780273438 171.38658142089844 762.8903198242188 234.97052001953125 4.17445 1.5077056 1.6519623 2.712791 1.473268 19.210907 -1.5923173427581787 0.8380680680274963
Car 0.0 0 -1.6632208824157715 655.7819213867188 173.4724578857422 704.3833618164062 211.23654174804688 4.1467004 1.4876117 1.6567233 2.857726 1.5159457 30.562183 -1.5699867010116577 0.6692876219749451
Car 0.0 0 -1.6397554874420166 672.589599609375 174.36346435546875 727.1649780273438 221.22158813476562 3.7571335 1.4770856 1.5859196 2.970031 1.5333012 24.781452 -1.5204755067825317 0.6077530980110168
Car 0.0 0 -1.6086266040802002 645.3339233398438 171.72830200195312 672.9415283203125 197.52688598632812 3.668219 1.6112118 1.6461861 3.1285713 1.5412661 46.916862 -1.5420418977737427 0.21245376765727997
Car 0.0 0 1.6957095861434937 649.0888061523438 173.73609924316406 689.8614501953125 204.3772430419922 4.132907 1.4837184 1.5960258 3.085927 1.5322896 37.248295 1.7783682346343994 0.18297353386878967
Car 0.0 0 1.0997593402862549 890.2420043945312 177.38186645507812 1084.5054931640625 265.27508544921875 4.2079515 1.4683782 1.6438496 7.1883693 1.572227 14.378986 1.5633444786071777 0.14791159331798553
