Pedestrian 0.0 0 -1.2820384502410889 411.6733703613281 151.5220947265625 433.32861328125 203.9463653564453 0.62214774 1.8951057 0.61629105 -6.900627 1.1243281 26.401506 -1.537691593170166 0.41154560446739197
Pedestrian 0.0 0 -0.373979389667511 842.6607666015625 155.08261108398438 875.2101440429688 208.29893493652344 0.9021148 1.815269 0.6101543 8.552352 1.209425 24.934155 -0.043556466698646545 0.23740911483764648
Pedestrian 0.0 0 2.4107449054718018 457.9703674316406 167.8477783203125 475.9033203125 202.7622528076172 0.6461893 1.9529579 0.77098393 -8.133975 1.6732901 40.846573 2.214181423187256 0.22140859067440033
Pedestrian 0.0 0 -0.6924418210983276 890.6185913085938 154.95030212402344 952.669921875 229.70423889160156 1.3864968 1.7953109 0.5286623 7.6273704 1.3656888 17.775726 -0.2871127426624298 0.2203497588634491
Cyclist 0.0 0 -0.7231262922286987 890.96337890625 154.57574462890625 951.62939453125 227.83688354492188 1.3434554 1.7552756 0.55138654 7.610865 1.3177018 17.756699 -0.3181940019130707 0.20525513589382172
Car 0.0 0 -1.768979787826538 698.0361938476562 167.49269104003906 801.206787109375 243.325439453125 4.2094316 1.6726375 1.6935204 3.291502 1.5547413 18.031475 -1.588425636291504 0.9328643083572388
Car 0.0 0 -1.3761663436889648 554.9874877929688 178.3756866455078 607.0714111328125 213.685546875 4.5087132 1.541998 1.653098 -1.3522526 1.8251752 34.59896 -1.4152300357818604 0.9121590852737427
Car 0.0 0 1.7658225297927856 464.3982849121094 182.65457153320312 537.74072265625 237.21754455566406 3.8910873 1.5907841 1.6575025 -3.5312734 1.9404092 23.728447 1.618086576461792 0.8709520697593689
Car 0.0 0 -1.365270972251892 682.135498046875 178.20570373535156 736.8341064453125 215.3843994140625 3.813987 1.457639 1.5786327 4.2835326 1.7027982 30.940912 -1.2277030944824219 0.6969940066337585
Car 0.0 0 0.6739085912704468 1014.190185546875 0.0 1242.0 375.0 3.732205 1.6314542 1.5994934 3.2095125 1.3677956 2.5441792 1.574431300163269 0.571304440498352
