Pedestrian 0.0 0 0.4186738431453705 443.4898681640625 177.14443969726562 471.5820007324219 226.35301208496094 0.79857177 1.7428526 0.645333 -5.538225 1.9003198 26.02039 0.20896148681640625 0.517304539680481
Pedestrian 0.0 0 -1.7803024053573608 696.5606079101562 125.58604431152344 742.8081665039062 222.57896423339844 1.174241 1.7996033 0.6512331 2.0578716 0.9229531 13.99123 -1.6342664957046509 0.23247882723808289
Pedestrian 0.0 0 3.1601197719573975 245.76185607910156 187.59652709960938 303.3136901855469 305.07537841796875 0.80747557 1.7714506 0.64975727 -5.3675566 2.015321 11.454194 2.721897602081299 0.19771739840507507
Pedestrian 0.0 0 1.1172195672988892 893.1443481445312 125.49749755859375 956.7189331054688 249.68153381347656 0.70641273 1.8156928 0.6339647 4.697063 1.1236519 10.914609 1.52360999584198 0.19413034617900848
Pedestrian 0.0 0 0.5554481744766235 939.0840454101562 116.91219329833984 1028.2552490234375 258.0885009765625 0.79409045 1.7670717 0.71046567 4.8845334 1.0672187 9.552028 1.0281431674957275 0.17729124426841736
Cyclist 0.0 0 -1.7774027585983276 695.8621215820312 125.37901306152344 743.3138427734375 223.54559326171875 1.2369499 1.818078 0.6646945 2.0555 0.93918324 13.997902 -1.631601333618164 0.19548915326595306
Cyclist 0.0 0 1.8135148286819458 431.29583740234375 141.18531799316406 464.09088134765625 202.83030700683594 1.6772208 1.8126428 0.595396 -4.9899693 0.8817977 22.058207 1.591041088104248 0.1856144666671753
Car 0.0 0 1.728718638420105 462.6307678222656 183.2190704345703 534.7561645507812 241.12867736816406 3.4146414 1.5322105 1.5952883 -3.2654743 1.8648233 21.413763 1.5773903131484985 0.9269332885742188
Car 0.0 0 1.8617795705795288 271.32598876953125 180.14532470703125 462.09063720703125 321.5402526855469 3.9194663 1.7042277 1.6135992 -3.4587047 1.8344038 10.870636 1.553737998008728 0.905824601650238
Car 0.0 0 1.9048947095870972 529.4487915039062 177.48182678222656 583.9384765625 209.50115966796875 3.6456814 1.4841135 1.6032156 -2.6373801 1.7278668 35.97773 1.8317196369171143 0.6904227137565613
Car 0.0 0 1.709557056427002 494.70361328125 179.54473876953125 547.17919921875 224.60726928710938 3.6329904 1.6173251 1.552381 -3.4662132 1.8967806 28.26618 1.587538719177246 0.5451143383979797
Car 0.0 0 -1.6845641136169434 691.5833129882812 170.52639770507812 764.605224609375 225.95071411132812 3.9259865 1.4618323 1.6370926 3.2933755 1.4007993 21.023375 -1.5291739702224731 0.28351929783821106
