Pedestrian 0.0 0 2.775566577911377 780.4506225585938 159.8119659423828 800.6007080078125 197.1123046875 0.811706 1.8015066 0.54288244 8.757228 1.171969 35.164402 3.0196385383605957 0.33379560708999634
Pedestrian 0.0 0 -0.159967839717865 652.33349609375 185.4320068359375 666.7530517578125 216.12940979003906 0.697433 1.682041 0.7076911 2.7242491 2.3904996 40.23297 -0.09235919266939163 0.3239858150482178
Cyclist 0.0 0 -1.6701240539550781 756.3955078125 168.88327026367188 812.2553100585938 284.6724853515625 1.7774267 1.7753313 0.7167697 2.8085654 1.714808 11.988053 -1.439994215965271 0.9682058095932007
Cyclist 0.0 0 -1.6962374448776245 741.8988647460938 176.3753204345703 781.0918579101562 260.37493896484375 1.9237695 1.6646353 0.570492 3.1483264 1.7447519 15.35926 -1.4940589666366577 0.8064731359481812
Car 0.0 0 1.8789043426513672 392.5346374511719 191.52264404296875 527.3114624023438 282.27813720703125 3.6283107 1.456189 1.5580847 -2.8532972 1.8739412 14.240496 1.6811578273773193 0.9570702910423279
Car 0.0 0 1.8063169717788696 610.4365234375 180.5430145263672 657.8217163085938 210.70053100585938 3.7855828 1.4469857 1.6371206 1.2768018 1.8708969 37.701138 1.8401703834533691 0.8779041171073914
Car 0.0 0 -2.8402442932128906 438.0989074707031 179.4708709716797 523.7297973632812 212.84576416015625 3.633216 1.4890189 1.5223659 -6.011902 1.8061293 33.557407 -3.0175163745880127 0.47930827736854553
Car 0.0 0 -1.473739504814148 766.5513305664062 177.06019592285156 796.1697998046875 200.37315368652344 3.6956239 1.4862916 1.597354 11.574004 1.7824304 48.729206 -1.2405438423156738 0.3355679214000702
Car 0.0 0 1.8936915397644043 645.1314697265625 180.1153106689453 691.8594360351562 207.93896484375 3.8413508 1.4901472 1.5605825 3.4015157 1.9320059 41.795242 1.974897861480713 0.2715090215206146
Car 0.0 0 1.7220406532287598 660.7239379882812 180.00779724121094 691.6736450195312 202.0453338623047 4.062289 1.4438447 1.5789574 4.6736403 1.9696743 50.835297 1.8137198686599731 0.24613679945468903
