Cyclist 0.0 0 1.820779800415039 375.86151123046875 178.5780029296875 441.0582275390625 291.39404296875 1.7781402 1.6928259 0.6098216 -3.3119595 1.7940104 11.8109455 1.547386884689331 0.9740196466445923
Car 0.0 0 3.520977020263672 203.32452392578125 185.7481689453125 410.6917419433594 250.9913787841797 4.322258 1.4702705 1.6527274 -7.2565365 1.7979224 17.454231 3.1269702911376953 0.9504221081733704
Car 0.0 0 -1.7247084379196167 632.7499389648438 180.55184936523438 703.7119140625 229.80795288085938 4.271207 1.3977615 1.6265682 1.7377149 1.670683 23.351784 -1.650430679321289 0.9387792944908142
Car 0.0 0 -0.6554871201515198 903.6270751953125 186.38885498046875 1242.0 340.87506103515625 3.9906187 1.4377658 1.5684421 5.407059 1.5997764 7.7402925 -0.04572819545865059 0.921655535697937
Car 0.0 0 -0.5592077374458313 871.1145629882812 166.71128845214844 1225.265869140625 310.7344055175781 3.926141 1.8185551 1.6570065 5.8310785 1.7413499 9.9972925 -0.031183741986751556 0.7871102094650269
Car 0.0 0 3.8806405067443848 0.0 190.5210418701172 134.1240997314453 375.0 3.6217186 1.5440822 1.6104723 -6.7202883 1.726608 6.5225263 3.0803098678588867 0.6280385255813599
Car 0.0 0 0.1639854907989502 416.5142822265625 177.71221923828125 496.2091369628906 209.58209228515625 3.518279 1.4733976 1.5582714 -7.3328743 1.7116829 34.475407 -0.04559002071619034 0.5938265919685364
Car 0.0 0 -1.6962649822235107 614.305908203125 178.70950317382812 651.57080078125 207.09742736816406 3.4819775 1.4034299 1.540688 1.1357914 1.7286419 38.220303 -1.666556715965271 0.5799311399459839
Car 0.0 0 2.224827527999878 1082.484130859375 194.8668212890625 1242.0 375.0 3.8094294 1.4890937 1.5836911 5.591862 1.6699635 4.9837227 3.067666530609131 0.5138731598854065
Car 0.0 0 3.461210250854492 287.3309020996094 182.77899169921875 439.5818786621094 238.6302947998047 3.7026055 1.4673594 1.5350426 -6.8048162 1.7538259 20.014559 3.1334776878356934 0.49249231815338135
