Pedestrian 0.0 0 1.474166750907898 658.58349609375 172.01597595214844 676.3096923828125 215.2756805419922 0.73978513 1.7759489 0.66489697 2.3423095 1.7419032 29.994715 1.552099347114563 0.5809863805770874
Pedestrian 0.0 0 1.3892816305160522 636.898681640625 170.4940643310547 657.1024169921875 215.26214599609375 0.9174121 1.8399392 0.68721807 1.499168 1.7433052 30.151876 1.4389612674713135 0.5575867891311646
Pedestrian 0.0 0 -1.6584162712097168 498.13775634765625 173.05528259277344 528.355224609375 236.2313995361328 0.78256553 1.6304129 0.72412485 -2.6137865 1.6362243 19.083096 -1.794537901878357 0.5440119504928589
Pedestrian 0.0 0 2.3466970920562744 964.68017578125 177.05154418945312 1027.503662109375 289.2033386230469 0.58342415 1.6963392 0.6466197 6.005337 1.7649724 11.336956 2.833831787109375 0.32210734486579895
Pedestrian 0.0 0 -0.5782575011253357 989.3850708007812 175.83175659179688 1059.98388671875 297.9295959472656 0.64301586 1.7005664 0.62664044 5.9082494 1.7452092 10.395445 -0.06143532320857048 0.2493993192911148
Pedestrian 0.0 0 2.186521053314209 890.342529296875 171.3015899658203 946.7275390625 264.80523681640625 0.73565894 1.7531825 0.71467876 5.942115 1.7244327 14.023441 2.587313175201416 0.24836942553520203
Pedestrian 0.0 0 0.7429392337799072 106.54265594482422 175.58448791503906 236.15692138671875 343.4362487792969 1.0918667 1.7336798 0.5937617 -4.8175673 1.7652862 7.858721 0.19299983978271484 0.22545967996120453
Pedestrian 0.0 0 -1.7496271133422852 760.5531005859375 178.1890869140625 784.623291015625 225.99383544921875 1.3022056 1.7040691 0.638945 5.923891 1.905513 26.529242 -1.5299345254898071 0.16928960382938385
Pedestrian 0.0 0 -0.014799356460571289 0.0 123.44371795654297 49.72983932495117 280.39697265625 0.60533243 1.7255074 0.78403 -7.004988 1.1826602 8.424288 -0.7084681987762451 0.165877103805542
Pedestrian 0.0 0 -0.2257893681526184 703.9970092773438 179.24424743652344 719.805908203125 210.44468688964844 0.7768336 1.7688298 0.6260756 5.808186 2.1388378 41.389874 -0.08637108653783798 0.1649167388677597
Pedestrian 0.0 0 -1.2982420921325684 452.8116149902344 159.22219848632812 480.0732116699219 219.75247192382812 1.6377981 2.1519346 0.5640016 -5.2989926 1.6676636 26.486662 -1.4956978559494019 0.14242739975452423
Cyclist 0.0 0 2.0369763374328613 62.086814880371094 99.87831115722656 340.6587219238281 375.0 1.8949678 1.7454212 0.69086885 -2.3968673 1.3917024 4.4547462 1.5433555841445923 0.9116871953010559
Cyclist 0.0 0 -1.3436216115951538 454.2183837890625 159.2785186767578 479.07513427734375 218.7394256591797 1.6341281 2.11842 0.54500556 -5.3008585 1.6351228 26.528406 -1.5408424139022827 0.581177830696106
Cyclist 0.0 0 -1.6672499179840088 786.2920532226562 174.41529846191406 808.1466064453125 226.71388244628906 1.7452185 1.6935668 0.54273176 6.252561 1.7485133 24.320606 -1.415610432624817 0.16912825405597687
Cyclist 0.0 0 -1.7496271133422852 760.5531005859375 178.1890869140625 784.623291015625 225.99383544921875 1.3022056 1.7040691 0.638945 5.923891 1.905513 26.529242 -1.5299345254898071 0.16109122335910797
Car 0.0 0 0.8272791504859924 1182.3082275390625 132.09695434570312 1242.0 198.03709411621094 3.8907087 1.8264241 1.7084683 19.766375 0.6978848 21.936451 1.56068754196167 0.33346232771873474
Car 0.0 0 -1.7484304904937744 634.8049926757812 179.81256103515625 669.6978149414062 204.51206970214844 4.0958495 1.5354564 1.6196413 2.7444162 2.0210671 48.183006 -1.6915338039398193 0.20811983942985535
Car 0.0 0 -1.5531214475631714 512.9130249023438 168.11109924316406 542.0451049804688 195.92056274414062 3.7693775 1.5060223 1.5707941 -4.6930494 1.2495279 41.02357 -1.667025089263916 0.1763366162776947
