Pedestrian 0.0 0 -1.1573853492736816 283.1513977050781 165.5426025390625 368.4473876953125 299.1324768066406 1.0302726 1.7643591 0.7634266 -3.8601894 1.5549334 10.016628 -1.5252234935760498 0.7638880610466003
Pedestrian 0.0 0 2.7134456634521484 796.9400634765625 156.11546325683594 844.9544677734375 234.25244140625 0.8616733 1.7524894 0.6476084 4.9944077 1.1843702 16.486969 3.0075888633728027 0.7146738171577454
Pedestrian 0.0 0 -1.9594051837921143 777.4229125976562 142.1509246826172 887.5543823242188 316.6096496582031 0.9201197 1.7395426 0.8240513 2.3817704 1.3485576 7.654058 -1.6577256917953491 0.6686647534370422
Pedestrian 0.0 0 3.3575644493103027 272.659912109375 165.43699645996094 331.50372314453125 271.9979553222656 0.84333307 1.8592781 0.7438179 -5.429919 1.580287 12.972458 2.9611501693725586 0.4876486361026764
Pedestrian 0.0 0 -1.748045563697815 724.2579345703125 160.33444213867188 776.9773559570312 266.0740051269531 1.0972673 1.6474246 0.65442836 2.3766422 1.318964 11.744885 -1.5483860969543457 0.4613204300403595
Pedestrian 0.0 0 -2.8570432662963867 473.206298828125 169.06076049804688 498.6272888183594 209.57022094726562 1.0364985 1.8691549 0.63134855 -5.3974576 1.29612 33.519997 -3.0166947841644287 0.3940467834472656
Pedestrian 0.0 0 1.5721685886383057 551.8145751953125 171.3734588623047 563.3585205078125 199.15280151367188 0.83119315 1.796845 0.7457302 -2.8541734 1.1425326 46.898308 1.5113848447799683 0.31616532802581787
Pedestrian 0.0 0 0.16045650839805603 230.30419921875 160.75538635253906 301.7340087890625 279.2276916503906 0.9209471 1.7933291 0.72198075 -5.318013 1.4806203 11.344371 -0.27790457010269165 0.26211032271385193
Pedestrian 0.0 0 -2.075493097305298 394.9200134277344 192.0427703857422 467.15936279296875 294.9107971191406 0.7313558 1.6290436 0.9465116 -2.9064903 1.8163421 12.082985 -2.3115525245666504 0.22393061220645905
Pedestrian 0.0 0 3.1077260971069336 478.8609313964844 168.93365478515625 500.8212585449219 210.2478485107422 0.9639721 1.8555903 0.6798209 -5.0939374 1.2921256 32.68496 2.953120231628418 0.21926413476467133
Cyclist 0.0 0 -1.743467926979065 723.9400024414062 159.84814453125 777.4811401367188 267.0501403808594 1.1486712 1.666697 0.6631019 2.3776057 1.3313698 11.748603 -1.5437911748886108 0.287916898727417
Cyclist 0.0 0 -0.3637281656265259 795.3751220703125 155.51304626464844 843.144287109375 231.79669189453125 0.8856968 1.7161349 0.6211127 4.9589224 1.1327279 16.4991 -0.07176029682159424 0.12452183663845062
Car 0.0 0 -1.6637299060821533 650.021484375 162.2864227294922 698.0536499023438 209.4527130126953 3.5705702 1.8296714 1.6347412 2.9208467 1.085356 29.652548 -1.5655442476272583 0.46857836842536926
Car 0.0 0 2.5397119522094727 0.0 0.0 1238.0 374.0 4.0243387 1.660044 1.6414446 -2.7239075 1.2192516 1.6553898 1.5149967670440674 0.2746312618255615
