Pedestrian 0.0 0 -1.5796165466308594 852.8445434570312 160.27552795410156 862.6581420898438 190.45382690429688 1.9596627 1.8831764 0.572443 15.771699 1.0986161 46.042503 -1.249597191810608 0.12136928737163544
Cyclist 0.0 0 2.3285326957702637 623.0610961914062 152.02871704101562 654.5840454101562 188.0580291748047 1.7168422 1.7939888 0.58490115 1.4385946 0.7574042 36.73355 2.367675542831421 0.32184699177742004
Cyclist 0.0 0 -1.5796165466308594 852.8445434570312 160.27552795410156 862.6581420898438 190.45382690429688 1.9596627 1.8831764 0.572443 15.771699 1.0986161 46.042503 -1.249597191810608 0.3190363943576813
Car 0.0 0 -1.8065893650054932 633.8231201171875 178.9918670654297 736.0264892578125 251.63800048828125 3.2984111 1.4319265 1.5332729 1.5303167 1.585392 16.254742 -1.7127201557159424 0.9541878700256348
Car 0.0 0 -0.9979771971702576 708.7578125 171.75689697265625 800.9005126953125 213.63351440429688 3.9095068 1.4964021 1.6125582 5.580109 1.4575567 27.743992 -0.7994967103004456 0.8684611916542053
Car 0.0 0 2.4183075428009033 557.8477172851562 175.38734436035156 644.7017211914062 211.67723083496094 3.7155976 1.4895167 1.5566548 -0.38347507 1.6075544 31.690859 2.40620756149292 0.8683664798736572
Car 0.0 0 -1.0658811330795288 854.65380859375 168.6656951904297 921.18798828125 201.9741973876953 3.2631323 1.4721389 1.4928163 12.89029 1.2873863 33.50805 -0.6986402869224548 0.8401440978050232
Car 0.0 0 -1.0700433254241943 781.5860595703125 166.03378295898438 868.410888671875 204.41278076171875 4.3276677 1.5262451 1.6820793 9.196162 1.2553787 30.810844 -0.7799892425537109 0.8382777571678162
Car 0.0 0 -1.1857876777648926 899.1151123046875 160.48094177246094 972.0199584960938 197.29481506347656 4.5570607 1.7461033 1.7744697 16.450512 1.1596001 36.434772 -0.7616821527481079 0.7492172122001648
Car 0.0 0 -1.8241686820983887 264.9486083984375 185.66607666015625 318.5822448730469 216.49053955078125 3.8519838 1.4033512 1.5596374 -16.17416 2.0872328 36.497673 -2.241316556930542 0.41744640469551086
Car 0.0 0 -2.4717559814453125 0.0 0.0 1242.0 375.0 3.869326 1.4857653 1.5921093 2.748387 1.5114412 1.277581 -1.3360919952392578 0.39895591139793396
Car 0.0 0 2.064859390258789 275.84796142578125 173.93214416503906 321.07305908203125 195.947265625 3.4137495 1.5801741 1.6746857 -23.177849 1.6634754 53.733616 1.6576247215270996 0.3450568914413452
