Car 0.0 0 1.9702520370483398 212.98423767089844 195.19544982910156 387.7601013183594 292.74725341796875 3.9710095 1.5032402 1.6767882 -5.8277583 1.9993346 14.017473 1.5762425661087036 0.9116672873497009
Car 0.0 0 -3.4644196033477783 807.1941528320312 153.08700561523438 931.6488647460938 196.2130126953125 3.92239 1.5030146 1.5501271 9.218963 0.8144595 25.955196 -3.1231307983398438 0.9006207585334778
Car 0.0 0 1.8544260263442993 337.7312927246094 192.58346557617188 440.5567626953125 255.75637817382812 3.8140175 1.422152 1.6238018 -5.8355565 2.0040545 19.3508 1.5615324974060059 0.8952671885490417
Car 0.0 0 1.7813481092453003 400.1023254394531 189.9630126953125 470.82537841796875 238.0823974609375 3.618383 1.4037946 1.5787367 -5.804038 2.0208168 24.175392 1.5457271337509155 0.8776991367340088
Car 0.0 0 1.7586184740066528 444.2635498046875 186.29603576660156 500.97503662109375 225.35699462890625 3.9625974 1.4495213 1.6124439 -5.6987953 2.0479622 30.119015 1.5716198682785034 0.7198770642280579
Car 0.0 0 -0.6774455904960632 1124.1309814453125 133.00062561035156 1242.0 174.334228515625 4.791853 1.5579677 1.7853912 23.02723 0.05615128 28.107866 0.008920431137084961 0.682849645614624
Car 0.0 0 1.7664345502853394 480.430908203125 183.99411010742188 525.7426147460938 215.81747436523438 3.9278305 1.5143394 1.6116523 -5.568112 2.1282315 37.734333 1.6199308633804321 0.6442241072654724
Car 0.0 0 2.6862621307373047 802.7041015625 154.51486206054688 895.4896850585938 196.2635498046875 3.117216 1.6005011 1.5877756 9.41854 0.8977993 28.658995 3.0037841796875 0.5967682003974915
Car 0.0 0 -1.6818287372589111 665.9251708984375 175.25294494628906 712.2327270507812 211.14178466796875 3.8414216 1.4833021 1.6122828 3.4057083 1.5964637 32.000774 -1.5758020877838135 0.5741165280342102
Car 0.0 0 -0.8557043075561523 1181.2769775390625 131.15322875976562 1242.0 176.78631591796875 4.573486 1.5369174 1.7691494 22.964186 0.13279796 25.454184 -0.12168757617473602 0.5565147399902344
Car 0.0 0 -0.3862569332122803 772.458984375 162.41738891601562 877.4089965820312 200.1336212158203 4.004045 1.5684949 1.629281 9.153533 1.1348283 31.012651 -0.09925118088722229 0.5492286682128906
