Pedestrian 0.0 0 -1.8530864715576172 797.2500610351562 161.42218017578125 842.3367309570312 241.96278381347656 0.9160414 1.7569282 0.7432537 4.6457334 1.5079103 16.19613 -1.5737444162368774 0.9037262201309204
Pedestrian 0.0 0 -3.131765365600586 606.1304931640625 170.39495849609375 624.1781616210938 197.44793701171875 1.2369237 1.8537164 0.5642676 0.328117 1.6855755 49.730503 -3.1251676082611084 0.3552270829677582
Cyclist 0.0 0 1.7399299144744873 465.9511413574219 176.90036010742188 502.3182373046875 252.8263702392578 1.6280398 1.7841611 0.62488526 -3.1434975 1.8892387 17.854986 1.565658688545227 0.8801755309104919
Cyclist 0.0 0 1.7928749322891235 492.6158447265625 174.52862548828125 523.1961059570312 228.78619384765625 1.8596711 1.7993762 0.65591145 -3.5545373 1.859832 24.938072 1.6512939929962158 0.8212835788726807
Car 0.0 0 -1.7593058347702026 679.9556884765625 179.1829376220703 769.3401489257812 247.61729431152344 3.259412 1.524505 1.5996716 2.7187 1.6976588 18.03742 -1.6097064018249512 0.9470512866973877
Car 0.0 0 -1.6916638612747192 658.3033447265625 176.6309051513672 726.3593139648438 232.36199951171875 3.9112105 1.6136922 1.6839373 2.5012763 1.7453928 23.122372 -1.5839072465896606 0.8069507479667664
Car 0.0 0 -1.66590416431427 647.6865234375 170.50607299804688 698.6288452148438 214.4794921875 3.8224964 1.6125644 1.6241509 2.3745408 1.5268208 28.37757 -1.5824220180511475 0.6189419627189636
Car 0.0 0 1.8676562309265137 367.228759765625 184.87696838378906 465.4624328613281 242.4808349609375 3.8022625 1.3657284 1.5552598 -5.2458444 1.7288644 19.839195 1.609154224395752 0.5781980156898499
Car 0.0 0 1.949193000793457 271.9586486816406 187.3149871826172 420.8041687011719 271.4297790527344 3.746429 1.4417703 1.598904 -5.3125577 1.7792966 14.919422 1.6071090698242188 0.5406234264373779
Car 0.0 0 0.5653685331344604 1046.6009521484375 183.7938995361328 1242.0 375.0 3.6316965 1.4763658 1.5668555 3.1219225 1.5362393 2.0883152 1.5466041564941406 0.3687002658843994
Car 0.0 0 1.7366276979446411 415.503662109375 179.55801391601562 483.1873779296875 226.13034057617188 4.1725693 1.4366626 1.6165179 -5.5101175 1.6889956 24.991886 1.5196231603622437 0.3261408805847168
Car 0.0 0 1.7432531118392944 537.8727416992188 171.888916015625 565.1739501953125 192.2126007080078 3.830472 1.639437 1.6384039 -4.8661737 1.5619439 60.18326 1.6625727415084839 0.31775033473968506
Car 0.0 0 1.6745002269744873 455.53326416015625 177.39947509765625 504.33148193359375 217.6820068359375 3.917174 1.5556712 1.6213741 -5.4411077 1.7597959 30.329655 1.4969894886016846 0.2868458032608032
