Pedestrian 0.0 0 1.2876954078674316 772.542724609375 136.4833221435547 791.9673461914062 187.7157440185547 0.5040764 1.8630197 0.57529885 6.2805934 0.5407912 26.501516 1.5203922986984253 0.2542656660079956
Pedestrian 0.0 0 -0.8178083896636963 884.8168334960938 150.51976013183594 933.8286743164062 232.46804809570312 0.7622656 1.779001 0.6725861 6.6354156 1.2945089 16.12502 -0.42742931842803955 0.22699351608753204
Pedestrian 0.0 0 -1.0664342641830444 1072.494140625 149.6722869873047 1125.1551513671875 223.2208709716797 1.08596 1.828857 0.67798406 12.476531 1.2527795 18.488056 -0.4727925956249237 0.2152838557958603
Pedestrian 0.0 0 1.9567010402679443 279.7762451171875 128.5091094970703 330.4671325683594 219.78274536132812 0.95863974 1.8719772 0.67996466 -6.491172 0.9628433 15.280269 1.5549935102462769 0.12347530573606491
Cyclist 0.0 0 1.5789990425109863 626.7980346679688 174.86798095703125 635.2952880859375 199.9052276611328 1.9059846 1.7819327 0.6040066 1.508281 1.9314382 52.468483 1.6077375411987305 0.47980213165283203
Cyclist 0.0 0 -3.013597011566162 937.9080200195312 164.25755310058594 961.5536499023438 184.3287811279297 1.8351014 1.763601 0.64394456 30.187006 1.008614 64.16156 -2.5738394260406494 0.2022688388824463
Cyclist 0.0 0 -1.9263508319854736 880.6746826171875 153.9217071533203 933.635498046875 238.60623168945312 1.6031817 1.8117518 0.5741898 6.611346 1.4070696 16.244024 -1.5398231744766235 0.1819269359111786
Cyclist 0.0 0 -1.0664342641830444 1072.494140625 149.6722869873047 1125.1551513671875 223.2208709716797 1.08596 1.828857 0.67798406 12.476531 1.2527795 18.488056 -0.4727925956249237 0.14794372022151947
Car 0.0 0 -1.6014289855957031 573.6019287109375 179.203857421875 602.2098388671875 206.83261108398438 3.70541 1.6578382 1.7056235 -1.4780798 2.0803936 46.069427 -1.6335017681121826 0.8350319862365723
Car 0.0 0 -1.3001387119293213 936.5122680664062 165.47132873535156 966.8223876953125 182.94003295898438 3.4219642 1.5390772 1.6282043 30.963678 0.88898605 65.39501 -0.8579256534576416 0.20698381960391998
Car 0.0 0 1.2432451248168945 698.3474731445312 180.45962524414062 764.746337890625 214.9051971435547 4.2331862 1.4840584 1.8347206 5.6521974 1.8696994 34.310577 1.4065150022506714 0.17801319062709808
Car 0.0 0 1.9194517135620117 390.3197326660156 194.582275390625 427.4732666015625 215.21731567382812 3.7977943 1.4841385 1.6805041 -16.136398 3.2893655 57.97413 1.6479849815368652 0.1494283825159073
Car 0.0 0 -1.3799469470977783 880.0521850585938 173.1347198486328 906.5633544921875 189.02890014648438 3.8252754 1.448504 1.6266016 26.656025 1.476069 67.87734 -1.005741834640503 0.13649357855319977
