Pedestrian 0.0 0 -1.8524354696273804 834.8906860351562 111.07811737060547 917.2628173828125 285.8816833496094 0.8819276 1.6603187 0.54916185 2.709 0.99281144 7.280468 -1.496217131614685 0.34942319989204407
Pedestrian 0.0 0 -3.350952625274658 943.396728515625 124.29810333251953 1061.16943359375 324.91748046875 0.8396541 1.7347739 0.57830125 3.6051056 1.2415279 6.6060815 -2.8513972759246826 0.23313386738300323
Pedestrian 0.0 0 -1.4398508071899414 378.58441162109375 172.01829528808594 398.96954345703125 215.2662353515625 0.4985887 1.737175 0.7356296 -8.64496 1.3573154 29.155174 -1.7281076908111572 0.2084273248910904
Car 0.0 0 -0.4934014678001404 290.44281005859375 175.02059936523438 416.0449523925781 223.96156311035156 3.556892 1.4687188 1.5507025 -8.038821 1.2753953 23.386774 -0.8244829177856445 0.8481096625328064
Car 0.0 0 -1.4606128931045532 551.841064453125 166.4492950439453 587.7916870117188 192.57505798339844 4.2104697 1.4336917 1.6265444 -1.7780329 0.6085808 41.57238 -1.5033564567565918 0.8009305000305176
Car 0.0 0 3.2586617469787598 119.28024291992188 152.79295349121094 249.13763427734375 194.4202423095703 4.9643564 1.8012224 1.8222477 -18.956347 0.56002384 32.896687 2.7358970642089844 0.561556339263916
Car 0.0 0 -1.4890028238296509 584.650390625 166.64244079589844 611.6869506835938 188.88209533691406 3.6964226 1.532733 1.640378 -0.18522072 0.50941473 51.41088 -1.4926055669784546 0.5310189127922058
Car 0.0 0 2.957719326019287 43.24492263793945 158.5384979248047 156.04852294921875 196.19668579101562 4.0419292 1.636637 1.6964356 -23.174303 0.6396826 33.251152 2.3490450382232666 0.22996239364147186
Car 0.0 0 -1.4540725946426392 570.80322265625 165.49172973632812 595.6653442382812 184.20619201660156 3.7578063 1.5049028 1.6412897 -1.4546729 0.21812257 59.708103 -1.4784308671951294 0.19521208107471466
Car 0.0 0 0.8211862444877625 0.0 188.52935791015625 30.406042098999023 290.1310729980469 3.8409472 1.5317731 1.6475098 -11.99917 1.6573983 11.826739 0.028551101684570312 0.1942053735256195
