Pedestrian 0.0 0 0.42339760065078735 700.561767578125 152.05068969726562 718.1172485351562 192.98704528808594 0.6038142 1.9432101 0.6975891 4.741305 0.95605505 34.703793 0.5591790676116943 0.34459325671195984
Pedestrian 0.0 0 0.9182448387145996 236.22056579589844 138.90451049804688 294.79840087890625 247.66175842285156 0.58986527 1.7582035 0.6643678 -5.8201494 1.2097234 12.09155 0.4696362018585205 0.20121169090270996
Pedestrian 0.0 0 1.6666682958602905 518.9405517578125 170.301025390625 533.2039184570312 203.83216857910156 1.8771994 1.7891462 0.5999275 -4.6144905 1.6532836 39.441463 1.5502018928527832 0.16844995319843292
Cyclist 0.0 0 1.6666682958602905 518.9405517578125 170.301025390625 533.2039184570312 203.83216857910156 1.8771994 1.7891462 0.5999275 -4.6144905 1.6532836 39.441463 1.5502018928527832 0.42513254284858704
Car 0.0 0 -1.3802099227905273 393.4632873535156 181.14627075195312 507.83984375 260.2942810058594 4.1747046 1.4080694 1.5939046 -3.2803113 1.6093403 15.376785 -1.5903881788253784 0.9618102312088013
Car 0.0 0 -1.7232755422592163 654.9314575195312 172.39146423339844 735.5457763671875 229.47227478027344 4.15576 1.443878 1.614178 2.2439961 1.4325362 20.359232 -1.613498568534851 0.9321451187133789
Car 0.0 0 -1.1717137098312378 7.086783409118652 193.68870544433594 426.3862609863281 375.0 4.172627 1.3882338 1.6006593 -2.9754665 1.6366947 6.479007 -1.6022310256958008 0.8872447609901428
Car 0.0 0 -1.9055585861206055 734.4024047851562 173.32630920410156 1009.5126342773438 347.2056579589844 3.813224 1.4983463 1.623236 2.5491471 1.5053095 8.156853 -1.6026591062545776 0.826242208480835
Car 0.0 0 -1.640929937362671 625.2129516601562 173.22056579589844 660.6099243164062 203.8517608642578 3.7306983 1.5133132 1.5738987 1.6319181 1.5337207 37.575188 -1.5975264310836792 0.7824049592018127
Car 0.0 0 -2.1309661865234375 852.0643920898438 0.0 1242.0 375.0 3.8911567 1.6474159 1.7022508 2.5152512 1.1015241 3.5003762 -1.5078883171081543 0.29073405265808105
