Pedestrian 0.0 0 2.949514627456665 449.58917236328125 160.19662475585938 472.52178955078125 197.7943878173828 1.030065 1.8403728 0.5325802 -7.421213 1.2211646 35.760414 2.7448930740356445 0.5490787625312805
Cyclist 0.0 0 2.4261066913604736 449.68377685546875 160.27218627929688 472.2801513671875 197.61370849609375 0.97733444 1.8229086 0.54899085 -7.423798 1.2090575 35.775795 2.221501588821411 0.11876948922872543
Car 0.0 0 1.1858466863632202 406.2934265136719 155.89495849609375 468.74493408203125 198.32032775878906 4.3164697 2.159452 1.7840334 -9.412306 1.2965941 38.997425 0.9490189552307129 0.8981004953384399
Car 0.0 0 -2.0694613456726074 449.782470703125 161.3385772705078 506.51861572265625 192.7209930419922 3.6695201 1.7001495 1.608782 -7.5669184 1.0766569 41.018604 -2.2518856525421143 0.8274697065353394
Car 0.0 0 -2.1803855895996094 496.3785095214844 162.15536499023438 566.8174438476562 192.0524139404297 4.6108956 1.6557637 1.776088 -4.6840997 1.0636078 42.27647 -2.2907323837280273 0.757362425327301
Car 0.0 0 -2.4928512573242188 723.5755004882812 158.5083465576172 776.8074340820312 182.3300323486328 3.3536026 1.6050522 1.6159915 9.737934 0.6388316 50.40059 -2.301992416381836 0.5747288465499878
Car 0.0 0 0.6907551288604736 835.7686767578125 163.614013671875 890.798828125 183.46026611328125 3.9026306 1.491206 1.6342297 19.692783 0.7972898 56.30476 1.0272102355957031 0.5123417377471924
Car 0.0 0 0.4194953441619873 901.2200927734375 162.3323974609375 955.435546875 180.28224182128906 3.8357067 1.4618453 1.6480557 26.740488 0.605317 60.733997 0.8342440128326416 0.43497735261917114
Car 0.0 0 -2.3292572498321533 805.900390625 164.85494995117188 858.9688720703125 185.70587158203125 3.9641037 1.5490602 1.636002 17.106861 0.95515096 55.740917 -2.031482696533203 0.37336161732673645
Car 0.0 0 -2.50838041305542 785.3050537109375 167.2736053466797 836.1392211914062 188.41018676757812 3.4246993 1.5533007 1.6259092 15.208977 1.1435623 54.870396 -2.2379884719848633 0.3639387786388397
Car 0.0 0 0.8200201392173767 652.0740966796875 159.4092254638672 714.94775390625 187.84765625 4.0423446 1.731713 1.6827157 4.612521 0.91337305 46.05185 0.9198465347290039 0.3615923821926117
