Pedestrian 0.0 0 3.3540968894958496 393.5826416015625 153.59072875976562 412.2069091796875 198.17576599121094 0.6783552 1.8943396 0.49759543 -8.914873 1.0762354 30.925444 3.0734360218048096 0.3551989197731018
Pedestrian 0.0 0 3.656160593032837 26.830442428588867 151.87649536132812 89.25514221191406 246.47109985351562 0.79213184 1.8369138 0.6059893 -11.025875 1.4299139 14.36399 3.0014870166778564 0.3371957242488861
Pedestrian 0.0 0 -1.5690094232559204 202.95945739746094 154.54891967773438 217.07009887695312 194.04823303222656 0.46032664 2.004218 0.6289669 -20.527147 1.0757657 36.962105 -2.075955867767334 0.14608031511306763
Pedestrian 0.0 0 -2.1026482582092285 938.9769897460938 138.42941284179688 1000.4178466796875 227.6763153076172 1.0389639 1.8855625 0.782263 7.8009405 1.1586155 15.788134 -1.643730640411377 0.1339305192232132
Pedestrian 0.0 0 1.265207052230835 891.5391845703125 151.78948974609375 918.6107177734375 212.2866668701172 0.7178642 1.8328696 0.58192205 9.042295 1.195041 22.238716 1.6513913869857788 0.12269340455532074
Cyclist 0.0 0 -1.1171785593032837 1121.9305419921875 217.12767028808594 1242.0 375.0 1.5136371 1.6225508 0.48080936 4.899281 2.0220194 5.9677577 -0.42978811264038086 0.1980641782283783
Cyclist 0.0 0 -3.456185817718506 1023.3317260742188 123.41079711914062 1137.8751220703125 219.3409423828125 1.7780739 1.8163477 0.63316 9.164903 0.88054466 14.192452 -2.8827977180480957 0.18413473665714264
Cyclist 0.0 0 -1.8108725547790527 724.9329223632812 164.97654724121094 740.1277465820312 196.77345275878906 1.5108143 1.8459488 0.5398401 7.203179 1.3889858 42.65872 -1.64359450340271 0.13128846883773804
Cyclist 0.0 0 0.6136221289634705 24.988536834716797 148.6539764404297 97.84929656982422 243.44639587402344 0.98546636 1.8581 0.621586 -11.037916 1.3840944 14.46998 -0.03803018480539322 0.11763106286525726
Car 0.0 0 1.740143060684204 430.0597229003906 183.6851806640625 517.93798828125 246.6244659423828 4.0606327 1.4191453 1.6021588 -3.5075238 1.7355317 19.009375 1.5576798915863037 0.9477375745773315
Car 0.0 0 1.608898639678955 335.0356140136719 165.80592346191406 363.2836608886719 189.91429138183594 3.9374464 1.5925856 1.6862906 -17.989338 1.1273514 49.79344 1.2622110843658447 0.20163026452064514
Car 0.0 0 -0.5180534720420837 876.668212890625 157.62266540527344 1116.385498046875 240.64744567871094 4.013508 1.6035271 1.7744893 7.7928667 1.3097095 14.891692 -0.03593774884939194 0.20108015835285187
Car 0.0 0 1.4649521112442017 370.1351318359375 181.4745330810547 413.2718505859375 215.72630310058594 3.6730397 1.5256205 1.6239346 -10.715843 1.9699991 35.153954 1.1690735816955566 0.18800576031208038
Car 0.0 0 -1.6273301839828491 636.3534545898438 178.0613555908203 664.7020263671875 203.34547424316406 3.9152102 1.6097419 1.6842526 2.6670835 1.9757333 48.70089 -1.5726202726364136 0.16661758720874786
Car 0.0 0 1.5224775075912476 568.3588256835938 187.7042694091797 602.513427734375 218.20504760742188 3.7518005 1.4657794 1.6323645 -1.3896403 2.298414 38.49748 1.486396312713623 0.13553261756896973
Car 0.0 0 -0.31438708305358887 675.765625 168.04795837402344 749.4407958984375 196.6060791015625 4.0493116 1.6696827 1.7273558 6.1109037 1.38905 43.38476 -0.1744539737701416 0.12158691138029099
