Pedestrian 0.0 0 2.285435676574707 1089.3673095703125 141.82212829589844 1146.8330078125 239.59442138671875 0.69998616 1.7078336 0.50837106 9.050376 1.1661434 12.932324 2.8960447311401367 0.22094182670116425
Pedestrian 0.0 0 -1.7535573244094849 829.8221435546875 171.99708557128906 861.18798828125 223.3981475830078 0.93514836 1.8262819 0.9244972 8.483237 1.7961935 26.157402 -1.439945101737976 0.1201087161898613
Pedestrian 0.0 0 -0.21499492228031158 774.6061401367188 162.8034210205078 797.254638671875 202.37205505371094 0.9354431 1.8374459 0.5425644 8.194778 1.371086 33.785206 0.0229647159576416 0.1080114021897316
Pedestrian 0.0 0 2.847665786743164 753.59521484375 172.01312255859375 770.71630859375 205.05860900878906 0.7544371 1.7964779 0.67824376 8.310634 1.7511221 39.59339 3.0545618534088135 0.106139175593853
Cyclist 0.0 0 -1.6865355968475342 694.9789428710938 170.3681640625 705.0042724609375 196.1903839111328 1.6094179 1.7869251 0.5151457 6.293657 1.6152596 50.735077 -1.5631166696548462 0.5777244567871094
Cyclist 0.0 0 -1.6954681873321533 1055.8592529296875 184.3807373046875 1076.9984130859375 230.88372802734375 1.5365127 1.994603 0.6079768 20.305113 2.5222442 32.178875 -1.1325604915618896 0.16373944282531738
Cyclist 0.0 0 2.0820260047912598 0.0 186.00791931152344 26.075292587280273 225.2690887451172 1.6970842 1.6765689 0.5889211 -27.027178 2.2818778 32.292603 1.3851592540740967 0.10928620398044586
Car 0.0 0 2.0588462352752686 190.27439880371094 192.73524475097656 273.3584899902344 232.18295288085938 3.4350233 1.503016 1.748956 -16.165487 2.4037123 30.949337 1.577501654624939 0.8953444957733154
Car 0.0 0 1.8881845474243164 389.6943054199219 184.42384338378906 426.4389343261719 205.0341033935547 4.037806 1.531953 1.668175 -16.204079 2.4951568 57.989613 1.615703821182251 0.521859347820282
Car 0.0 0 1.6387025117874146 191.008056640625 0.0 888.3720703125 375.0 3.7940795 1.4803327 1.5607858 -0.19896829 0.7213178 3.5072048 1.5820319652557373 0.26816126704216003
Car 0.0 0 2.231501579284668 0.0 205.1087646484375 65.91524505615234 260.9170837402344 3.8267303 1.4346491 1.7384522 -19.45529 2.5395365 22.753664 1.524088978767395 0.19195692241191864
