Pedestrian 0.0 0 1.2857725620269775 174.46217346191406 171.4369659423828 196.1365966796875 218.1374053955078 0.5236053 1.8035288 0.6087461 -16.67959 1.7491623 28.263506 0.7526302337646484 0.2670646905899048
Pedestrian 0.0 0 3.5145649909973145 246.1602020263672 177.5833740234375 274.4966125488281 236.66256713867188 0.55049074 1.6067698 0.5309107 -9.713148 1.7398102 19.953335 3.0615384578704834 0.1347951889038086
Cyclist 0.0 0 1.2976651191711426 1005.4669799804688 178.83311462402344 1021.3875122070312 202.9616241455078 1.5963825 1.7112479 0.59991395 29.282438 2.153157 52.435936 1.8069666624069214 0.2003541737794876
Cyclist 0.0 0 1.6783183813095093 621.6737670898438 168.33567810058594 632.06201171875 193.2203826904297 1.8077755 1.7690042 0.56272656 1.1991497 1.448163 52.222755 1.7012765407562256 0.18019400537014008
Cyclist 0.0 0 -1.5754175186157227 627.281982421875 175.60433959960938 644.6842651367188 228.4296875 1.8799709 1.6682136 0.5517799 0.8058483 1.7630272 23.829578 -1.541613221168518 0.14308278262615204
Cyclist 0.0 0 1.61479651927948 532.588134765625 153.9246826171875 544.9330444335938 191.42039489746094 1.5373825 1.7392242 0.5184055 -3.413849 0.8615531 34.24735 1.5154426097869873 0.12324188649654388
Car 0.0 0 -1.5613433122634888 575.1294555664062 169.5697479248047 600.3179321289062 191.9920196533203 3.849165 1.461769 1.6420339 -1.525324 1.2480168 48.97818 -1.5924761295318604 0.7212636470794678
Car 0.0 0 -1.537092685699463 547.9779663085938 172.77224731445312 569.1118774414062 190.62713623046875 3.532207 1.4156903 1.6078192 -4.205329 1.4095652 59.001934 -1.6082468032836914 0.41137605905532837
Car 0.0 0 -1.6131967306137085 461.85687255859375 173.49522399902344 493.0760498046875 201.70559692382812 3.5799208 1.5677933 1.6345524 -7.8036084 1.6072915 42.111835 -1.7964251041412354 0.18223702907562256
Car 0.0 0 -1.5636645555496216 628.7991333007812 178.1547393798828 677.8109130859375 223.8888702392578 3.7036092 1.453423 1.5881442 1.4799265 1.6533881 25.267912 -1.505162000656128 0.144881933927536
