Pedestrian 0.0 0 2.0159595012664795 24.758840560913086 192.71994018554688 91.48777770996094 273.8778991699219 0.9516787 1.8111643 0.92566776 -12.979145 2.2933433 16.93574 1.3620598316192627 0.18023087084293365
Cyclist 0.0 0 -1.694589376449585 718.72509765625 165.88894653320312 735.7158813476562 200.06103515625 1.7972175 1.7813947 0.67557895 6.211551 1.4186639 38.521313 -1.5347157716751099 0.794544517993927
Cyclist 0.0 0 2.068678617477417 244.14320373535156 169.95375061035156 266.7337646484375 195.96434020996094 1.7723732 1.7868173 0.652081 -24.813894 1.5879393 50.462593 1.6116701364517212 0.19622355699539185
Cyclist 0.0 0 -0.8392229080200195 197.58131408691406 176.3234405517578 225.9825897216797 205.29051208496094 1.7700987 1.8514773 0.60159534 -26.104338 2.0836048 47.268333 -1.3437983989715576 0.15776671469211578
Cyclist 0.0 0 -1.7997058629989624 763.8385009765625 176.67750549316406 813.773681640625 289.7656555175781 1.4839386 1.6287916 0.41576657 2.6932774 1.692365 11.183221 -1.563374400138855 0.15691332519054413
Cyclist 0.0 0 -0.13941055536270142 1007.6151123046875 147.75393676757812 1054.0789794921875 195.25344848632812 1.5293403 1.8545653 0.5956824 16.700266 0.8749193 28.733358 0.3870820999145508 0.1491565704345703
Car 0.0 0 1.7212613821029663 472.61517333984375 178.8917999267578 517.6356201171875 209.28775024414062 4.019415 1.460265 1.7264512 -5.9411826 1.791119 37.477158 1.5640416145324707 0.9047563672065735
Car 0.0 0 -1.0242615938186646 0.0 195.15554809570312 108.38196563720703 251.53347778320312 3.9138982 1.4087875 1.6136099 -17.102806 2.1424325 21.681574 -1.6921466588974 0.31962186098098755
Car 0.0 0 2.0130906105041504 345.1894226074219 177.53524780273438 411.0049743652344 208.85353088378906 4.2000055 1.5341862 1.6791667 -12.222207 1.7965668 38.19118 1.703363299369812 0.26021867990493774
Car 0.0 0 0.05296196788549423 646.3992309570312 171.7478485107422 699.0894165039062 190.4382781982422 4.1888714 1.4915468 1.6531786 5.098933 1.40363 58.68792 0.13962650299072266 0.15846095979213715
Car 0.0 0 2.1908135414123535 90.35147857666016 188.75205993652344 194.7810821533203 232.3029022216797 3.4397779 1.4254487 1.5192024 -17.186945 2.0516593 26.647926 1.6179869174957275 0.12642835080623627
