Pedestrian 0.0 0 -3.296600103378296 719.6918334960938 198.4375 746.5103759765625 250.23672485351562 0.82146066 1.7506577 0.6843054 4.2271633 2.6524286 25.072948 -3.1295762062072754 0.24941687285900116
Pedestrian 0.0 0 -2.4223766326904297 474.0909423828125 186.10804748535156 508.31268310546875 234.8817901611328 0.9141137 1.8087248 0.9269591 -4.606079 2.33025 27.7344 -2.5869526863098145 0.23245744407176971
Pedestrian 0.0 0 0.17248445749282837 940.540283203125 198.14480590820312 981.6766967773438 278.145751953125 0.7200348 1.7049496 0.7116503 7.831359 2.2903397 16.188961 0.6230452060699463 0.22207583487033844
Pedestrian 0.0 0 1.9359763860702515 373.17144775390625 191.10324096679688 407.95867919921875 260.093017578125 0.87723666 1.7753007 0.61784744 -5.897983 2.274599 19.265703 1.6388970613479614 0.21731874346733093
Pedestrian 0.0 0 -1.7078722715377808 707.3052368164062 192.2716827392578 726.853515625 237.20318603515625 1.5437303 1.7322628 0.5751609 4.290032 2.5409229 29.258507 -1.5622845888137817 0.18547183275222778
Pedestrian 0.0 0 -3.4392144680023193 959.338623046875 206.53485107421875 1016.308837890625 298.0238952636719 0.8298142 1.7499813 0.76593775 7.568604 2.4522405 14.582494 -2.9604671001434326 0.1741824895143509
Pedestrian 0.0 0 1.0320055484771729 1047.5615234375 135.3781280517578 1167.4072265625 280.85797119140625 1.0396681 1.7549629 0.84734124 6.276611 1.303239 9.244744 1.6284557580947876 0.16292835772037506
Pedestrian 0.0 0 1.924147605895996 214.1707763671875 127.07083129882812 322.1481628417969 318.5007019042969 0.89704996 1.7481173 0.68996495 -3.3679492 1.3303882 7.064437 1.4792747497558594 0.1507369726896286
Cyclist 0.0 0 -1.7013249397277832 706.6343383789062 192.39453125 727.435302734375 238.2156524658203 1.75277 1.754784 0.6074766 4.2864847 2.5715282 29.261633 -1.5558712482452393 0.24023787677288055
Cyclist 0.0 0 -1.0829684734344482 925.4998779296875 196.240966796875 961.4959106445312 242.47677612304688 1.6513354 1.8405522 0.67714167 13.955872 2.847026 30.268429 -0.6509467363357544 0.2126818597316742
Cyclist 0.0 0 1.2444498538970947 1073.7427978515625 135.03305053710938 1191.951904296875 289.99591064453125 1.5890985 1.7751968 0.7282424 6.491677 1.3422917 9.1286335 1.8626089096069336 0.20384836196899414
Cyclist 0.0 0 1.4594712257385254 798.3189086914062 182.6545867919922 846.71533203125 295.60723876953125 1.7591642 2.0033598 0.69199383 4.006713 2.2048638 13.880617 1.740487813949585 0.16876034438610077
Cyclist 0.0 0 1.9437745809555054 369.6856689453125 188.0041961669922 408.4974060058594 258.730224609375 1.0885768 1.8039557 0.6372396 -5.916408 2.2196198 19.210052 1.6450083255767822 0.1471906155347824
Car 0.0 0 1.730762004852295 517.49951171875 201.69473266601562 568.89599609375 243.3158416748047 3.751827 1.5046554 1.5984981 -2.816857 2.8083222 30.677294 1.639196515083313 0.8920077085494995
Car 0.0 0 1.6388486623764038 550.2340698242188 204.81436157226562 589.1195068359375 239.10540771484375 4.108749 1.4564735 1.6924002 -2.025653 3.167746 36.557934 1.583495855331421 0.25387540459632874
