Pedestrian 0.0 0 3.5353550910949707 145.6786651611328 185.11021423339844 175.355224609375 233.2454833984375 0.74597114 1.7443151 0.63692254 -16.676842 2.204803 26.710443 2.9772186279296875 0.3060513734817505
Pedestrian 0.0 0 2.848053216934204 476.9889831542969 170.728271484375 487.9831848144531 193.4661102294922 0.6826941 1.7693021 0.675311 -10.029146 1.6042495 56.597813 2.672673463821411 0.13156674802303314
Cyclist 0.0 0 0.14507359266281128 852.6044921875 156.22422790527344 886.6140747070312 187.28460693359375 1.7996573 1.7857189 0.62349254 15.13911 0.8300005 42.178146 0.4896838665008545 0.26026788353919983
Cyclist 0.0 0 2.3509843349456787 141.7053985595703 186.23422241210938 176.52603149414062 234.6005859375 0.9205761 1.7342304 0.6257406 -16.703747 2.2388594 26.672794 1.7914890050888062 0.25328028202056885
Cyclist 0.0 0 -1.4389866590499878 214.76239013671875 177.96463012695312 243.4385223388672 244.03733825683594 1.5094303 1.5901601 0.4507178 -9.679212 1.7255101 18.269932 -1.9261806011199951 0.14022116363048553
Car 0.0 0 1.787980556488037 452.6394958496094 179.36572265625 496.60321044921875 207.24246215820312 3.846121 1.4225389 1.5850469 -7.4222956 1.7985529 39.674538 1.6030387878417969 0.8730411529541016
Car 0.0 0 -1.4406300783157349 579.7836303710938 175.94256591796875 601.4672241210938 191.12245178222656 3.6836972 1.3758708 1.5825071 -1.8203237 1.6758856 68.08827 -1.4673584699630737 0.6447306275367737
Car 0.0 0 2.0693159103393555 245.01280212402344 189.94923400878906 297.91986083984375 215.3744659423828 3.8719482 1.5803357 1.6335324 -23.182737 2.8003166 49.49207 1.6312556266784668 0.1888495236635208
Car 0.0 0 0.3135993480682373 680.6558837890625 186.36924743652344 735.973876953125 208.506103515625 3.633209 1.4946938 1.6258993 7.068213 2.4993303 52.09242 0.44846177101135254 0.16618171334266663
Car 0.0 0 -0.011641621589660645 301.5311279296875 178.67660522460938 370.4991760253906 205.5794677734375 3.757206 1.5177791 1.6970185 -16.273346 1.8756351 42.82112 -0.37481555342674255 0.1552114188671112
