Pedestrian 0.0 0 1.3348573446273804 720.2715454101562 164.3724822998047 764.4596557617188 237.9217071533203 0.94765204 1.8524847 0.9261587 3.3634586 1.6392188 18.67037 1.5130951404571533 0.4196508824825287
Pedestrian 0.0 0 3.387955665588379 2.7456536293029785 186.79017639160156 57.91839599609375 273.09979248046875 0.73115426 1.6636788 0.64001924 -11.679077 1.9525721 14.492341 2.7096400260925293 0.19676469266414642
Pedestrian 0.0 0 2.0076675415039062 339.3113708496094 154.982421875 371.03009033203125 206.4848175048828 1.1521468 1.720936 0.59424555 -8.7604065 1.1241211 24.70914 1.6669529676437378 0.15480442345142365
Cyclist 0.0 0 1.3504222631454468 867.1560668945312 106.34882354736328 926.5841674804688 207.3920135498047 1.7549039 1.8520408 0.7067465 5.535127 0.63341206 14.143444 1.7234550714492798 0.20532017946243286
Cyclist 0.0 0 2.0076675415039062 339.3113708496094 154.982421875 371.03009033203125 206.4848175048828 1.1521468 1.720936 0.59424555 -8.7604065 1.1241211 24.70914 1.6669529676437378 0.11544766277074814
Car 0.0 0 1.7896422147750854 423.7814025878906 185.90728759765625 516.75048828125 244.92970275878906 4.4458323 1.4613411 1.7319956 -3.9935772 1.8842719 21.10616 1.6026391983032227 0.9517082571983337
Car 0.0 0 2.1949753761291504 0.0 196.7480010986328 329.8852844238281 375.0 3.849217 1.5244358 1.6455584 -3.3541214 1.7384344 4.51186 1.5557109117507935 0.72358238697052
Car 0.0 0 1.7134432792663574 525.62158203125 172.73622131347656 558.1468505859375 196.9934539794922 3.808685 1.497365 1.5618151 -4.377299 1.4904523 46.476913 1.6195380687713623 0.6104069352149963
Car 0.0 0 1.7500174045562744 474.31219482421875 174.96658325195312 529.81884765625 217.6590118408203 3.9868338 1.6157374 1.5588499 -4.382641 1.7084448 29.52142 1.602637529373169 0.34487634897232056
Car 0.0 0 1.6624494791030884 515.622802734375 173.32752990722656 544.1272583007812 197.60055541992188 4.2905993 1.7090269 1.698757 -5.87556 1.7456167 53.044727 1.5521330833435059 0.15574251115322113
