Pedestrian 0.0 0 -1.686696171760559 742.2951049804688 162.74166870117188 765.9759521484375 219.4715576171875 0.730545 1.8279605 0.6791087 4.67064 1.5024773 23.637762 -1.4916167259216309 0.6900337338447571
Pedestrian 0.0 0 0.6706715226173401 0.0 126.00831604003906 68.22682189941406 225.5631103515625 0.8752128 1.7880772 0.6900937 -10.740528 0.94705224 13.305339 -0.008465133607387543 0.471528559923172
Car 0.0 0 -1.7975270748138428 705.7843627929688 180.0162811279297 816.864013671875 256.61688232421875 3.5389726 1.417267 1.5385389 3.0614338 1.5890616 15.47521 -1.6022206544876099 0.9481731057167053
Car 0.0 0 1.6532797813415527 539.3428955078125 179.2423858642578 574.5487060546875 208.2888641357422 3.7368507 1.4665643 1.6031914 -2.8678699 1.8299953 39.128815 1.5801175832748413 0.9374015927314758
Car 0.0 0 -2.0615198612213135 816.8475952148438 183.03831481933594 1242.0 375.0 4.0331526 1.452045 1.5873197 2.8486362 1.5562636 5.338557 -1.5713576078414917 0.9110126495361328
Car 0.0 0 -1.7441399097442627 676.7000122070312 174.99212646484375 759.1983032226562 238.41929626464844 3.7120638 1.5801724 1.6164372 2.8375652 1.6453226 19.981024 -1.6030702590942383 0.8750248551368713
Car 0.0 0 0.17926031351089478 418.7415466308594 182.69273376464844 475.4716491699219 203.48924255371094 3.8936605 1.4968742 1.5914792 -12.102961 2.2406695 53.64033 -0.042655326426029205 0.799794614315033
Car 0.0 0 -1.5407236814498901 598.9467163085938 175.75498962402344 623.1883544921875 197.2493438720703 3.6278594 1.4666328 1.6262635 0.07796932 1.6817153 51.56524 -1.539211630821228 0.6880086064338684
Car 0.0 0 -1.775726079940796 666.5070190429688 173.7236785888672 724.895751953125 223.88438415527344 2.5609484 1.5648357 1.4186462 2.743926 1.5956093 23.892506 -1.6613824367523193 0.4651983976364136
Car 0.0 0 -1.6762256622314453 651.0647583007812 176.55885314941406 694.5381469726562 210.8283233642578 3.913214 1.4865025 1.6067839 2.835353 1.6700219 33.695404 -1.5922768115997314 0.44389256834983826
Car 0.0 0 3.4243617057800293 336.33868408203125 182.4152374267578 400.02740478515625 203.55337524414062 4.200785 1.521766 1.6447624 -17.9745 2.2453444 53.6685 3.1011862754821777 0.3994048833847046
