Pedestrian 0.0 0 -1.8079743385314941 227.7197723388672 136.98147583007812 275.11541748046875 216.72132873535156 0.9303261 1.8797928 0.84055966 -8.816475 1.0344896 17.63338 -2.2716121673583984 0.3883519172668457
Pedestrian 0.0 0 -2.1470136642456055 147.76828002929688 180.35963439941406 210.55625915527344 299.7832336425781 0.4965766 1.7546276 0.66273445 -6.648255 1.8742532 11.056166 -2.6884005069732666 0.22235539555549622
Pedestrian 0.0 0 2.1606085300445557 690.6036376953125 158.85693359375 712.9672241210938 209.1968231201172 0.50193816 1.794504 0.63044566 3.278176 1.2958978 26.114601 2.2854857444763184 0.19534023106098175
Pedestrian 0.0 0 -0.2705859839916229 674.8621826171875 156.66378784179688 698.4820556640625 198.55938720703125 0.8816089 1.8638848 0.7828676 3.414727 1.1439602 32.55652 -0.166081964969635 0.17197640240192413
Pedestrian 0.0 0 1.193053960800171 873.45703125 164.50045776367188 1011.5134887695312 355.8393859863281 1.6200415 1.6097839 0.6227885 3.0415175 1.5398613 6.8890095 1.6088192462921143 0.11067218333482742
Cyclist 0.0 0 1.1974432468414307 876.3878784179688 155.69126892089844 1012.957275390625 349.47027587890625 1.5915005 1.6215711 0.616957 3.0435424 1.4783088 6.8440313 1.6158812046051025 0.6671726107597351
Car 0.0 0 1.9957771301269531 0.0 192.08641052246094 372.07696533203125 375.0 4.298736 1.4521823 1.6002487 -3.95453 1.7129945 7.5778866 1.5148016214370728 0.938210129737854
Car 0.0 0 -1.5291751623153687 605.68359375 173.17979431152344 652.7872924804688 217.6963653564453 2.9191713 1.4708874 1.5371175 0.6778374 1.4833823 25.368567 -1.5024619102478027 0.9147270917892456
Car 0.0 0 1.7987090349197388 399.0904235839844 184.9524688720703 495.323974609375 247.5069122314453 3.9982207 1.435284 1.6429859 -4.2785783 1.7935723 19.336433 1.5809473991394043 0.9108083844184875
Car 0.0 0 1.70542311668396 487.8323669433594 174.99346923828125 533.4867553710938 208.4348907470703 4.096753 1.4972448 1.6344534 -4.739837 1.6063231 34.613865 1.569334864616394 0.7653412222862244
