Pedestrian 0.0 0 -1.5718704462051392 796.0960083007812 173.58309936523438 872.3861083984375 306.0832824707031 0.7682632 1.6050842 0.8960607 2.8084784 1.6152849 9.240783 -1.2768192291259766 0.5944824814796448
Pedestrian 0.0 0 -2.0783393383026123 682.3695068359375 172.61813354492188 705.9762573242188 205.36302185058594 1.1065371 1.6600679 0.7680032 4.301018 1.6484683 37.23515 -1.9633393287658691 0.5389044880867004
Pedestrian 0.0 0 -1.684888243675232 879.9290771484375 150.5699005126953 898.810791015625 193.95652770996094 0.7349339 1.8889843 0.696998 12.288755 0.91912836 31.855118 -1.3167088031768799 0.4981473386287689
Car 0.0 0 -1.585074543952942 597.996826171875 180.2538299560547 660.6911010742188 230.64080810546875 3.3808753 1.3322214 1.7012644 0.4917433 1.56817 21.27116 -1.5619608163833618 0.944377064704895
Car 0.0 0 -2.267324924468994 386.0317687988281 177.05931091308594 526.943359375 240.45376586914062 3.669777 1.4653343 1.5625151 -4.06608 1.5845466 18.648146 -2.482006788253784 0.9343859553337097
Car 0.0 0 -1.906965970993042 761.1400756835938 180.87118530273438 907.827880859375 268.8335876464844 3.7769988 1.4840684 1.6011889 4.257097 1.6663884 14.44772 -1.6204197406768799 0.9234169125556946
Car 0.0 0 -1.7822718620300293 724.0859375 180.561767578125 813.375244140625 240.53021240234375 3.8414676 1.4333546 1.5754341 4.1592236 1.6643096 19.660751 -1.573796033859253 0.9223328232765198
Car 0.0 0 -2.0852437019348145 862.1192626953125 169.7317352294922 1242.0 370.5211486816406 4.0237536 1.5318954 1.6658808 4.1327047 1.5084324 7.523988 -1.582960844039917 0.9118037223815918
Car 0.0 0 -1.5900403261184692 607.056640625 171.16937255859375 643.3692626953125 204.52711486816406 3.6850958 1.540609 1.6771113 0.662365 1.4631631 35.163967 -1.5712060928344727 0.6378201246261597
Car 0.0 0 -1.7607651948928833 704.402587890625 168.9583282470703 777.439208984375 224.83273315429688 4.034249 1.7724457 1.728275 4.3755517 1.6492252 24.91665 -1.5869301557540894 0.6370314955711365
Car 0.0 0 2.165579319000244 177.12037658691406 176.19293212890625 345.1445007324219 248.7789764404297 3.876642 1.4591137 1.5926193 -7.928782 1.5463064 16.725462 1.7229026556015015 0.6080521941184998
Car 0.0 0 2.1823108196258545 0.0 179.6806182861328 234.1983184814453 280.1990966796875 3.4833663 1.4154129 1.5319052 -8.089423 1.5474585 12.156158 1.5951448678970337 0.5447161197662354
Car 0.0 0 -1.7780570983886719 152.17208862304688 178.955810546875 361.9523620605469 331.703125 3.76852 1.4958265 1.6016617 -4.690638 1.5905734 9.18961 -2.2500126361846924 0.5369052290916443
