Pedestrian 0.0 0 1.223741888999939 747.5391235351562 166.46444702148438 786.4117431640625 231.59353637695312 0.60044116 1.7867656 0.9100645 4.330676 1.6118314 20.150955 1.4354336261749268 0.3409801423549652
Pedestrian 0.0 0 2.412447214126587 932.045654296875 157.21163940429688 963.6748046875 207.79209899902344 0.8675888 1.86193 0.63710237 12.591166 1.2864734 26.988104 2.8489744663238525 0.3395113945007324
Pedestrian 0.0 0 -0.5034086108207703 780.1257934570312 175.5531463623047 809.9216918945312 225.0843963623047 0.8525879 1.7600282 0.61411154 6.6417255 1.8594874 26.08458 -0.25408393144607544 0.30440762639045715
Pedestrian 0.0 0 1.8684004545211792 730.0540771484375 166.78094482421875 760.6940307617188 228.00315856933594 0.7731585 1.7980334 0.7113801 4.028161 1.6200322 21.695377 2.0519790649414062 0.22101512551307678
Cyclist 0.0 0 1.8976088762283325 745.2842407226562 169.31288146972656 783.4822998046875 234.820068359375 0.87733793 1.785555 0.8110037 4.290108 1.6893915 20.24868 2.1063923835754395 0.11462189257144928
Cyclist 0.0 0 -0.5034086108207703 780.1257934570312 175.5531463623047 809.9216918945312 225.0843963623047 0.8525879 1.7600282 0.61411154 6.6417255 1.8594874 26.08458 -0.25408393144607544 0.10362966358661652
Car 0.0 0 1.402779459953308 422.8434753417969 183.7442626953125 499.32476806640625 235.75267028808594 4.139314 1.4108841 1.6688341 -4.82487 1.7881383 22.73714 1.1936790943145752 0.9026892185211182
Car 0.0 0 1.555698037147522 348.4775390625 181.50677490234375 405.41778564453125 233.09007263183594 3.7866538 1.451224 1.5960323 -7.513223 1.7524256 23.034208 1.2404022216796875 0.7890018820762634
Car 0.0 0 3.3019583225250244 0.0 190.59304809570312 76.89693450927734 232.84400939941406 3.7467527 1.5316699 1.7819937 -24.131548 2.2947628 29.30754 2.61311674118042 0.627415657043457
Car 0.0 0 -2.091780662536621 0.0 204.17391967773438 65.96258544921875 283.0609130859375 3.8952408 1.4987191 1.6440357 -14.503402 2.2629876 16.20346 -2.821871280670166 0.5786172151565552
Car 0.0 0 -2.7927536964416504 480.48663330078125 155.60894775390625 581.0471801757812 192.4200897216797 4.0915604 1.559777 1.6683304 -3.5171034 0.8294203 31.865143 -2.9026832580566406 0.2794715166091919
Car 0.0 0 -2.890655279159546 612.1885375976562 151.50498962402344 751.9139404296875 212.09625244140625 4.0951667 1.7930604 1.7975305 2.2545598 1.1616434 22.894445 -2.7924954891204834 0.2035222202539444
