Pedestrian 0.0 0 -2.2841944694519043 973.9138793945312 143.6478271484375 1114.590576171875 331.1450500488281 0.90717775 1.7020308 0.76189 4.248012 1.3598015 7.02961 -1.7406173944473267 0.6225311756134033
Pedestrian 0.0 0 -0.5000559687614441 786.5245361328125 156.65106201171875 827.4157104492188 241.718994140625 0.4605032 1.7047337 0.8479606 4.2033467 1.208014 14.857164 -0.22434425354003906 0.4755721688270569
Pedestrian 0.0 0 2.014455556869507 308.8641662597656 146.9954376220703 357.82855224609375 235.54701232910156 0.8654408 1.8358903 0.67621297 -5.7534604 1.121763 15.350101 1.655846357345581 0.4451548159122467
Pedestrian 0.0 0 1.8615562915802002 565.470947265625 163.745849609375 581.5307006835938 201.13150024414062 0.61440337 1.761862 0.61503804 -1.338457 0.92608243 34.224255 1.8224678039550781 0.4224065840244293
Pedestrian 0.0 0 0.48346081376075745 422.34100341796875 131.50486755371094 479.41729736328125 233.02743530273438 0.79925483 1.7757813 0.6527145 -2.7546654 0.9025678 12.984573 0.2744112014770508 0.38338935375213623
Pedestrian 0.0 0 -1.4405183792114258 477.4642028808594 173.071044921875 497.1221008300781 217.53953552246094 0.85538703 1.7050173 0.65220505 -4.458871 1.382855 27.976473 -1.5985684394836426 0.34248918294906616
Pedestrian 0.0 0 2.5257205963134766 648.4388427734375 161.86473083496094 666.701171875 191.58145141601562 1.0283242 1.8697917 0.5520987 3.5782573 0.6350523 45.695847 2.6038670539855957 0.2612732946872711
Pedestrian 0.0 0 0.5415768027305603 634.3135986328125 163.94129943847656 649.9779663085938 192.8997802734375 0.82121056 1.8057256 0.54594713 2.5704913 0.7115693 45.246483 0.5983266830444336 0.25456953048706055
Pedestrian 0.0 0 -2.1354024410247803 407.7916564941406 196.0266876220703 455.1914367675781 280.08746337890625 0.70238614 1.7146668 0.7197524 -3.6635563 2.0360513 15.326429 -2.37003493309021 0.21560639142990112
Pedestrian 0.0 0 -1.384529948234558 359.2804260253906 155.2623291015625 381.8058776855469 216.91978454589844 0.5837425 1.8575884 0.5586889 -7.0832353 1.0682336 21.963657 -1.6964972019195557 0.1821306347846985
Cyclist 0.0 0 -1.5132330656051636 735.6286010742188 160.33055114746094 750.2664794921875 197.78871154785156 1.8350132 1.7324935 0.5812505 6.7327933 0.75430185 34.182396 -1.318755865097046 0.30264580249786377
Cyclist 0.0 0 -1.6678580045700073 514.7427368164062 178.49705505371094 536.0103149414062 231.65628051757812 1.689057 1.7133024 0.5417864 -2.5809178 1.617615 24.030954 -1.7748476266860962 0.19194573163986206
Cyclist 0.0 0 -1.4405183792114258 477.4642028808594 173.071044921875 497.1221008300781 217.53953552246094 0.85538703 1.7050173 0.65220505 -4.458871 1.382855 27.976473 -1.5985684394836426 0.1329185664653778
Car 0.0 0 1.6620301008224487 576.1859130859375 169.99661254882812 632.1616821289062 214.80545043945312 4.229527 1.443976 1.5920342 0.15268748 1.074373 25.327974 1.6680583953857422 0.8024472594261169
Car 0.0 0 0.2488640546798706 0.0 0.0 1238.0 374.0 3.9267128 1.503104 1.5839063 2.3554673 1.5106139 0.84492826 1.475247859954834 0.23430106043815613
