Pedestrian 0.0 0 -0.4798484742641449 868.4132690429688 163.14515686035156 884.6558227539062 189.67803955078125 0.9477933 1.9158776 0.57712966 19.343302 1.2151816 52.44385 -0.1264907419681549 0.3249233663082123
Car 0.0 0 3.0102694034576416 271.4359436035156 171.3683624267578 367.588623046875 202.4993438720703 4.6542835 1.6079905 1.7454172 -15.781455 1.5316118 39.17104 2.6272778511047363 0.8573454022407532
Car 0.0 0 2.892625331878662 753.7462768554688 170.9447479248047 820.8568115234375 195.05213928222656 3.7312696 1.4512345 1.5252635 10.797565 1.3366579 44.21314 3.132153034210205 0.8251466155052185
Car 0.0 0 2.525203227996826 0.0 174.63804626464844 116.25936889648438 232.2734832763672 3.9593332 1.7425679 1.6648515 -19.01872 1.8077455 24.078636 1.856676697731018 0.8240219950675964
Car 0.0 0 0.8553444743156433 1073.9586181640625 160.49754333496094 1128.8800048828125 183.59507751464844 3.5962346 1.7659987 1.6251658 38.765354 0.82160187 57.046494 1.4522062540054321 0.6656473278999329
Car 0.0 0 1.2390819787979126 829.7316284179688 162.7388916015625 868.5950317382812 185.87530517578125 4.138493 1.7928027 1.7034706 19.14198 1.0093572 57.98808 1.5579215288162231 0.6435397863388062
Car 0.0 0 -2.0311920642852783 869.9893188476562 165.21441650390625 914.2843017578125 186.73284912109375 4.0260572 1.6384416 1.6355387 22.210352 1.0571116 57.01378 -1.659717082977295 0.5205470323562622
Car 0.0 0 1.2156269550323486 801.1264038085938 167.60580444335938 839.6188354492188 188.93186950683594 3.9685948 1.6209813 1.628684 16.50824 1.2224262 56.879097 1.4981000423431396 0.5073744654655457
Car 0.0 0 1.1153512001037598 1032.64306640625 167.99951171875 1077.371826171875 186.4429473876953 3.6322792 1.405782 1.5575196 34.996613 1.0361242 56.876286 1.6669528484344482 0.39183685183525085
Car 0.0 0 1.2343566417694092 1009.5882568359375 164.36911010742188 1052.34033203125 184.60699462890625 4.003412 1.5054077 1.6183436 32.461304 0.874611 55.788063 1.7613372802734375 0.34473153948783875
