Pedestrian 0.0 0 1.3369460105895996 712.8060302734375 157.43515014648438 731.32177734375 200.20997619628906 0.67362905 1.9010605 0.68386376 4.9929533 1.2161517 32.428284 1.4897154569625854 0.45800286531448364
Pedestrian 0.0 0 1.79487144947052 518.2198486328125 173.47410583496094 536.47998046875 210.382568359375 0.85182315 1.8813396 0.76776797 -4.300275 1.9141192 37.257114 1.6799583435058594 0.3636591136455536
Pedestrian 0.0 0 0.9130454063415527 169.9060821533203 129.3158416748047 249.97328186035156 268.32470703125 0.708065 1.8413625 0.6801181 -5.593895 1.2649977 10.006726 0.4033083915710449 0.35682544112205505
Car 0.0 0 -1.366665244102478 362.296630859375 187.62420654296875 498.212646484375 283.9108581542969 4.115076 1.3956227 1.5713196 -3.138333 1.7082864 13.173675 -1.6005337238311768 0.9567278623580933
Car 0.0 0 -1.7336373329162598 665.01513671875 178.28782653808594 759.099853515625 246.45022583007812 4.2281103 1.4792958 1.6367819 2.380952 1.6323737 18.136934 -1.6031073331832886 0.9477671980857849
Car 0.0 0 -2.007859706878662 778.5841674804688 181.97686767578125 1232.4837646484375 375.0 3.628231 1.4957942 1.6036991 2.5617447 1.5927185 5.8039474 -1.5921975374221802 0.8864970803260803
Car 0.0 0 -1.7062019109725952 627.8658447265625 179.51036071777344 669.2290649414062 211.06993103027344 3.4071589 1.4290117 1.5584798 1.7942195 1.7701623 35.175365 -1.6552382707595825 0.8237419128417969
Car 0.0 0 -1.0376642942428589 0.0 214.03147888183594 378.3970642089844 375.0 4.160636 1.4491433 1.6330775 -2.88273 1.8231918 4.431353 -1.6144123077392578 0.669560968875885
Car 0.0 0 1.8748356103897095 663.089111328125 176.29364013671875 699.11767578125 196.84539794921875 4.0997086 1.5181595 1.644178 5.556389 1.7971787 56.244453 1.9733060598373413 0.4087214469909668
Car 0.0 0 -2.458449602127075 0.0 0.0 1242.0 375.0 3.5088844 1.5511509 1.5773413 2.3829186 1.1742666 1.6012523 -1.4793192148208618 0.34366267919540405
