Car 0.0 0 -1.5951924324035645 590.6574096679688 173.73231506347656 642.0144653320312 221.49844360351562 3.5673518 1.5590364 1.6827315 0.12816966 1.5925236 25.413296 -1.5901490449905396 0.9468424916267395
Car 0.0 0 1.9348194599151611 215.3173828125 189.35662841796875 363.32159423828125 270.6275634765625 3.9471235 1.4658495 1.6486925 -6.883803 1.8744379 15.836754 1.5247846841812134 0.9324164986610413
Car 0.0 0 -1.1950322389602661 818.6140747070312 164.83094787597656 1065.0306396484375 301.7750244140625 4.1971908 1.4886672 1.6093355 4.6306458 1.4018096 9.866155 -0.7562066912651062 0.9126914143562317
Car 0.0 0 1.8975528478622437 362.67462158203125 176.19601440429688 426.5909118652344 210.3629150390625 4.39838 1.6288189 1.8287348 -11.005203 1.811202 37.06388 1.6089192628860474 0.8565346002578735
Car 0.0 0 1.8518493175506592 404.4022216796875 176.41748046875 452.353515625 205.7412567138672 4.246495 1.6607214 1.6942444 -10.923005 1.8867303 43.53557 1.606025218963623 0.8069607019424438
Car 0.0 0 -1.1773755550384521 722.1549682617188 173.5186004638672 861.5235595703125 245.62071228027344 4.2124662 1.4443312 1.6191431 4.26566 1.4620376 16.661314 -0.926737368106842 0.5130237936973572
Car 0.0 0 -1.0482594966888428 706.76025390625 173.3337860107422 826.576416015625 231.654052734375 3.8054535 1.4796263 1.6049057 4.4293513 1.4947686 20.283102 -0.8332583904266357 0.4813382625579834
Car 0.0 0 -1.0257917642593384 706.3359985351562 166.14260864257812 807.2623291015625 215.3918914794922 3.7845595 1.5355316 1.6221727 4.9854503 1.326637 24.433916 -0.8245164752006531 0.4737984836101532
Car 0.0 0 1.7932089567184448 439.123291015625 177.60716247558594 475.88922119140625 201.39801025390625 4.1846876 1.5702165 1.6390841 -10.663055 1.9175457 50.56416 1.5853724479675293 0.46990400552749634
Car 0.0 0 1.8103381395339966 346.3798522949219 176.05850219726562 387.1727294921875 201.4502716064453 3.7624617 1.5023136 1.5703257 -15.187358 1.7116845 45.118454 1.4856407642364502 0.4534424841403961
Car 0.0 0 1.7530906200408936 483.2469787597656 176.48141479492188 509.1544189453125 193.01612854003906 4.1666527 1.4554226 1.6331768 -10.476499 1.8008686 66.53571 1.5969160795211792 0.42506247758865356
Car 0.0 0 -0.9217534065246582 653.0166625976562 171.509033203125 724.2371215820312 201.19589233398438 4.100605 1.491884 1.6072254 4.183566 1.4246522 38.298985 -0.8129504323005676 0.4226726293563843
