Pedestrian 0.0 0 -1.2824757099151611 435.7640686035156 155.7923126220703 476.660400390625 222.03489685058594 0.9379096 1.8949023 0.9459711 -4.5412736 1.4072021 21.141031 -1.4940688610076904 0.31237685680389404
Pedestrian 0.0 0 2.378795862197876 109.61721801757812 186.40122985839844 178.01419067382812 303.19854736328125 0.6104318 1.6992339 0.6235355 -7.1181936 1.912132 10.948718 1.8023226261138916 0.24823710322380066
Pedestrian 0.0 0 0.44321274757385254 398.7300720214844 133.3157501220703 440.2964782714844 199.7857666015625 0.94424766 1.8187205 0.627713 -5.3573184 0.73725206 20.13422 0.18315792083740234 0.17905475199222565
Pedestrian 0.0 0 -1.30143404006958 487.4667663574219 173.87075805664062 514.7206420898438 221.6645965576172 1.0572677 1.9658744 0.8828129 -4.602816 2.0097158 30.277487 -1.452299952507019 0.15220636129379272
Pedestrian 0.0 0 -1.6434416770935059 472.9945373535156 173.73162841796875 500.2113037109375 224.64251708984375 0.95284104 1.8677206 0.9376235 -4.678676 1.9016999 27.062998 -1.8146305084228516 0.15106581151485443
Pedestrian 0.0 0 0.9685442447662354 142.7406768798828 184.75946044921875 189.23374938964844 262.3335876464844 0.79756826 1.852051 0.6377787 -11.009386 2.1538758 17.815214 0.4150114059448242 0.1431802213191986
Pedestrian 0.0 0 -0.2631142735481262 994.0043334960938 26.736188888549805 1242.0 375.0 0.9175993 1.5923579 0.55395496 2.137324 1.054542 3.0705948 0.34496378898620605 0.1302800327539444
Pedestrian 0.0 0 1.1823153495788574 737.0767211914062 132.76321411132812 797.380126953125 254.67178344726562 0.9660977 1.8063719 0.5896768 2.3741255 1.2126871 11.216598 1.390898585319519 0.1258970946073532
Pedestrian 0.0 0 1.0313974618911743 954.0082397460938 90.36595153808594 1077.6083984375 276.36090087890625 1.0156634 1.7586741 0.66291726 4.0316715 0.9790667 7.339523 1.5337105989456177 0.12012065947055817
Pedestrian 0.0 0 -0.4070824980735779 655.3309326171875 186.6806640625 680.2953491210938 218.3448028564453 1.2592602 1.7628417 0.66217893 3.2594938 2.5614002 41.134686 -0.32800817489624023 0.11708040535449982
Pedestrian 0.0 0 1.9272117614746094 359.1400451660156 132.24691772460938 409.7952880859375 208.94088745117188 1.8653196 1.907841 0.659189 -5.923109 0.8980562 18.894949 1.6234381198883057 0.1039159893989563
Cyclist 0.0 0 -1.3237553834915161 360.306640625 141.13816833496094 403.2757873535156 212.73622131347656 1.7825731 1.7759246 0.65453833 -5.969422 0.9896003 18.803741 -1.6311519145965576 0.2544090151786804
Car 0.0 0 1.5203348398208618 540.1586303710938 186.307861328125 571.7881469726562 215.44256591796875 4.079611 1.6392602 1.7415568 -3.421584 2.5129056 44.698574 1.4439358711242676 0.8111565709114075
Car 0.0 0 1.5247802734375 518.677490234375 187.7669677734375 545.7435913085938 211.8242645263672 4.4257836 1.5394892 1.7057793 -5.604679 2.649374 51.361904 1.4160890579223633 0.19283007085323334
