Pedestrian 0.0 0 1.9123263359069824 394.96124267578125 170.93460083007812 419.1084289550781 215.1262969970703 0.8718711 1.7906042 0.7065598 -8.387705 1.7131898 29.691595 1.637006163597107 0.5584438443183899
Pedestrian 0.0 0 -0.5485712885856628 1019.3118896484375 104.17642974853516 1120.1561279296875 268.6951904296875 0.774023 1.8445588 0.6323192 5.2817945 1.0749145 8.407927 0.012320280075073242 0.44407957792282104
Pedestrian 0.0 0 0.3022177815437317 440.0749816894531 163.61569213867188 464.8351745605469 201.2711944580078 1.106355 1.8937701 0.5782351 -8.029916 1.4295151 36.620575 0.08636069297790527 0.3927935063838959
Pedestrian 0.0 0 2.78410267829895 713.15185546875 159.47018432617188 737.4191284179688 197.7530975341797 0.9379353 1.8651122 0.8720301 5.6561117 1.2134213 35.670547 2.941358804702759 0.34342795610427856
Pedestrian 0.0 0 0.40046820044517517 263.3948669433594 184.84864807128906 287.4153137207031 227.4882049560547 0.71317613 1.7576399 0.6629361 -14.076944 2.2670667 30.276655 -0.0347433015704155 0.25969210267066956
Pedestrian 0.0 0 3.273305654525757 321.4998779296875 170.4265899658203 343.04315185546875 211.0287628173828 0.8240871 1.7763604 0.56219023 -12.327918 1.6705186 31.934677 2.904895305633545 0.1965171992778778
Pedestrian 0.0 0 -3.7887520790100098 1151.7822265625 144.53541564941406 1242.0 326.14068603515625 0.78291637 1.8180201 0.6160522 6.234015 1.5348855 7.5451555 -3.098222017288208 0.17313145101070404
Pedestrian 0.0 0 -1.2198035717010498 379.35662841796875 175.34982299804688 404.2803039550781 215.02313232421875 1.5480546 1.6538838 0.52559566 -9.3914385 1.7640784 30.963142 -1.5142945051193237 0.14156723022460938
Cyclist 0.0 0 -1.2198035717010498 379.35662841796875 175.34982299804688 404.2803039550781 215.02313232421875 1.5480546 1.6538838 0.52559566 -9.3914385 1.7640784 30.963142 -1.5142945051193237 0.2612874209880829
Cyclist 0.0 0 -1.162386417388916 935.6578979492188 167.64297485351562 1006.8667602539062 251.0572509765625 1.8187551 1.701812 0.7139911 7.765554 1.595855 15.5768585 -0.699914276599884 0.23318713903427124
Cyclist 0.0 0 -1.2680805921554565 282.24041748046875 178.69313049316406 302.1186828613281 213.8624267578125 1.5578216 1.6660683 0.44632974 -15.552221 1.958123 35.242958 -1.683664321899414 0.19079644978046417
Car 0.0 0 1.6853997707366943 523.6270141601562 181.79464721679688 565.5160522460938 214.1581268310547 3.6723487 1.3884051 1.5472524 -3.0544536 1.8309792 33.83082 1.5953577756881714 0.8935163021087646
Car 0.0 0 1.8184415102005005 544.3849487304688 179.19711303710938 586.9906616210938 206.8928985595703 3.9697237 1.5414388 1.624503 -2.634712 1.940233 43.21883 1.7575547695159912 0.3677210807800293
Car 0.0 0 1.438714861869812 674.1929321289062 179.3781280517578 715.2424926757812 209.84432983398438 4.0859766 1.4720696 1.5998291 4.3438597 1.8328215 37.7983 1.5531350374221802 0.19880345463752747
