Pedestrian 0.0 0 -0.0784635990858078 571.4178466796875 172.88839721679688 589.1710205078125 205.41952514648438 0.9682577 1.8392423 0.5789528 -1.731291 1.8415781 41.137825 -0.12052392214536667 0.40205255150794983
Pedestrian 0.0 0 -1.1583828926086426 663.7817993164062 183.72723388671875 687.4834594726562 229.3358612060547 0.8458816 1.6330293 0.58052295 2.3787475 2.0417573 26.585886 -1.0691463947296143 0.2715471684932709
Pedestrian 0.0 0 -0.6825054883956909 874.7947387695312 132.04684448242188 912.9054565429688 203.37435913085938 0.7713039 1.8481069 0.53705084 7.449634 0.79114527 19.065783 -0.31001320481300354 0.20006613433361053
Pedestrian 0.0 0 1.8919161558151245 351.3857421875 134.29159545898438 398.654052734375 236.21600341796875 0.8402421 1.8094889 0.59128773 -4.3468695 1.1252389 13.22808 1.5744233131408691 0.14947554469108582
Pedestrian 0.0 0 1.2867220640182495 662.9749145507812 203.206298828125 704.6085815429688 244.24293518066406 1.1139365 1.2829405 1.1176296 2.413869 2.327351 24.16653 1.3862766027450562 0.14088810980319977
Pedestrian 0.0 0 3.3123862743377686 399.9993591308594 134.0113525390625 435.2918395996094 192.99343872070312 0.99574757 1.8473122 0.6148251 -6.155463 0.63112336 22.947245 3.050311803817749 0.1284199059009552
Pedestrian 0.0 0 0.04818594455718994 455.18145751953125 168.1062774658203 477.32476806640625 212.180908203125 0.8877249 1.8442576 0.76064503 -6.1373925 1.6459521 30.631466 -0.14955800771713257 0.12449318915605545
Cyclist 0.0 0 -1.5536062717437744 612.9637451171875 175.52088928222656 632.9868774414062 230.0650177001953 2.1751735 1.7248622 0.633267 0.401747 1.8180678 24.019667 -1.5368820428848267 0.7377652525901794
Cyclist 0.0 0 0.25278228521347046 692.5875244140625 171.7797088623047 755.6271362304688 233.70884704589844 1.6087134 1.6460817 0.59533703 3.076836 1.6178851 19.76767 0.4071931838989258 0.13536587357521057
Car 0.0 0 3.4941844940185547 258.09039306640625 194.46852111816406 418.689208984375 256.517333984375 3.5382762 1.4791597 1.5794543 -6.9450297 2.0593703 18.554363 3.136021375656128 0.9410070180892944
Car 0.0 0 3.8573827743530273 0.0 215.82188415527344 96.6996841430664 375.0 3.7431512 1.5250199 1.6481247 -7.2112823 1.9769714 6.5414906 3.0233206748962402 0.5862426161766052
Car 0.0 0 0.6798038482666016 976.2889404296875 0.0 1242.0 375.0 4.0491476 1.7998775 1.7131656 4.1228557 1.0183126 4.1870365 1.4574787616729736 0.13257791101932526
Car 0.0 0 -1.9198756217956543 659.990478515625 172.6308135986328 701.6693115234375 196.5178985595703 4.027019 1.6231077 1.6581093 4.9456587 1.6083003 51.182022 -1.8235458135604858 0.12868031859397888
