Pedestrian 0.0 0 -2.5506982803344727 999.0525512695312 105.80435943603516 1078.9547119140625 226.98202514648438 0.9106805 1.7959213 0.55953234 6.605129 0.80256575 11.222435 -2.0187296867370605 0.34987974166870117
Car 0.0 0 -1.5560710430145264 588.1680908203125 176.17015075683594 636.9259033203125 221.71116638183594 3.6898632 1.5608556 1.6905453 0.07558802 1.6932071 26.857239 -1.553256630897522 0.9323263168334961
Car 0.0 0 -1.0565683841705322 732.5897827148438 172.86346435546875 898.5343627929688 249.43069458007812 4.204184 1.4502307 1.6074286 4.5295362 1.4508215 15.709998 -0.7758595943450928 0.8917142152786255
Car 0.0 0 1.7994754314422607 401.0979309082031 182.88385009765625 465.5879821777344 223.3585662841797 3.9069073 1.4908317 1.7184668 -7.179488 1.9286869 29.508423 1.56080961227417 0.8869178295135498
Car 0.0 0 1.9058752059936523 393.1972961425781 175.56736755371094 445.35833740234375 204.15626525878906 4.3175955 1.5901142 1.6610664 -11.263375 1.759644 42.766632 1.6483547687530518 0.8335214257240295
Car 0.0 0 -0.842221736907959 677.1817626953125 176.76084899902344 802.4027099609375 225.63462829589844 3.9758549 1.3761473 1.5954411 4.0469184 1.508185 22.463312 -0.6639769077301025 0.5439890623092651
Car 0.0 0 1.812383770942688 374.98956298828125 176.18844604492188 410.0739440917969 199.35739135742188 3.6027555 1.5574821 1.5528203 -15.316522 1.8014274 50.868744 1.5199191570281982 0.5400933027267456
Car 0.0 0 -0.8489534854888916 643.624755859375 174.59014892578125 708.3491821289062 200.28968811035156 4.106041 1.4902885 1.6370181 4.0384107 1.6016265 44.114914 -0.7576649188995361 0.45758163928985596
Car 0.0 0 -1.5734810829162598 1085.8621826171875 164.61105346679688 1242.0 375.0 3.7188408 1.4512626 1.6189066 4.510476 1.416916 4.956872 -0.8351991772651672 0.4235633611679077
Car 0.0 0 -0.9548546671867371 679.2329711914062 175.5054473876953 778.9136352539062 219.18722534179688 3.9065118 1.4621463 1.6358775 4.3615713 1.566565 26.35133 -0.790825605392456 0.3740408718585968
