Pedestrian 0.0 0 1.2249581813812256 951.232666015625 169.150146484375 1005.0219116210938 269.8335266113281 0.7048899 1.7606828 0.6618601 6.5701385 1.6962702 13.005107 1.6927546262741089 0.25922828912734985
Pedestrian 0.0 0 1.3843121528625488 793.17919921875 176.1392822265625 817.19921875 215.92190551757812 1.7410333 1.6855978 0.701685 8.496773 1.833974 31.611393 1.6468943357467651 0.10059868544340134
Cyclist 0.0 0 1.3580893278121948 792.65869140625 175.39320373535156 816.854736328125 216.2906036376953 1.7359115 1.7374269 0.66963375 8.486491 1.8522606 31.643139 1.6201168298721313 0.530657172203064
Cyclist 0.0 0 -1.704842209815979 811.4866943359375 170.38807678222656 835.1834716796875 219.89697265625 1.8660426 1.85584 0.63418794 8.225046 1.7637631 28.014277 -1.4192655086517334 0.29981324076652527
Car 0.0 0 1.511161208152771 711.2802734375 176.02601623535156 753.2382202148438 214.11058044433594 3.9672544 1.6431664 1.6756681 5.582958 1.8000101 33.532154 1.6761435270309448 0.8974003791809082
Car 0.0 0 1.7045331001281738 525.8736572265625 175.38052368164062 594.1314697265625 227.8306427001953 4.1811333 1.5479528 1.6829671 -1.587686 1.6385988 23.640228 1.637473464012146 0.8767321109771729
Car 0.0 0 -2.1521518230438232 895.9273681640625 175.9131622314453 1242.0 375.0 4.0311522 1.5013752 1.6533273 2.9535654 1.5267541 3.8262424 -1.4947668313980103 0.8632983565330505
Car 0.0 0 1.6160176992416382 593.1441650390625 177.54823303222656 626.7071533203125 205.58277893066406 4.157619 1.4623907 1.6971552 0.008097138 1.739749 40.459026 1.616217851638794 0.8483342528343201
Car 0.0 0 -1.7373273372650146 821.3728637695312 188.4213409423828 1005.6676635742188 350.3198547363281 3.5354812 1.6212487 1.5805377 3.6925454 1.8669688 9.478075 -1.3658287525177002 0.34117478132247925
Car 0.0 0 1.316404104232788 856.5779418945312 185.01243591308594 954.6300659179688 245.2975616455078 3.844153 1.4541072 1.5989089 8.10049 1.8290402 20.218594 1.6974668502807617 0.20253849029541016
