Car 0.0 0 -1.636634349822998 588.5059204101562 177.89569091796875 658.1817626953125 241.8303985595703 3.6819358 1.5903872 1.6789674 0.23813348 1.7445574 20.126307 -1.6248029470443726 0.938759446144104
Car 0.0 0 1.8968967199325562 375.733642578125 182.1859588623047 467.0731201171875 237.0428009033203 4.181486 1.6408498 1.7398741 -6.3110204 1.9853859 24.45973 1.6443872451782227 0.9035271406173706
Car 0.0 0 1.7487088441848755 508.3521728515625 179.42506408691406 550.7728881835938 208.05728149414062 4.327817 1.5597506 1.7474238 -4.7147417 1.9677391 42.539253 1.638326644897461 0.866830050945282
Car 0.0 0 2.324610471725464 0.0 197.7551727294922 177.912109375 375.0 4.0563536 1.5015684 1.6877297 -6.501909 1.8234869 7.267031 1.5947239398956299 0.8161986470222473
Car 0.0 0 2.165950298309326 0.0 194.84378051757812 206.91392517089844 281.52783203125 4.037298 1.4548558 1.6409372 -10.454983 1.9790645 15.160444 1.562223196029663 0.7860625982284546
Car 0.0 0 1.9599952697753906 343.38922119140625 183.59706115722656 412.4267578125 220.73223876953125 3.7203457 1.4575152 1.5582905 -10.037213 1.9530885 31.341446 1.6500622034072876 0.777358889579773
Car 0.0 0 -0.9566036462783813 745.4669799804688 179.43856811523438 906.2842407226562 256.82080078125 3.5181348 1.433191 1.526449 4.5923867 1.5889039 15.33445 -0.6656224727630615 0.7038967609405518
Car 0.0 0 1.949629306793213 454.8484191894531 180.90928649902344 504.7923583984375 207.7546844482422 4.085159 1.5136781 1.6104544 -7.933582 2.0309978 44.140987 1.7717952728271484 0.6975383162498474
Car 0.0 0 2.013843536376953 188.351318359375 179.31773376464844 305.84674072265625 248.31114196777344 3.8665004 1.7995813 1.5574846 -10.517119 2.006698 21.129854 1.5520075559616089 0.6162480115890503
Car 0.0 0 -1.139535903930664 698.1227416992188 178.0452117919922 798.293701171875 231.511474609375 3.59088 1.4421942 1.6131486 4.191503 1.613037 21.763922 -0.9492759108543396 0.594485878944397
