Pedestrian 0.0 0 1.320245623588562 685.4911499023438 136.79396057128906 712.6390991210938 196.68124389648438 0.8842846 1.8572611 0.6526018 2.7681391 0.7393032 22.854734 1.4407774209976196 0.50461745262146
Pedestrian 0.0 0 -1.8495582342147827 396.129150390625 175.01046752929688 428.9313049316406 235.21307373046875 0.59821 1.7589579 0.8123042 -5.9541326 1.8252127 21.578993 -2.1187820434570312 0.4153551757335663
Pedestrian 0.0 0 1.3866519927978516 775.5270385742188 118.83424377441406 817.1114501953125 222.96792602539062 0.79105353 1.6907364 0.5371193 3.0671458 0.8140181 12.124096 1.6344327926635742 0.2603774964809418
Car 0.0 0 -1.3363850116729736 350.4249267578125 192.4622039794922 463.8409729003906 271.02337646484375 3.5633593 1.4130423 1.5747516 -4.3190045 1.8888518 15.685168 -1.6050821542739868 0.9645630121231079
Car 0.0 0 -1.7117300033569336 671.203125 178.75086975097656 745.5860595703125 237.71319580078125 3.2254362 1.4482609 1.550128 2.5517356 1.6226209 19.666237 -1.5826988220214844 0.9622025489807129
Car 0.0 0 -1.8934457302093506 735.9336547851562 180.21815490722656 953.905517578125 329.9358215332031 3.500999 1.5554262 1.6015673 2.7633634 1.6704062 9.448171 -1.6089059114456177 0.9477587342262268
Car 0.0 0 -1.640744924545288 644.9127807617188 178.36648559570312 681.4177856445312 210.31973266601562 3.5231388 1.4622064 1.5330515 2.5247457 1.7463975 35.386086 -1.5695171356201172 0.8798905611038208
Car 0.0 0 1.7048341035842896 495.5987854003906 181.52197265625 534.2385864257812 213.50839233398438 3.7015314 1.5959994 1.5838312 -5.1074224 2.085453 38.857098 1.5741420984268188 0.8462406992912292
Car 0.0 0 -1.3845138549804688 438.91534423828125 180.96490478515625 512.5142822265625 239.18008422851562 4.3414564 1.7900664 1.722106 -4.580804 2.095536 24.964787 -1.5659857988357544 0.8408218622207642
Car 0.0 0 1.7096880674362183 522.4751586914062 182.35816955566406 550.9282836914062 203.73812866210938 3.9719832 1.5054702 1.6097902 -5.535955 2.2517455 54.61086 1.6086622476577759 0.3465460240840912
