Car 0.0 0 -1.931547999382019 681.6764526367188 198.3647003173828 899.8587646484375 334.3468933105469 3.896567 1.392288 1.6275065 2.2284439 1.8256406 10.198219 -1.7164164781570435 0.9548561573028564
Car 0.0 0 -1.7079828977584839 565.242919921875 190.50439453125 628.6162719726562 238.18988037109375 4.017927 1.4294189 1.6681309 -0.58415216 2.1007292 25.309052 -1.7310595512390137 0.950870156288147
Car 0.0 0 1.9576215744018555 0.0 210.6598663330078 250.91091918945312 368.2725524902344 3.7230337 1.4744953 1.6292604 -6.3055434 2.086065 9.680343 1.3802796602249146 0.9210025072097778
Car 0.0 0 1.7821316719055176 382.3302917480469 190.82037353515625 429.84820556640625 223.446533203125 3.746991 1.5980178 1.7491826 -11.103156 2.627033 39.383408 1.5073391199111938 0.893897533416748
Car 0.0 0 -2.8948888778686523 766.6307373046875 172.90200805664062 888.54052734375 223.38510131835938 3.8480406 1.6687429 1.6466309 7.6359177 1.6709136 25.543177 -2.604403257369995 0.7572782039642334
Car 0.0 0 2.1600465774536133 0.0 228.84017944335938 118.43949127197266 375.0 4.050939 1.4753096 1.6665659 -5.2714033 2.028909 4.9666595 1.3448915481567383 0.754999041557312
Car 0.0 0 -1.68119215965271 551.9093017578125 184.6434783935547 601.354248046875 226.82916259765625 4.0375853 1.617779 1.6711997 -1.537571 2.1591482 30.981995 -1.7307794094085693 0.6752824187278748
Car 0.0 0 1.6030869483947754 1074.1136474609375 168.30897521972656 1190.700439453125 257.70050048828125 4.1650085 1.4978815 1.6487364 10.300427 1.422081 14.239145 2.229337692260742 0.6149725317955017
Car 0.0 0 -2.5475339889526367 996.4252319335938 158.63304138183594 1242.0 375.0 3.7078257 1.542235 1.6250921 3.4356203 1.5236262 2.8884654 -1.6758314371109009 0.6115080118179321
Car 0.0 0 -2.863569736480713 702.25537109375 179.3858184814453 802.72021484375 217.20077514648438 4.0395117 1.5454314 1.6238135 6.2051363 1.847567 31.692547 -2.6702239513397217 0.5493994951248169
Car 0.0 0 -1.5486704111099243 541.9175415039062 183.0060272216797 564.5205688476562 205.03562927246094 4.6773314 1.6817492 1.7621062 -4.6813254 2.5551357 59.661842 -1.62697434425354 0.5354418754577637
