Pedestrian 0.0 0 2.1267013549804688 128.73245239257812 161.748291015625 158.07919311523438 221.59988403320312 0.4676374 1.829831 0.6064912 -14.461445 1.4906565 22.296371 1.5513103008270264 0.3947550058364868
Pedestrian 0.0 0 1.557589054107666 947.7119140625 150.42532348632812 965.0650024414062 200.58963012695312 0.7130042 1.867302 0.5811343 13.0592165 1.0327811 27.30109 2.0037593841552734 0.3433297276496887
Pedestrian 0.0 0 -1.3266384601593018 122.789306640625 159.50213623046875 146.77743530273438 207.2673797607422 0.67115873 1.8534384 0.6469638 -18.75462 1.3357034 28.419226 -1.9099607467651367 0.2821042537689209
Pedestrian 0.0 0 1.615222454071045 255.2360382080078 190.0147247314453 282.77191162109375 255.8407745361328 0.8644805 1.677975 0.6261133 -9.104353 2.1469538 19.180944 1.1720547676086426 0.21355947852134705
Pedestrian 0.0 0 1.482256293296814 753.781005859375 155.83457946777344 773.6766357421875 201.80377197265625 0.8798892 1.8355248 0.71305394 6.1918783 1.1563065 29.28726 1.690606951713562 0.19787947833538055
Pedestrian 0.0 0 3.756943941116333 11.777027130126953 175.3203125 33.51597595214844 207.79318237304688 0.8032552 1.808338 0.5035528 -33.00053 1.9480889 40.498962 3.073214292526245 0.18065132200717926
Pedestrian 0.0 0 1.983815312385559 313.2501220703125 147.7764129638672 346.88800048828125 209.48338317871094 0.9037917 1.8431472 0.6501703 -8.577945 1.0944537 22.014101 1.6122571229934692 0.17681348323822021
Pedestrian 0.0 0 -3.459078311920166 934.7508544921875 150.84823608398438 981.8789672851562 220.9671630859375 0.9406547 1.7572063 0.60915124 8.84362 1.2060919 18.44209 -3.011936664581299 0.1662464290857315
Pedestrian 0.0 0 2.235774278640747 23.970523834228516 124.71929931640625 101.56114959716797 245.63352966308594 0.81006634 1.842109 0.6073545 -8.678806 1.1091422 11.399084 1.5850423574447632 0.16569313406944275
Pedestrian 0.0 0 -0.06953570246696472 847.4214477539062 179.1315155029297 917.4153442382812 247.0037841796875 1.6349534 1.6787302 0.6253147 6.9015365 1.8444669 18.473896 0.2879922389984131 0.10433243960142136
Cyclist 0.0 0 -1.089728593826294 58.64801025390625 179.50469970703125 139.27590942382812 276.5150146484375 1.8692118 1.8143712 0.5259535 -10.329475 1.9580567 14.585432 -1.7059400081634521 0.6586516499519348
Cyclist 0.0 0 -0.06953570246696472 847.4214477539062 179.1315155029297 917.4153442382812 247.0037841796875 1.6349534 1.6787302 0.6253147 6.9015365 1.8444669 18.473896 0.2879922389984131 0.18779999017715454
Cyclist 0.0 0 3.676708698272705 75.8205337524414 191.00616455078125 168.7001190185547 263.2478332519531 1.808129 1.7173967 0.6574435 -12.0080185 2.173374 17.725227 3.081275463104248 0.1834101527929306
Cyclist 0.0 0 1.6031928062438965 255.70816040039062 189.88343811035156 281.5278625488281 254.91781616210938 0.8222143 1.6588212 0.5953625 -9.104303 2.12308 19.156902 1.159541130065918 0.10281112045049667
Cyclist 0.0 0 -1.3359286785125732 121.73661041259766 159.5081024169922 147.9697723388672 207.39889526367188 0.88638145 1.8516766 0.67671824 -18.754528 1.3360211 28.427254 -1.919118881225586 0.10008866339921951
Car 0.0 0 1.7395509481430054 545.0292358398438 183.5082550048828 576.008544921875 205.60069274902344 3.7064435 1.4957714 1.6572403 -3.5996318 2.3018281 52.634647 1.6712682247161865 0.550528883934021
Car 0.0 0 -1.1502950191497803 917.5524291992188 141.4793701171875 1242.0 375.0 4.0795703 1.5746874 1.8536228 3.8448262 1.4805481 3.7428355 -0.35145601630210876 0.27389663457870483
Car 0.0 0 -1.7110354900360107 475.5044250488281 176.6724090576172 505.6428527832031 199.7509307861328 3.7796159 1.5997835 1.6557779 -8.790475 1.8901317 52.74365 -1.876181721687317 0.25906991958618164
Car 0.0 0 1.7947144508361816 432.185302734375 194.5442352294922 482.3825988769531 228.64923095703125 3.6900063 1.4182884 1.5487206 -7.219108 2.5033247 34.22252 1.5868163108825684 0.17232583463191986
