Pedestrian 0.0 0 1.1899690628051758 846.811279296875 137.7571258544922 893.5394287109375 219.48574829101562 0.97607976 1.8367043 0.703259 5.962664 1.048323 16.713612 1.5326489210128784 0.20439764857292175
Pedestrian 0.0 0 0.9781731963157654 129.1952667236328 173.05401611328125 177.24066162109375 253.23793029785156 0.72942805 1.761862 0.61277884 -10.353682 1.7668521 16.2803 0.4117286205291748 0.19998125731945038
Pedestrian 0.0 0 -0.7133502960205078 813.2860717773438 165.1002197265625 841.8294677734375 224.71490478515625 0.62580293 1.8892673 0.62378097 6.970422 1.6438979 23.276478 -0.42238709330558777 0.16908018290996552
Pedestrian 0.0 0 -1.8013203144073486 778.7138671875 161.26422119140625 802.86572265625 212.65090942382812 1.0008984 1.8276486 0.6356073 6.504191 1.415798 26.16446 -1.5576703548431396 0.15474390983581543
Pedestrian 0.0 0 1.4791066646575928 93.30101776123047 171.72434997558594 132.23658752441406 226.87477111816406 0.96279174 1.837231 1.0138061 -17.088821 1.7999569 24.728374 0.8744051456451416 0.13195762038230896
Pedestrian 0.0 0 -1.3823939561843872 383.918701171875 175.141845703125 402.23095703125 213.28195190429688 1.151044 2.0075889 0.73861825 -11.652505 2.1324794 38.661137 -1.675135612487793 0.11311513185501099
Pedestrian 0.0 0 3.3011772632598877 361.8512268066406 155.26556396484375 394.2189636230469 213.41094970703125 0.9283844 1.8477077 0.48261788 -7.509374 1.2891515 23.235071 2.988582134246826 0.10878049582242966
Cyclist 0.0 0 -1.6011019945144653 728.283203125 157.55062866210938 739.60546875 188.94483947753906 1.986453 1.8005577 0.5928177 7.242634 0.92321867 42.404438 -1.431935429573059 0.1651402860879898
Cyclist 0.0 0 -1.6992887258529663 920.9212646484375 143.7410125732422 959.9660034179688 214.73875427246094 1.9108326 1.7371066 0.6719283 8.472595 1.0251552 18.663103 -1.2731335163116455 0.12636786699295044
Car 0.0 0 1.7414462566375732 491.4391174316406 179.92906188964844 552.0897827148438 220.6501007080078 3.7687993 1.416724 1.693511 -3.352541 1.7075287 27.693474 1.6209735870361328 0.9269035458564758
Car 0.0 0 -1.6235164403915405 811.7545166015625 186.34130859375 1005.09228515625 358.7173767089844 3.431077 1.5436162 1.7455279 3.349668 1.7414193 8.658153 -1.254371166229248 0.25806722044944763
