Car 0.0 0 -1.2620518207550049 244.2966766357422 203.72891235351562 495.2792663574219 375.0 3.7434206 1.3706965 1.5887991 -2.4937384 1.8067244 8.294038 -1.5541198253631592 0.9513643980026245
Car 0.0 0 -1.5902169942855835 568.61572265625 189.30271911621094 628.1629028320312 238.78663635253906 3.3980277 1.3381872 1.7083672 -0.44565964 1.8885396 22.391958 -1.6101170778274536 0.9471308588981628
Car 0.0 0 -1.888574481010437 732.3314819335938 195.75828552246094 990.6309814453125 364.883544921875 3.98753 1.4213669 1.6095495 2.5975566 1.7593489 8.619865 -1.595883846282959 0.9459586143493652
Car 0.0 0 -1.4293763637542725 400.4413757324219 189.53628540039062 515.8506469726562 285.82244873046875 3.652842 1.4805331 1.6110499 -2.7670517 1.8389024 13.611012 -1.6299382448196411 0.9120532274246216
Car 0.0 0 -2.204181671142578 845.6776123046875 186.40972900390625 1242.0 375.0 3.8043976 1.4707993 1.6243136 2.681069 1.579841 3.8593726 -1.5970280170440674 0.8951799869537354
Car 0.0 0 -1.7837272882461548 692.5833129882812 185.1217041015625 802.47021484375 273.22186279296875 3.248262 1.539996 1.5163044 2.6337428 1.8187253 14.719656 -1.6066739559173584 0.8777816295623779
Car 0.0 0 1.3416635990142822 85.21489715576172 188.47042846679688 270.9017333984375 315.129150390625 3.3232973 1.4477448 1.5543824 -6.363041 1.7106718 10.399955 0.792588472366333 0.8735417127609253
Car 0.0 0 -1.6724143028259277 631.0845336914062 188.17813110351562 674.2631225585938 223.8594207763672 3.4964786 1.4545429 1.5973468 1.8445479 2.1878254 32.724434 -1.6161078214645386 0.8302343487739563
Car 0.0 0 2.1752076148986816 47.3441276550293 188.61453247070312 179.16209411621094 240.157470703125 3.7165952 1.4044315 1.5701444 -15.478065 1.9404616 22.65874 1.5759179592132568 0.7845344543457031
Car 0.0 0 -1.3928309679031372 442.3709411621094 190.82017517089844 529.55078125 257.9085693359375 3.5418975 1.4536594 1.5773462 -3.099534 1.9556448 18.363735 -1.5600405931472778 0.7572839260101318
Car 0.0 0 -1.4912257194519043 530.7692260742188 187.26226806640625 565.074951171875 215.05018615722656 3.9651396 1.441593 1.656299 -3.556087 2.309961 41.47801 -1.5767508745193481 0.7202088236808777
Car 0.0 0 1.0851298570632935 336.20306396484375 188.2689208984375 444.6049499511719 246.6981964111328 3.3574212 1.4212443 1.4938048 -6.2358894 1.8891728 20.168093 0.7852580547332764 0.6440662741661072
