Pedestrian 0.0 0 1.914294719696045 246.40220642089844 168.36001586914062 292.87786865234375 236.63624572753906 1.011262 1.7801998 0.8375358 -9.161668 1.663384 19.354662 1.4721876382827759 0.2111836075782776
Cyclist 0.0 0 3.4642364978790283 105.5141830444336 155.04434204101562 235.68618774414062 265.85333251953125 1.7530357 1.7729794 0.60737294 -7.3380356 1.488377 12.033633 2.916646718978882 0.21575772762298584
Cyclist 0.0 0 -0.8523591756820679 470.5881652832031 193.42822265625 494.66949462890625 225.38839721679688 1.3989009 1.7274508 0.5549929 -7.2115355 2.9094245 40.69429 -1.0277507305145264 0.17270797491073608
Cyclist 0.0 0 -1.1934305429458618 247.28463745117188 164.0637969970703 296.50115966796875 234.22335815429688 1.004131 1.8414829 0.89689416 -9.152102 1.6111239 19.464455 -1.6329517364501953 0.10301058739423752
Car 0.0 0 1.690479040145874 492.22149658203125 182.0872039794922 552.0653686523438 225.80282592773438 4.37108 1.4751786 1.7468395 -3.2957268 1.8548647 27.45448 1.5710073709487915 0.9008419513702393
Car 0.0 0 2.0878164768218994 0.0 209.12646484375 290.98895263671875 375.0 3.743516 1.4313649 1.6007473 -3.6220076 1.7735579 4.83991 1.4453641176223755 0.8212881088256836
Car 0.0 0 2.941880464553833 668.9481811523438 182.5655059814453 776.3101196289062 218.51527404785156 4.233528 1.4498483 1.7363364 4.677093 1.8749903 30.58882 3.0936074256896973 0.48453158140182495
Car 0.0 0 1.906949520111084 229.8055877685547 173.6543731689453 450.7066345214844 326.62744140625 4.205504 1.81783 1.704209 -3.731452 1.8323892 10.696724 1.571307897567749 0.4643946588039398
Car 0.0 0 1.179389238357544 919.5306396484375 121.67252349853516 1107.1363525390625 223.068359375 3.8491588 1.6083252 1.6540316 7.203043 0.7968504 13.440063 1.671372413635254 0.20461824536323547
Car 0.0 0 1.1609580516815186 834.6461791992188 0.0 1242.0 375.0 4.0979114 1.741138 1.6966333 1.7986897 1.0538553 2.5040395 1.7838706970214844 0.13128899037837982
Car 0.0 0 -1.3725041151046753 655.7586059570312 164.82179260253906 683.4906005859375 185.3390655517578 4.0507417 1.7438728 1.6686052 5.2596283 1.0615294 63.501926 -1.2898664474487305 0.1287214607000351
