Pedestrian 0.0 0 2.489237070083618 0.0 165.8015899658203 41.84181213378906 236.5636444091797 0.93886274 1.877823 0.9427878 -16.409616 1.6910301 19.707253 1.794891119003296 0.506481945514679
Cyclist 0.0 0 0.42087823152542114 25.56719207763672 175.41297912597656 83.47693634033203 218.63037109375 1.848474 1.7945979 0.6258551 -23.534292 1.9051248 30.540709 -0.2356693297624588 0.9216350317001343
Car 0.0 0 -1.597182273864746 592.6836547851562 175.97108459472656 638.4760131835938 219.55084228515625 3.7315304 1.6462417 1.7488962 0.12959218 1.7817961 29.407738 -1.592775583267212 0.9365809559822083
Car 0.0 0 -1.1290040016174316 810.0406494140625 176.6941680908203 1111.02734375 329.869384765625 4.274233 1.449615 1.6441538 4.409824 1.5078104 8.894495 -0.6687281131744385 0.7805355787277222
Car 0.0 0 1.7026376724243164 490.3503723144531 178.46188354492188 522.7923583984375 203.47886657714844 3.7803228 1.4995087 1.5653683 -6.582632 1.8721194 45.99509 1.5604870319366455 0.7325484156608582
Car 0.0 0 -1.372931957244873 1038.2147216796875 162.8943328857422 1242.0 375.0 3.7468822 1.4644452 1.6127911 4.789882 1.4161675 5.2826605 -0.6364176869392395 0.6808008551597595
Car 0.0 0 1.822159767150879 473.1670227050781 174.75672912597656 504.63311767578125 193.0381622314453 4.1878953 1.5672868 1.788531 -10.797187 1.74336 64.46821 1.6562191247940063 0.6601609587669373
Car 0.0 0 -1.0001578330993652 738.1857299804688 168.03353881835938 956.6451416015625 276.6791076660156 3.9194694 1.569566 1.6847372 4.0856833 1.5002842 12.307986 -0.6796493530273438 0.6428014636039734
Car 0.0 0 -1.0925815105438232 732.8497314453125 172.7125244140625 884.9785766601562 250.0354766845703 3.8931174 1.4876809 1.6050366 4.412945 1.4853169 15.851017 -0.8210557699203491 0.618448793888092
Car 0.0 0 -0.8875914216041565 688.6561279296875 174.21917724609375 794.6195678710938 218.78953552246094 4.071917 1.5133365 1.6337799 4.8537374 1.567627 26.558699 -0.706831157207489 0.5902622938156128
Car 0.0 0 -1.087704062461853 708.2589721679688 167.04183959960938 835.8233642578125 237.3556365966797 4.0402336 1.6913165 1.6608175 4.4042134 1.5518698 19.428997 -0.864788830280304 0.5708023905754089
Car 0.0 0 -0.7904337644577026 661.521484375 174.31105041503906 741.4785766601562 205.18788146972656 4.164708 1.5085202 1.6593298 4.737077 1.5882565 37.368633 -0.6643401980400085 0.4912910461425781
