Pedestrian 0.0 0 1.1500263214111328 773.1801147460938 148.91371154785156 843.0338134765625 279.5586242675781 0.9050875 1.7748903 0.6439851 2.7553902 1.4500047 10.297673 1.411475658416748 0.8809394240379333
Pedestrian 0.0 0 1.2082046270370483 840.7075805664062 139.95538330078125 911.7142333984375 267.8213195800781 0.86461735 1.7273942 0.67334867 3.6831203 1.2833109 10.182287 1.5552805662155151 0.6310704946517944
Pedestrian 0.0 0 -1.3928090333938599 183.81011962890625 167.86204528808594 333.13519287109375 375.0 0.76275855 1.5446209 0.9170904 -2.719794 1.5098383 5.568489 -1.8471544981002808 0.5446971654891968
Pedestrian 0.0 0 2.6909615993499756 664.22021484375 174.39964294433594 691.5548095703125 217.89259338378906 0.8184334 1.8095016 0.9605199 2.8372843 1.8767978 30.6519 2.7832632064819336 0.35358136892318726
Pedestrian 0.0 0 -0.5383820533752441 729.582275390625 170.61001586914062 756.8853759765625 216.45147705078125 0.87538004 1.7176896 0.5250776 5.021136 1.6339653 27.432482 -0.35734981298446655 0.2710506319999695
Pedestrian 0.0 0 1.7338666915893555 827.530029296875 175.61550903320312 846.3892822265625 215.4121856689453 0.9497202 1.6681727 0.6254788 9.678587 1.788909 30.885405 2.0375447273254395 0.2037380486726761
Cyclist 0.0 0 1.6074007749557495 940.0543212890625 179.76153564453125 977.5272827148438 274.1312561035156 1.5155284 1.4949836 0.52608836 5.926876 1.6210653 12.336863 2.0552620887756348 0.8721354603767395
Cyclist 0.0 0 1.6493048667907715 973.6632080078125 162.3850860595703 1012.0552978515625 252.66539001464844 1.7121797 1.6470517 0.5305427 7.408068 1.4564172 14.026017 2.135230779647827 0.6342141032218933
Cyclist 0.0 0 -1.6619977951049805 889.4139404296875 170.6937255859375 910.0512084960938 218.1435546875 1.7598692 1.6431789 0.52525175 10.344966 1.5687271 25.902267 -1.2820221185684204 0.45600858330726624
Cyclist 0.0 0 -0.9806537628173828 923.9725341796875 177.7254180908203 997.5756225585938 257.3955078125 1.7002761 1.6710963 0.62170446 7.6965632 1.7836362 15.915127 -0.5302116274833679 0.28418245911598206
Cyclist 0.0 0 1.5459481477737427 827.5914916992188 176.7032928466797 842.4118041992188 215.7884521484375 1.0062732 1.6341214 0.5779178 9.570443 1.8020123 30.837914 1.8468700647354126 0.10583722591400146
Car 0.0 0 -0.7651060223579407 1027.6226806640625 176.5440216064453 1208.419189453125 233.85108947753906 4.0009713 1.4419713 1.5748155 13.540342 1.5470157 19.38005 -0.15527039766311646 0.29683372378349304
