Pedestrian 0.0 0 1.3470416069030762 723.5181274414062 160.0526580810547 745.1528930664062 208.7819061279297 0.78416055 1.7991645 0.6396928 4.6122212 1.3268759 27.04665 1.5159451961517334 0.679161787033081
Pedestrian 0.0 0 1.4026226997375488 715.3556518554688 168.0812530517578 731.544677734375 211.49705505371094 0.7300197 1.772592 0.5452572 4.644264 1.5780874 29.825111 1.557098627090454 0.6638954281806946
Pedestrian 0.0 0 -3.473555088043213 907.2053833007812 113.15927124023438 965.8185424804688 225.62684631347656 0.73897827 1.8167752 0.56990784 5.352231 0.85283816 11.969313 -3.053063154220581 0.2672048509120941
Pedestrian 0.0 0 2.146132707595825 406.6451110839844 166.65789794921875 442.4580383300781 216.59030151367188 0.9481342 1.8830459 0.97962326 -7.184634 1.6497374 27.812695 1.8933368921279907 0.21182921528816223
Pedestrian 0.0 0 0.20908720791339874 393.33221435546875 194.39027404785156 438.3529968261719 265.9998779296875 0.972951 1.8086634 0.94516987 -5.151511 2.3917005 19.020157 -0.055411890149116516 0.12166053801774979
Pedestrian 0.0 0 -1.7001638412475586 671.8141479492188 156.91647338867188 702.3102416992188 222.9896240234375 1.0332034 1.7554245 0.6969037 2.044956 1.332356 19.69244 -1.596690058708191 0.11961012333631516
Cyclist 0.0 0 1.141579508781433 672.8612060546875 180.32958984375 690.3208618164062 207.3311309814453 1.5298642 1.7608812 0.5777129 4.756786 2.2703764 48.32153 1.23970365524292 0.4596368074417114
Cyclist 0.0 0 -1.8754467964172363 909.4517211914062 167.74725341796875 979.1718139648438 303.8828430175781 1.5628102 1.6831701 0.3898647 4.411204 1.6203885 9.717561 -1.4493199586868286 0.2071307897567749
Cyclist 0.0 0 -1.5560513734817505 527.0830688476562 176.45480346679688 535.8768310546875 202.9214630126953 1.8763444 1.8120408 0.5877718 -5.5320725 2.0698314 50.62065 -1.664904236793518 0.13476870954036713
Car 0.0 0 1.679888367652893 482.0797119140625 193.95213317871094 548.6034545898438 250.27171325683594 4.116575 1.5146611 1.6614544 -2.971843 2.2491508 23.030024 1.5515553951263428 0.9403348565101624
Car 0.0 0 1.6835254430770874 567.1251220703125 176.28453063964844 588.8638305664062 192.7431640625 3.8187215 1.4922707 1.6352504 -3.0154538 1.8261985 68.19589 1.6393367052078247 0.17765523493289948
Car 0.0 0 1.333063006401062 625.2260131835938 181.76821899414062 668.7779541015625 209.76226806640625 4.1827 1.5245935 1.6375722 2.109496 2.082354 42.906986 1.382187843322754 0.16104751825332642
Car 0.0 0 1.3124897480010986 677.4359130859375 179.23927307128906 722.2342529296875 207.7887725830078 3.7907314 1.5000644 1.5880456 4.9881363 1.8789291 40.782833 1.4341949224472046 0.12397363781929016
