Pedestrian 0.0 0 -1.0678367614746094 0.0 97.92671203613281 160.6731414794922 376.0 1.0940423 1.6008763 0.6418286 -3.4127479 1.1354163 4.4284506 -1.7244181632995605 0.37533068656921387
Cyclist 0.0 0 -1.1719162464141846 0.0 33.56741714477539 135.375732421875 376.0 1.5552485 1.6827456 0.5273606 -3.368739 0.9783945 4.1606817 -1.8525198698043823 0.5030817985534668
Car 0.0 0 -1.396545648574829 448.6022033691406 182.17446899414062 510.107666015625 225.1029510498047 3.5934944 1.4434434 1.5866045 -4.601187 1.3423153 25.964947 -1.5719325542449951 0.9330556392669678
Car 0.0 0 -1.293607473373413 327.93731689453125 190.69874572753906 464.0609436035156 272.9273376464844 4.083554 1.4308833 1.6084398 -4.2215796 1.5606548 14.819607 -1.571121335029602 0.8860893845558167
Car 0.0 0 -1.543918490409851 578.869384765625 179.11746215820312 611.9042358398438 208.68458557128906 3.6328743 1.5658631 1.7377939 -0.673617 1.2440345 39.891586 -1.5608030557632446 0.8806347846984863
Car 0.0 0 -1.2498626708984375 304.5751037597656 190.000244140625 390.77679443359375 235.3306884765625 3.7484252 1.3504692 1.5654918 -8.5052185 1.5219868 23.70371 -1.5943677425384521 0.8219922184944153
Car 0.0 0 -1.096983790397644 124.86323547363281 185.567138671875 303.9015808105469 265.8166198730469 4.208721 1.529845 1.6998748 -8.452081 1.5397561 15.836806 -1.5872254371643066 0.8107009530067444
Car 0.0 0 -1.337900996208191 399.09710693359375 179.66543579101562 451.7942810058594 212.8446502685547 3.6995323 1.5088094 1.6455204 -8.72722 1.2575454 34.547398 -1.585340142250061 0.5988949537277222
Car 0.0 0 -1.4022505283355713 481.7240295410156 182.61492919921875 526.4398193359375 213.33709716796875 3.9447985 1.4572597 1.5828907 -5.1759467 1.335028 36.086452 -1.5447107553482056 0.5787428617477417
Car 0.0 0 -0.8942152857780457 0.0 189.30474853515625 143.219970703125 327.4131164550781 3.8536768 1.4687413 1.6207749 -8.335733 1.5362275 9.709072 -1.6036527156829834 0.5231847763061523
