Car 0.0 0 -1.7665776014328003 665.2817993164062 179.38998413085938 760.0299682617188 245.59288024902344 4.2021008 1.4933426 1.6255649 2.4990852 1.6839042 18.845985 -1.6347410678863525 0.9539220333099365
Car 0.0 0 -1.9995405673980713 743.5480346679688 194.04458618164062 989.7273559570312 340.5506591796875 3.4229553 1.3804482 1.5675279 2.9119189 1.7009941 9.107051 -1.690070390701294 0.9458714723587036
Car 0.0 0 -2.5920894145965576 66.16730499267578 189.671875 351.30328369140625 292.5630798339844 3.9333115 1.5589852 1.5974588 -6.6505327 1.8624858 12.11204 -3.0942294597625732 0.917518138885498
Car 0.0 0 -2.528604507446289 0.0 195.77235412597656 288.8558654785156 315.8741760253906 3.8561888 1.4421954 1.576213 -6.68804 1.7793397 9.786259 -3.12811017036438 0.9049891829490662
Car 0.0 0 0.28553465008735657 352.3219909667969 183.65859985351562 489.1664123535156 230.3740234375 3.8793626 1.3860745 1.4986647 -5.9053426 1.7367622 22.585691 0.02979588508605957 0.8838931322097778
Car 0.0 0 0.6482952237129211 0.0 193.38775634765625 215.11740112304688 367.6736755371094 3.6764972 1.5414536 1.5688525 -6.429806 1.7804067 7.4855795 -0.06137711554765701 0.8171145915985107
Car 0.0 0 0.4195306599140167 164.9913787841797 185.0853729248047 383.22930908203125 264.8356628417969 3.6844215 1.4971756 1.5716758 -6.726128 1.7587624 14.599082 -0.01220439001917839 0.8089812397956848
Car 0.0 0 -1.6983245611190796 653.1312866210938 178.95590209960938 705.3217163085938 216.189453125 4.165253 1.3883747 1.6045481 2.73418 1.6577972 29.703661 -1.6065346002578735 0.8025916814804077
Car 0.0 0 0.4670126438140869 239.11293029785156 181.67169189453125 412.087158203125 255.4509735107422 3.48251 1.6205562 1.5048625 -6.6702967 1.839499 16.973503 0.09257006645202637 0.7165821194648743
Car 0.0 0 0.22814340889453888 383.2926330566406 172.1957550048828 481.36236572265625 219.80892944335938 3.3705537 1.7692956 1.6157769 -6.793127 1.7451936 27.638948 -0.01286045741289854 0.6049829721450806
