Pedestrian 0.0 0 2.3125500679016113 1143.5672607421875 96.74671936035156 1242.0 278.3311767578125 0.7593571 1.8176727 0.6614347 6.193555 1.0561917 7.6021323 2.9961981773376465 0.33859574794769287
Pedestrian 0.0 0 -1.0906305313110352 163.06326293945312 190.8805694580078 191.77589416503906 239.17984008789062 0.7957327 1.7232615 0.60512954 -15.904484 2.3953001 26.466625 -1.6317306756973267 0.3128017485141754
Pedestrian 0.0 0 -1.7766599655151367 731.1409301757812 152.44334411621094 750.0560302734375 188.785400390625 0.73211706 1.8928279 0.8463858 6.829104 0.8301242 37.955288 -1.598639726638794 0.15496470034122467
Pedestrian 0.0 0 0.27255553007125854 483.7059326171875 168.31704711914062 502.9023742675781 198.78956604003906 1.0670439 1.9008268 0.6108802 -7.366894 1.618177 45.36859 0.11158180236816406 0.14137394726276398
Pedestrian 0.0 0 -1.2728511095046997 425.09405517578125 180.88694763183594 438.36322021484375 203.5181427001953 1.1282191 1.6887356 0.6786895 -13.569822 2.3060708 54.833504 -1.5154502391815186 0.12150750309228897
Cyclist 0.0 0 -2.4412424564361572 768.4571533203125 161.4188232421875 794.3359375 186.11183166503906 1.9622376 1.8388528 0.6322745 12.958416 0.9876491 54.7056 -2.2086539268493652 0.21773023903369904
Cyclist 0.0 0 1.3506286144256592 1222.7481689453125 160.61769104003906 1242.0 192.25662231445312 1.7204584 1.7410232 0.6182408 35.085136 1.0680428 40.60611 2.0632150173187256 0.13241852819919586
Car 0.0 0 3.5030665397644043 197.21275329589844 185.24659729003906 385.30755615234375 244.6312713623047 4.1868353 1.4431915 1.6350292 -8.252533 1.7830782 18.84185 3.090245246887207 0.9186040759086609
Car 0.0 0 0.167586088180542 512.3360595703125 179.0066680908203 559.649658203125 195.81031799316406 4.017106 1.4697161 1.5523994 -6.6331587 2.0293143 64.67498 0.06538200378417969 0.656895101070404
Car 0.0 0 -1.2877471446990967 380.0249328613281 180.66659545898438 418.6028747558594 203.71864318847656 3.6615777 1.459935 1.542848 -14.221507 2.0081797 48.766426 -1.5715028047561646 0.1816905438899994
Car 0.0 0 1.4215266704559326 808.17431640625 180.8755340576172 838.963134765625 203.14695739746094 3.7361085 1.5264386 1.6174172 15.566776 2.135886 52.82385 1.7081068754196167 0.1438637226819992
