Pedestrian 0.0 0 1.0559048652648926 769.9146728515625 170.96365356445312 808.4207763671875 242.03970336914062 0.8061657 1.7372326 0.61970997 4.43949 1.6913869 18.104961 1.2963688373565674 0.5946297645568848
Pedestrian 0.0 0 -0.7715683579444885 994.3530883789062 141.20919799804688 1109.2462158203125 283.4137268066406 1.2218866 1.7376174 0.54233927 5.580114 1.3513027 9.215594 -0.227108895778656 0.19324804842472076
Pedestrian 0.0 0 -1.2537254095077515 465.65679931640625 167.27699279785156 491.8351745605469 219.26084899902344 0.8503272 2.1765919 0.8750892 -5.6176357 1.9434378 30.688997 -1.4347715377807617 0.17858600616455078
Pedestrian 0.0 0 -1.8440710306167603 670.834228515625 192.77833557128906 734.6434936523438 308.778076171875 0.9684294 1.7880552 0.80281836 1.451509 2.1304257 11.843674 -1.7221235036849976 0.17673473060131073
Pedestrian 0.0 0 2.9523932933807373 684.8280639648438 167.5993194580078 702.1607055664062 202.69512939453125 0.7878904 1.8851264 0.8543983 4.496841 1.6032354 39.20924 3.066582679748535 0.1743345409631729
Pedestrian 0.0 0 -2.6034789085388184 717.4771728515625 114.43883514404297 787.16357421875 235.24398803710938 0.86378527 1.7780168 0.61221343 2.1405432 0.9186171 11.132775 -2.4135231971740723 0.14641934633255005
Pedestrian 0.0 0 -3.159853935241699 955.44677734375 63.46011734008789 1156.85302734375 375.0 0.67343986 1.7254046 0.7475211 1.8551419 1.3210068 3.1578302 -2.6286959648132324 0.14273492991924286
Pedestrian 0.0 0 1.3344703912734985 748.5413208007812 166.5295867919922 781.0769653320312 229.61170959472656 0.9646352 1.7638088 0.7022096 4.37619 1.5873332 20.663656 1.5431686639785767 0.13652491569519043
Pedestrian 0.0 0 2.240915298461914 0.0 137.9634552001953 106.8960189819336 340.4675598144531 0.9171174 1.8385569 0.71660614 -5.6210227 1.5221398 7.008816 1.5649601221084595 0.12878812849521637
Pedestrian 0.0 0 0.9882512092590332 780.7183227539062 146.0152130126953 818.91552734375 216.3813934326172 0.8020216 1.8042982 0.6340161 4.938338 1.1164681 18.98036 1.2427892684936523 0.12018489837646484
Cyclist 0.0 0 -2.0868988037109375 707.9359741210938 114.49032592773438 794.510986328125 239.01417541503906 1.6424565 1.7881204 0.5772222 2.1043284 0.9503956 11.228736 -1.9016419649124146 0.2586442828178406
Cyclist 0.0 0 -1.332892894744873 503.1601257324219 188.3352813720703 517.9280395507812 221.73629760742188 1.540397 1.8056641 0.47390744 -5.6139474 2.6925583 40.526108 -1.4705435037612915 0.22292914986610413
Cyclist 0.0 0 1.6373556852340698 514.233642578125 187.38681030273438 524.8407592773438 214.79348754882812 1.4510481 1.7158242 0.5876669 -5.880964 2.6717346 46.697845 1.5120786428451538 0.2055370807647705
Cyclist 0.0 0 -1.9873933792114258 998.1005859375 118.66024017333984 1152.2294921875 324.4450378417969 1.8049418 1.7432946 0.5594055 4.386779 1.284553 7.042467 -1.4303028583526611 0.16113455593585968
Cyclist 0.0 0 -1.5215672254562378 1024.5010986328125 142.28610229492188 1078.1422119140625 286.0444030761719 1.2610722 1.7066171 0.5284878 5.60878 1.34409 9.233214 -0.9756827354431152 0.10688416659832001
Car 0.0 0 1.6682889461517334 524.1268920898438 186.0347137451172 563.250732421875 219.37057495117188 4.2001414 1.5916026 1.6632041 -3.4921951 2.3285973 38.216846 1.577163577079773 0.833767294883728
Car 0.0 0 -1.077520728111267 347.18682861328125 176.33285522460938 456.5320129394531 235.43502807617188 3.8443036 1.6127238 1.5577573 -6.2555137 1.7288836 21.970942 -1.3548986911773682 0.12751272320747375
Car 0.0 0 1.4891513586044312 613.033935546875 185.26629638671875 644.0914916992188 212.4709014892578 4.1260786 1.6174701 1.6797514 1.132899 2.46142 46.928192 1.5132877826690674 0.12493896484375
