Pedestrian 0.0 0 2.406614303588867 1074.3634033203125 154.65591430664062 1120.0556640625 232.1856689453125 0.6969294 1.7774353 0.5486546 11.330059 1.3605868 16.860395 2.9982950687408447 0.49639496207237244
Car 0.0 0 -0.31662511825561523 703.7525634765625 196.2836151123047 870.7560424804688 266.5303649902344 3.6640434 1.5727758 1.6233342 4.236424 2.1808145 17.751745 -0.08235858380794525 0.9323487877845764
Car 0.0 0 -0.6686322093009949 862.131591796875 188.3484649658203 1242.0 368.32830810546875 3.612005 1.4665034 1.5748768 4.4801373 1.638043 7.0055265 -0.0996633991599083 0.9233085513114929
Car 0.0 0 3.7477307319641113 0.0 193.56224060058594 256.8277282714844 306.1396179199219 4.0065174 1.5108452 1.6322857 -7.764577 1.8466814 10.8393 3.1261250972747803 0.89763343334198
Car 0.0 0 3.4413681030273438 201.09849548339844 191.46450805664062 388.4985656738281 255.1487274169922 4.1395354 1.5024229 1.6731856 -8.077893 2.0121713 18.691406 3.0334389209747314 0.8761554956436157
Car 0.0 0 0.5136144161224365 57.273651123046875 191.90834045410156 318.51849365234375 283.803466796875 3.9423594 1.57096 1.6057185 -7.7998643 1.9495552 13.496785 -0.010400615632534027 0.8419026136398315
Car 0.0 0 0.6307072043418884 0.0 176.40512084960938 163.6536407470703 334.2344970703125 3.680734 1.5923246 1.5934429 -7.552823 1.6384602 8.309967 -0.10699634999036789 0.8275719881057739
Car 0.0 0 -0.33770883083343506 678.8020629882812 197.71449279785156 827.6652221679688 256.51092529296875 3.7724526 1.4885013 1.6242541 3.919476 2.2240129 20.255077 -0.14656534790992737 0.7841949462890625
Car 0.0 0 3.283926486968994 273.9911804199219 186.19244384765625 397.7690124511719 241.11474609375 3.5961268 1.6655111 1.6121113 -8.921452 2.12444 23.626463 2.922874689102173 0.7038494944572449
Car 0.0 0 3.1163508892059326 319.85589599609375 182.15138244628906 407.0671691894531 221.53842163085938 3.599172 1.6467766 1.6354462 -11.033504 2.080218 32.21481 2.786375045776367 0.5792229771614075
