Pedestrian 0.0 0 2.890695571899414 573.95947265625 133.7086944580078 706.660400390625 332.5611877441406 1.0269881 1.667754 0.8163547 0.27608567 1.2683208 6.527661 2.932965040206909 0.8682982921600342
Pedestrian 0.0 0 2.8262577056884766 326.4950866699219 186.64694213867188 463.7001647949219 374.0 0.91016763 1.6046424 0.72179097 -1.7645004 1.6526484 5.949452 2.5379395484924316 0.7546613216400146
Pedestrian 0.0 0 2.2615671157836914 936.3228149414062 179.04042053222656 1111.6715087890625 374.0 0.778883 1.6124241 0.84020853 3.1144736 1.5970339 5.433148 2.782074213027954 0.7280149459838867
Pedestrian 0.0 0 -0.9489043354988098 357.4996643066406 169.2003936767578 390.1848449707031 221.4845733642578 0.9835314 1.7923805 0.64105093 -7.996506 1.3718027 25.189789 -1.256292700767517 0.5072328448295593
Pedestrian 0.0 0 -2.2161529064178467 1207.657470703125 150.6280975341797 1238.0 203.80923461914062 0.497066 1.7478826 0.6508155 20.663473 0.73431706 23.876686 -1.5027719736099243 0.20071518421173096
Pedestrian 0.0 0 -1.5001261234283447 1196.3565673828125 159.2041015625 1235.19091796875 235.58279418945312 0.46593958 1.8670588 0.707592 15.33577 1.3232322 17.971096 -0.7936861515045166 0.1861620545387268
Pedestrian 0.0 0 1.836275577545166 496.4622802734375 168.0127410888672 525.7572021484375 212.3433380126953 0.96569717 1.8417238 1.0132298 -3.8288102 1.2823753 30.389652 1.7109453678131104 0.15760213136672974
Pedestrian 0.0 0 -2.960359811782837 596.9443969726562 160.2603759765625 645.7786254882812 208.93885803222656 1.6830872 1.7438271 0.7197192 0.71294796 0.98400474 26.256731 -2.933213472366333 0.1542174518108368
Cyclist 0.0 0 -2.839097499847412 595.1663208007812 159.74310302734375 645.1002807617188 209.69735717773438 1.7088004 1.7929858 0.6784279 0.6668919 1.0131269 26.376488 -2.813819408416748 0.5257981419563293
Cyclist 0.0 0 -0.9113749265670776 356.7385559082031 169.7041015625 389.27557373046875 221.58160400390625 0.96170425 1.7741699 0.62826145 -8.005392 1.3718319 25.123423 -1.2198460102081299 0.10335960239171982
Car 0.0 0 -0.9324491024017334 988.76611328125 151.7106170654297 1236.0479736328125 243.83265686035156 4.0999255 1.5424087 1.6679058 9.507447 1.044927 13.45655 -0.3173544704914093 0.8376871347427368
Car 0.0 0 3.2630114555358887 169.07115173339844 160.98541259765625 311.29559326171875 219.1465606689453 4.0618234 1.8211477 1.7356337 -11.940709 1.1799004 23.986162 2.801112174987793 0.14216308295726776
