Pedestrian 0.0 0 3.4477689266204834 200.85264587402344 149.07565307617188 290.7735900878906 276.1481628417969 1.0570619 1.8375382 0.66363084 -5.5024476 1.494048 10.844446 2.9782207012176514 0.3484947979450226
Pedestrian 0.0 0 -0.18211975693702698 712.5327758789062 118.78009033203125 808.1634521484375 271.0856628417969 1.0756077 1.828456 0.5519916 1.7909716 1.1796467 8.943751 0.015514612197875977 0.3164331018924713
Pedestrian 0.0 0 -2.56160831451416 338.03680419921875 155.64398193359375 371.8588562011719 210.53009033203125 0.87878287 1.7916151 0.58999944 -8.504498 1.2301965 23.94049 -2.9029390811920166 0.2241276353597641
Pedestrian 0.0 0 -1.4654179811477661 445.0968933105469 150.94798278808594 472.0822448730469 202.46145629882812 0.96595186 1.8655021 0.88063353 -5.6271873 1.0725585 26.6525 -1.6734938621520996 0.20350539684295654
Pedestrian 0.0 0 -1.2623114585876465 321.2065124511719 147.3911895751953 349.1065979003906 202.2759552001953 0.85257214 1.8850919 0.68640864 -9.645238 1.0108954 25.224506 -1.627532720565796 0.18545615673065186
Pedestrian 0.0 0 -1.7069294452667236 642.35498046875 152.8014678955078 664.825927734375 206.3627166748047 1.6264048 1.8009055 0.56009865 1.4591446 1.1270317 25.09029 -1.6488391160964966 0.13695892691612244
Pedestrian 0.0 0 1.6068532466888428 468.6645202636719 172.7491455078125 487.5214538574219 214.66627502441406 0.96463007 1.8500671 0.79979527 -5.9528217 1.8457972 32.37854 1.4250328540802002 0.1359371542930603
Pedestrian 0.0 0 -1.8341631889343262 656.2344970703125 174.61244201660156 672.4263305664062 206.28945922851562 0.8495703 1.8192323 0.74284744 3.122871 1.9230849 41.976776 -1.7599047422409058 0.13297876715660095
Pedestrian 0.0 0 2.8669064044952393 666.221923828125 175.8670196533203 698.47900390625 210.04928588867188 1.1165092 1.401031 0.99578613 2.9846716 1.5302285 30.262768 2.9652137756347656 0.13128075003623962
Cyclist 0.0 0 -1.6485472917556763 644.1779174804688 149.57107543945312 665.3568725585938 203.0553436279297 1.7335925 1.7908771 0.59562665 1.4959042 1.0116253 25.02939 -1.5888524055480957 0.26000234484672546
Cyclist 0.0 0 -2.6769495010375977 400.6849060058594 159.1276397705078 458.20318603515625 211.6815948486328 1.8783472 1.8348356 0.69313896 -6.4780602 1.3559602 25.730059 -2.923593521118164 0.22988398373126984
Cyclist 0.0 0 3.4477689266204834 200.85264587402344 149.07565307617188 290.7735900878906 276.1481628417969 1.0570619 1.8375382 0.66363084 -5.5024476 1.494048 10.844446 2.9782207012176514 0.13266104459762573
Car 0.0 0 2.1851449012756348 0.0 210.6417236328125 282.14788818359375 375.0 3.5728319 1.478272 1.5418996 -3.1281204 1.7648082 3.6072044 1.470757246017456 0.8239313364028931
Car 0.0 0 1.5014318227767944 516.4053955078125 181.2566375732422 545.4597778320312 205.34786987304688 4.1484056 1.5514427 1.7180191 -5.567232 2.1618543 50.188454 1.3909568786621094 0.5538904070854187
