Car 0.0 0 3.620712995529175 16.7132511138916 186.59249877929688 328.3384704589844 293.9606628417969 3.832799 1.4945391 1.5813829 -6.6325145 1.7247119 11.16886 3.0848352909088135 0.9501980543136597
Car 0.0 0 -1.9708465337753296 797.8063354492188 178.06436157226562 1138.54736328125 375.0 3.7048676 1.5137106 1.6156 3.1246414 1.5801109 7.286421 -1.5657356977462769 0.9315938949584961
Car 0.0 0 -1.738271713256836 685.8126831054688 186.10012817382812 758.2586669921875 242.6279754638672 3.3153327 1.43522 1.5094262 3.096223 1.8476709 20.77252 -1.5903072357177734 0.9232468605041504
Car 0.0 0 -2.7195050716400146 207.8957977294922 184.73057556152344 423.7853698730469 259.6175537109375 4.0707426 1.5199502 1.6447926 -6.392384 1.7956735 15.826935 -3.103362798690796 0.8843157887458801
Car 0.0 0 -3.330996036529541 734.214111328125 187.02255249023438 846.223876953125 225.6819305419922 3.9931643 1.4201412 1.6047567 6.8988194 1.9895067 28.069847 -3.0899994373321533 0.8541702628135681
Car 0.0 0 0.4228784739971161 157.94149780273438 182.0194549560547 406.6644592285156 270.7719421386719 3.8999028 1.531997 1.6091511 -6.0129623 1.7132157 13.427117 0.001837015151977539 0.8256123661994934
Car 0.0 0 0.8652176260948181 0.0 201.23390197753906 124.97013854980469 375.0 4.0855303 1.4337448 1.5967764 -6.5591717 1.6977743 5.8553696 0.023188352584838867 0.7881684899330139
Car 0.0 0 3.1010706424713135 489.910400390625 176.59304809570312 556.0164184570312 203.5050811767578 4.41313 1.7818165 1.7888902 -6.0048122 2.0443437 49.351276 2.9799909591674805 0.7553725242614746
Car 0.0 0 0.3808078169822693 297.0035705566406 184.34109497070312 464.2184753417969 247.0852508544922 3.7436793 1.4874631 1.5588741 -5.8105974 1.7946513 18.35409 0.07420730590820312 0.7399870753288269
Car 0.0 0 0.1442057192325592 468.4818115234375 179.54989624023438 540.0921020507812 208.01425170898438 4.1592865 1.7016075 1.6878102 -6.4926114 2.1216474 44.375248 -0.0010750144720077515 0.6702633500099182
Car 0.0 0 3.2927823066711426 366.012451171875 180.472412109375 487.21026611328125 228.17098999023438 3.9509609 1.5990037 1.6534308 -6.4465714 1.8795551 25.52161 3.04536509513855 0.6434199213981628
Car 0.0 0 0.2414536327123642 339.2551574707031 174.7321319580078 475.8701477050781 232.45692443847656 3.4844592 1.5788298 1.5809317 -5.7563033 1.6350904 20.63038 -0.030646726489067078 0.5988357663154602
