Cyclist 0.0 0 -1.9289898872375488 914.97412109375 187.47811889648438 944.7435302734375 237.7397918701172 1.6656064 1.6719327 0.39279267 11.169123 2.202851 25.331884 -1.5137194395065308 0.8410748243331909
Car 0.0 0 2.108555555343628 151.1886749267578 174.6016082763672 231.20033264160156 208.63165283203125 4.088603 1.6080394 1.6197144 -21.030205 1.7014433 36.35845 1.5841600894927979 0.9444840550422668
Car 0.0 0 1.6851511001586914 497.5775146484375 179.3126678466797 537.3397216796875 211.6166534423828 3.484009 1.4592699 1.5293174 -4.485066 1.7890165 35.043537 1.557857632637024 0.9204084277153015
Car 0.0 0 -1.5703517198562622 569.7726440429688 176.9110107421875 621.3350830078125 228.77947998046875 4.5675573 1.6623336 1.6792256 -0.5643664 1.8206176 25.78308 -1.5922372341156006 0.9100043773651123
Car 0.0 0 2.4194869995117188 1093.5003662109375 198.50506591796875 1220.676025390625 237.80381774902344 4.413219 1.5694015 1.5849018 23.423569 2.706499 31.01637 3.06630802154541 0.8211225867271423
Car 0.0 0 1.9682226181030273 219.7401885986328 178.8569793701172 276.9774475097656 206.50489807128906 3.9906015 1.5264688 1.613922 -21.388826 1.8996601 42.766212 1.5044679641723633 0.8083139061927795
Car 0.0 0 1.974358320236206 277.2570495605469 180.64578247070312 325.4458312988281 204.49717712402344 3.8629918 1.4834198 1.560485 -20.528234 2.0237255 48.066277 1.570725679397583 0.6357307434082031
Car 0.0 0 1.9618111848831177 48.82022476196289 180.89292907714844 138.0314178466797 221.06192016601562 4.033889 1.49392 1.5769814 -21.269407 1.8505633 29.832731 1.3424431085586548 0.49399349093437195
Car 0.0 0 -2.366126775741577 1170.439453125 199.93763732910156 1242.0 235.79660034179688 3.50817 1.386533 1.5708171 27.42579 2.673939 32.465637 -1.6646804809570312 0.3638665974140167
Car 0.0 0 1.637829303741455 540.8516845703125 179.4039764404297 564.5869140625 199.248779296875 3.871036 1.495198 1.634902 -4.5648375 2.0360346 57.59056 1.5587310791015625 0.3579428493976593
