Pedestrian 0.0 0 2.38413143157959 159.5024871826172 156.02818298339844 234.1398162841797 261.8365783691406 0.9571327 1.8473382 0.70782954 -7.567867 1.5539293 13.154825 1.8620777130126953 0.1866898089647293
Pedestrian 0.0 0 1.6807355880737305 427.4595947265625 161.77561950683594 452.46258544921875 218.66848754882812 1.5437347 1.7972628 0.6332334 -5.5927405 1.4476514 23.595684 1.448006510734558 0.18153153359889984
Pedestrian 0.0 0 1.8115994930267334 460.36798095703125 185.00439453125 483.799072265625 230.11505126953125 0.8678364 1.7610184 0.73619586 -5.552382 2.2550251 28.859995 1.62153160572052 0.1654430627822876
Pedestrian 0.0 0 -3.7575221061706543 1140.061767578125 139.39756774902344 1242.0 271.3024597167969 1.1798708 1.8322934 0.74065286 8.474366 1.3679073 10.428823 -3.075150966644287 0.1553257703781128
Cyclist 0.0 0 1.656668782234192 428.8973388671875 162.5520782470703 452.97186279296875 220.906494140625 1.7298385 1.8413408 0.6259896 -5.5762773 1.5166277 23.666136 1.4252668619155884 0.23769515752792358
Cyclist 0.0 0 -1.8329088687896729 817.5381469726562 119.4266357421875 858.43017578125 192.5104217529297 1.6470017 1.716981 0.5467231 5.5469575 0.46215263 17.782408 -1.5305386781692505 0.17285515367984772
Cyclist 0.0 0 -3.7575221061706543 1140.061767578125 139.39756774902344 1242.0 271.3024597167969 1.1798708 1.8322934 0.74065286 8.474366 1.3679073 10.428823 -3.075150966644287 0.12213630974292755
Car 0.0 0 1.6715106964111328 500.12823486328125 172.90328979492188 554.869873046875 221.73976135253906 4.5561347 1.9608676 1.9046952 -3.528733 1.9635174 31.26188 1.5591099262237549 0.916138231754303
Car 0.0 0 1.5715643167495728 547.4669189453125 179.41983032226562 570.537353515625 201.5801239013672 4.2097893 1.6035022 1.7080067 -3.9587958 2.1299076 55.646572 1.500542163848877 0.3872710168361664
Car 0.0 0 -0.6047061681747437 1121.8525390625 135.2609405517578 1242.0 258.80743408203125 3.7683377 1.6470518 1.6431563 10.062758 1.1462402 10.709547 0.1495649814605713 0.2413529008626938
Car 0.0 0 -1.7383112907409668 767.9430541992188 154.5453338623047 852.8052368164062 215.67315673828125 3.8145006 1.4651049 1.538915 5.1861115 1.0266428 19.262907 -1.475319266319275 0.22303113341331482
Car 0.0 0 1.4769724607467651 627.6185913085938 181.4612274169922 662.89404296875 211.0725555419922 3.655079 1.496001 1.5791844 1.8456124 1.9885623 39.3957 1.5237863063812256 0.2180849015712738
Car 0.0 0 1.4186193943023682 614.8623657226562 178.53347778320312 642.2247314453125 198.55723571777344 4.0184517 1.5725149 1.6771415 1.4818408 2.061323 59.95191 1.4433314800262451 0.17840048670768738
