Pedestrian 0.0 0 1.757501482963562 1163.5826416015625 151.8914031982422 1182.453125 195.02804565429688 0.5654729 1.9793913 0.5968187 26.115644 1.0178486 33.516937 2.4194161891937256 0.37931495904922485
Pedestrian 0.0 0 0.46424633264541626 586.5241088867188 123.16459655761719 655.174560546875 260.0133361816406 0.79272836 1.7657974 0.47987053 0.09355093 1.124999 9.701831 0.473888635635376 0.3401276767253876
Cyclist 0.0 0 -1.839216947555542 207.7775421142578 165.60507202148438 230.89593505859375 211.8310546875 1.577006 2.1371055 0.56140006 -18.519121 1.8023337 34.118137 -2.3365108966827393 0.2621121108531952
Cyclist 0.0 0 -1.7781587839126587 230.60630798339844 166.03860473632812 256.48760986328125 211.84942626953125 1.8620833 1.9806141 0.65541697 -16.36558 1.6863114 32.12317 -2.2493484020233154 0.2613089978694916
Car 0.0 0 -0.6282361149787903 385.82745361328125 185.07679748535156 614.0886840820312 282.6709899902344 3.8169765 1.4200598 1.5919598 -1.8951085 1.6708366 12.876459 -0.7743632793426514 0.8988896608352661
Car 0.0 0 -0.5601810812950134 297.9156799316406 173.4043426513672 535.6212158203125 280.4505310058594 4.4472237 1.8677274 1.7910235 -3.8609152 1.8811103 14.841602 -0.8146815896034241 0.7411402463912964
Car 0.0 0 1.6477776765823364 1191.1275634765625 169.58245849609375 1242.0 201.77366638183594 4.247328 1.5456624 1.7369413 30.95357 1.3889372 36.765263 2.347564697265625 0.5401731729507446
Car 0.0 0 -1.748920202255249 50.395198822021484 190.0347137451172 92.07244110107422 212.96607971191406 3.5024922 1.3479575 1.5688838 -35.01762 2.5055242 46.828423 -2.391002655029297 0.43475669622421265
Car 0.0 0 -0.47345513105392456 271.6372375488281 186.4175567626953 465.8481750488281 262.394287109375 4.004524 1.4876437 1.6030782 -5.559619 1.8416935 16.823856 -0.7926178574562073 0.4327596127986908
Car 0.0 0 1.4877736568450928 102.83951568603516 191.91705322265625 158.43951416015625 233.06884765625 3.7393084 1.4926038 1.6104816 -19.980127 2.3363073 29.95312 0.899507999420166 0.37668758630752563
