Pedestrian 0.0 0 -2.1698248386383057 912.5700073242188 110.19160461425781 1002.4685668945312 238.5850372314453 0.9096509 1.895745 0.89535904 5.3043137 0.9708848 11.169583 -1.7264670133590698 0.22365999221801758
Pedestrian 0.0 0 -1.711747407913208 914.0422973632812 177.66624450683594 933.824951171875 230.03904724121094 0.8670393 1.6921477 0.48145196 10.339345 1.8550043 23.88017 -1.303147315979004 0.2048676609992981
Pedestrian 0.0 0 2.39211368560791 1096.572265625 98.89039611816406 1215.51171875 277.40545654296875 0.7934872 1.7676102 0.5914903 5.5856423 1.0355996 7.4785113 3.033622980117798 0.19550471007823944
Pedestrian 0.0 0 2.8714652061462402 731.6801147460938 168.36119079589844 747.4356079101562 194.3656005859375 1.0615743 1.9443715 0.53525126 9.714772 1.6087977 54.262993 3.0486197471618652 0.1559181809425354
Cyclist 0.0 0 -1.9642049074172974 856.2976684570312 157.43653869628906 906.9521484375 231.75291442871094 1.8028882 1.8287671 0.57273877 6.9475245 1.4497344 18.664188 -1.6078577041625977 0.9308291673660278
Cyclist 0.0 0 -1.711747407913208 914.0422973632812 177.66624450683594 933.824951171875 230.03904724121094 0.8670393 1.6921477 0.48145196 10.339345 1.8550043 23.88017 -1.303147315979004 0.13457690179347992
Car 0.0 0 2.0054779052734375 257.5663757324219 187.8009796142578 329.2812194824219 218.56927490234375 4.5171685 1.4856558 1.8466597 -17.18209 2.348026 39.33024 1.5935988426208496 0.9127277731895447
Car 0.0 0 2.1191256046295166 128.0794677734375 191.6726531982422 253.28671264648438 243.6501007080078 3.8594723 1.4519409 1.769595 -13.548915 2.1166523 23.517847 1.5964559316635132 0.9053699970245361
Car 0.0 0 1.5797264575958252 728.015625 179.7240447998047 745.9762573242188 196.58233642578125 3.7832732 1.4726229 1.5886564 11.728835 2.1268291 66.664215 1.7538831233978271 0.13999760150909424
Car 0.0 0 1.5600661039352417 893.1740112304688 172.16957092285156 915.5293579101562 194.52658081054688 4.3282347 1.8383429 1.7107893 25.097767 1.782422 61.65396 1.9466564655303955 0.12231318652629852
Car 0.0 0 -3.0217068195343018 840.6810913085938 177.49220275878906 938.9596557617188 212.97352600097656 3.8856006 1.4674251 1.6232404 12.315658 1.6832793 31.89241 -2.6531858444213867 0.11442200094461441
