Pedestrian 0.0 0 1.9977089166641235 272.0420837402344 177.3905029296875 323.025634765625 264.3749084472656 0.8075269 1.7260914 0.6835195 -6.3063836 1.6660163 14.434331 1.5858007669448853 0.5333353877067566
Pedestrian 0.0 0 2.4979538917541504 990.3242797851562 108.19782257080078 1066.7044677734375 242.07252502441406 0.7099795 1.7880863 0.5598551 5.7855744 0.8240602 9.755333 3.0332605838775635 0.41349542140960693
Pedestrian 0.0 0 3.4732251167297363 119.9135513305664 108.74483489990234 204.0 248.45936584472656 0.8345956 1.8647331 0.62557 -6.1875606 0.9087078 9.831535 2.9114975929260254 0.3487588167190552
Pedestrian 0.0 0 0.6511703729629517 114.19471740722656 155.240966796875 139.4971160888672 193.86599731445312 0.8418951 1.8788053 0.5938775 -23.485443 0.65158975 34.707584 0.05627703666687012 0.1969459354877472
Pedestrian 0.0 0 -0.6603487133979797 1039.80712890625 167.4049072265625 1096.3939208984375 233.85911560058594 0.9693289 1.604258 0.6540822 11.369943 1.2897321 17.429546 -0.08233217149972916 0.14516206085681915
Pedestrian 0.0 0 -0.14462396502494812 777.3407592773438 158.9009552001953 800.719482421875 190.75326538085938 1.2340637 1.8121142 0.5242499 10.5418825 0.5847046 40.54797 0.10973048210144043 0.14069050550460815
Cyclist 0.0 0 -1.6131505966186523 989.5144653320312 148.6173553466797 1026.9036865234375 218.40892028808594 1.7233849 1.7228115 0.7665311 10.428792 0.9373822 18.390257 -1.0972869396209717 0.8393097519874573
Cyclist 0.0 0 1.0870914459228516 875.5173950195312 156.21800231933594 905.296142578125 192.20301818847656 1.8480486 1.6606652 0.5065407 13.516902 0.54153574 33.56932 1.4698857069015503 0.24932928383350372
Cyclist 0.0 0 -1.913894772529602 1042.046142578125 167.26536560058594 1090.751220703125 236.5991973876953 1.140395 1.6501414 0.6586015 11.333393 1.3367606 17.453547 -1.3379793167114258 0.13991272449493408
Car 0.0 0 -0.8063182234764099 0.0 205.50930786132812 292.2591247558594 370.0 3.7244403 1.4803368 1.6229231 -3.1760361 1.6664313 3.341921 -1.566271424293518 0.8774135708808899
Car 0.0 0 1.657659888267517 449.4347229003906 175.59130859375 476.7493896484375 197.19253540039062 3.6969223 1.4556167 1.5648024 -9.907531 1.1261562 49.563534 1.4603646993637085 0.4011588990688324
Car 0.0 0 1.6544206142425537 85.83592224121094 180.35057067871094 121.38194274902344 204.9173583984375 4.092023 1.6041341 1.6484413 -34.228836 1.595706 48.344315 1.0383310317993164 0.17786793410778046
