Pedestrian 0.0 0 0.29281550645828247 629.0537109375 169.68702697753906 645.7681884765625 194.17164611816406 1.1693777 1.8711069 0.58113396 2.0874836 1.629445 55.601463 0.3303415775299072 0.2609659731388092
Pedestrian 0.0 0 0.8770766854286194 994.5496826171875 180.0140838623047 1047.9002685546875 243.57916259765625 0.98652714 1.8462796 0.9883515 12.282954 2.0672567 21.656622 1.3930054903030396 0.1707429736852646
Pedestrian 0.0 0 0.8661417961120605 915.383544921875 169.2693328857422 958.91455078125 224.04241943359375 1.0570146 1.8169221 0.8717001 11.080613 1.6983703 24.560558 1.2899556159973145 0.1268857717514038
Pedestrian 0.0 0 -2.0452027320861816 894.2019653320312 178.4157257080078 925.1917724609375 223.71310424804688 1.4690032 1.660339 0.46349257 11.3153 1.8775584 27.380184 -1.6533126831054688 0.11763568222522736
Cyclist 0.0 0 -2.1553797721862793 864.2590942382812 196.38052368164062 900.4159545898438 248.4669647216797 1.4529732 1.5297987 0.30537233 8.468956 2.2914047 22.601826 -1.796870231628418 0.2355908304452896
Cyclist 0.0 0 -2.0452027320861816 894.2019653320312 178.4157257080078 925.1917724609375 223.71310424804688 1.4690032 1.660339 0.46349257 11.3153 1.8775584 27.380184 -1.6533126831054688 0.20560845732688904
Cyclist 0.0 0 1.5957297086715698 280.35064697265625 171.42803955078125 294.8249816894531 204.94900512695312 1.7187907 1.7352237 0.6603704 -17.128222 1.6617659 38.26814 1.1748864650726318 0.1540343165397644
Cyclist 0.0 0 1.420696496963501 1223.2073974609375 189.0369415283203 1242.0 240.38368225097656 1.3799692 1.7380663 0.5952397 22.254045 2.329991 25.630919 2.135690689086914 0.1333148330450058
Car 0.0 0 1.8664300441741943 321.2946472167969 181.3891143798828 400.32293701171875 238.84815979003906 2.661104 1.519625 1.4441247 -7.1704984 1.7825451 20.838072 1.5350159406661987 0.9015831351280212
Car 0.0 0 1.5825697183609009 415.946533203125 180.39041137695312 438.7201232910156 201.09304809570312 3.9511557 1.4634609 1.6137255 -13.836237 2.0566738 54.64787 1.3345919847488403 0.4351508915424347
Car 0.0 0 1.859679937362671 801.6259765625 192.73597717285156 848.93310546875 220.37681579589844 3.5016096 1.4791607 1.8044685 12.944363 2.729107 43.386963 2.1496193408966064 0.27014538645744324
Car 0.0 0 -1.623208999633789 611.9553833007812 183.11032104492188 630.840087890625 199.8296356201172 3.689043 1.4563982 1.5582955 1.0160471 2.4360492 67.018814 -1.6080495119094849 0.14136378467082977
