Pedestrian 0.0 0 -2.0724382400512695 347.819091796875 167.73501586914062 396.1865539550781 257.5921936035156 0.7029048 1.7387637 0.6658564 -4.632782 1.4736603 14.380763 -2.384091377258301 0.6027117371559143
Pedestrian 0.0 0 -0.7014860510826111 1097.706787109375 133.6057586669922 1178.0435791015625 241.26036071777344 0.9687707 1.726279 0.49130672 8.753235 0.95957196 11.791761 -0.06291965395212173 0.5946443676948547
Pedestrian 0.0 0 -0.8502825498580933 1072.43212890625 132.62094116210938 1140.904541015625 235.7931671142578 0.8191975 1.7482002 0.5833375 8.778282 0.92125237 12.549843 -0.2399100959300995 0.55217045545578
Pedestrian 0.0 0 1.6903283596038818 525.5380249023438 170.44692993164062 548.993408203125 215.06954956054688 0.95037967 1.7389395 0.82046777 -2.554948 1.3092166 28.47815 1.6008517742156982 0.49271541833877563
Pedestrian 0.0 0 -3.248159408569336 1196.9156494140625 135.17247009277344 1238.0 230.50006103515625 0.5320891 1.7748654 0.73683953 11.812576 0.9135744 13.826063 -2.5411336421966553 0.3425107002258301
Pedestrian 0.0 0 1.929443120956421 332.9079895019531 170.03665161132812 380.1866760253906 257.9752197265625 0.8990642 1.7825692 0.6644864 -5.14388 1.551442 15.0173435 1.5994391441345215 0.33106911182403564
Pedestrian 0.0 0 0.8513149619102478 0.0 118.66744232177734 93.83924865722656 295.2303771972656 0.7681588 1.7681358 0.61766464 -5.994326 1.1402856 7.5639124 0.18116998672485352 0.2574831247329712
Pedestrian 0.0 0 -0.960394024848938 753.0377807617188 134.8567352294922 779.2957763671875 190.9176025390625 0.61650646 1.9052125 0.6497147 5.676843 0.3211296 24.857504 -0.7358691096305847 0.23866727948188782
Pedestrian 0.0 0 1.3794069290161133 740.00341796875 142.3371124267578 762.2785034179688 191.93667602539062 0.96658254 1.8590609 0.6581284 5.685388 0.3922132 27.409157 1.5839331150054932 0.18473049998283386
Pedestrian 0.0 0 -2.322262763977051 452.0492858886719 186.41021728515625 502.28753662109375 267.0867614746094 0.80983466 1.6500344 0.68330914 -2.6782768 1.7591723 15.268366 -2.4959094524383545 0.17173637449741364
Pedestrian 0.0 0 2.6774489879608154 687.8588256835938 156.64268493652344 722.9376220703125 190.52838134765625 1.6888597 1.7155364 0.612785 5.337347 0.45795307 36.921516 2.8210136890411377 0.1331021934747696
Cyclist 0.0 0 1.6903283596038818 525.5380249023438 170.44692993164062 548.993408203125 215.06954956054688 0.95037967 1.7389395 0.82046777 -2.554948 1.3092166 28.47815 1.6008517742156982 0.2882547378540039
Cyclist 0.0 0 2.644602060317993 687.73486328125 160.36634826660156 723.242431640625 194.6912384033203 1.7014531 1.7356132 0.65147495 5.3420205 0.6678777 36.919456 2.7882986068725586 0.2376498430967331
Cyclist 0.0 0 1.929443120956421 332.9079895019531 170.03665161132812 380.1866760253906 257.9752197265625 0.8990642 1.7825692 0.6644864 -5.14388 1.551442 15.0173435 1.5994391441345215 0.12200355529785156
Car 0.0 0 -1.2886977195739746 526.274169921875 169.04833984375 575.9825439453125 199.91539001464844 3.623458 1.5327544 1.6539885 -2.5841284 0.91533005 37.613316 -1.3572924137115479 0.42991843819618225
Car 0.0 0 -1.8877049684524536 727.5966186523438 149.8314666748047 916.6897583007812 291.66046142578125 3.761565 1.8282942 1.6450003 3.1469142 1.4213926 11.171223 -1.6131221055984497 0.2575901448726654
Car 0.0 0 -0.5086879730224609 656.9782104492188 160.8273162841797 716.2308349609375 181.69569396972656 4.234423 1.5575713 1.6904335 6.566645 0.015183527 55.199554 -0.3902824819087982 0.1873965859413147
