Car 0.0 0 2.0141170024871826 99.98017883300781 203.10585021972656 324.6075744628906 325.3464660644531 3.8283744 1.4222009 1.5439293 -5.9805675 1.9780734 11.30096 1.5273762941360474 0.9475279450416565
Car 0.0 0 -0.4664110839366913 880.4912109375 143.4181365966797 1068.4114990234375 206.98927307128906 3.9048426 1.5201747 1.5811776 8.969225 0.81663376 18.052265 -0.005288566462695599 0.9251244068145752
Car 0.0 0 1.835864543914795 364.6710205078125 190.68325805664062 454.0041198730469 245.04525756835938 4.1150093 1.4144512 1.6151009 -6.0884233 2.0138905 22.181889 1.5679843425750732 0.9245539307594299
Car 0.0 0 1.926102876663208 274.8459777832031 196.36160278320312 401.97454833984375 272.73388671875 3.6055493 1.407703 1.4982529 -5.9940057 1.9950547 16.210682 1.571937084197998 0.924272358417511
Car 0.0 0 -1.739882230758667 672.1973876953125 175.1709442138672 741.6176147460938 224.73536682128906 3.9915853 1.5019177 1.6246287 3.094846 1.5861148 24.078691 -1.6120525598526 0.906323254108429
Car 0.0 0 1.7905471324920654 433.96368408203125 188.6529998779297 496.13165283203125 228.32290649414062 4.1171026 1.4264138 1.6459284 -5.9155207 2.1220345 29.672863 1.5937690734863281 0.8596966862678528
Car 0.0 0 2.674367666244507 864.282958984375 144.9773712158203 1001.1847534179688 202.44818115234375 3.2009897 1.5706649 1.569351 9.093551 0.8091608 20.582283 3.0903937816619873 0.8098406195640564
Car 0.0 0 2.3447518348693848 0.0 207.29010009765625 144.9351043701172 375.0 3.7314937 1.5242965 1.5924066 -5.910185 1.8998992 5.9902573 1.5660820007324219 0.6990885138511658
Car 0.0 0 2.7085556983947754 821.7096557617188 156.28485107421875 955.4435424804688 207.25332641601562 3.6406915 1.5584478 1.5934993 8.765137 1.052176 22.979212 3.072958469390869 0.690457284450531
Car 0.0 0 -1.6931321620941162 660.5732421875 175.082763671875 713.2923583984375 218.3107452392578 3.879499 1.6359628 1.6636695 3.0294685 1.7333742 29.461418 -1.590664029121399 0.6560794115066528
Car 0.0 0 -3.8771746158599854 1194.5267333984375 127.88449096679688 1242.0 173.35293579101562 4.316524 1.5523643 1.7339814 23.498545 0.017392583 25.517323 -3.132939338684082 0.5800431966781616
Car 0.0 0 -0.3128550946712494 776.3627319335938 158.50726318359375 900.9580688476562 204.2910614013672 3.9291923 1.5843077 1.6518996 8.066805 1.0882096 25.81085 -0.009937976486980915 0.5765541195869446
