Pedestrian 0.0 0 -1.7683866024017334 847.0851440429688 168.82684326171875 879.8403930664062 229.58111572265625 0.92044204 1.7597166 0.7483287 7.4613233 1.6434302 21.40349 -1.4329568147659302 0.803992748260498
Pedestrian 0.0 0 0.4164324402809143 70.22962188720703 135.54519653320312 208.9686737060547 310.5262451171875 0.9750685 1.7351134 0.8437252 -4.99482 1.365517 7.6470695 -0.1621665507555008 0.3446447551250458
Pedestrian 0.0 0 -1.8966368436813354 871.1077880859375 132.0653839111328 972.56201171875 310.95758056640625 0.98725116 1.6954874 0.65987796 3.0868454 1.309263 7.351763 -1.4991123676300049 0.2593766748905182
Cyclist 0.0 0 -1.8977456092834473 874.9449462890625 131.36270141601562 973.2136840820312 310.0183410644531 0.9514939 1.6911055 0.63554996 3.100399 1.2987181 7.3249173 -1.4973433017730713 0.1043613851070404
Car 0.0 0 -0.6727615594863892 453.527099609375 172.0707244873047 529.724853515625 201.8896484375 3.7515318 1.4761626 1.5879384 -6.1671414 1.4377455 37.63992 -0.8351643085479736 0.9046770334243774
Car 0.0 0 -0.4001120924949646 244.67286682128906 171.73983764648438 346.2392883300781 209.53094482421875 3.449221 1.4361008 1.5168031 -12.716548 1.3941196 29.18909 -0.8109779357910156 0.8632222414016724
Car 0.0 0 -0.9035452604293823 591.2115478515625 173.7060546875 645.072998046875 198.47108459472656 3.572179 1.5354531 1.6313359 0.5292747 1.5932856 46.76649 -0.892228364944458 0.6507088541984558
Car 0.0 0 2.3080573081970215 550.9111328125 170.0959930419922 604.2094116210938 191.46609497070312 3.9817734 1.5094283 1.6713837 -2.3747587 1.3149804 53.02726 2.263303518295288 0.4690653085708618
Car 0.0 0 2.14447021484375 672.316650390625 176.77650451660156 711.1307983398438 193.6896209716797 4.189022 1.5240808 1.6311657 7.7300563 1.9065273 68.14484 2.257423162460327 0.35440778732299805
Car 0.0 0 1.795533537864685 804.0433349609375 171.4852752685547 832.6226806640625 188.1219940185547 4.045112 1.4391863 1.5972558 18.651707 1.3211391 64.571205 2.0767343044281006 0.281037837266922
