Pedestrian 0.0 0 2.041475534439087 397.7536926269531 180.91717529296875 440.352294921875 246.77078247070312 0.93527347 1.8342487 0.8559924 -5.5349255 2.0729082 20.775103 1.7811024188995361 0.18623358011245728
Pedestrian 0.0 0 -2.643972158432007 335.6636047363281 138.1007537841797 363.2875061035156 185.24874877929688 0.8434663 1.854706 0.6172052 -10.419078 0.48794237 28.749216 -2.991661787033081 0.13566380739212036
Pedestrian 0.0 0 0.43122920393943787 320.38421630859375 149.71739196777344 370.7529602050781 238.41189575195312 0.79098326 1.8273244 0.6716597 -5.6218057 1.3510114 15.228172 0.07757830619812012 0.12874019145965576
Pedestrian 0.0 0 -1.2207930088043213 369.0833740234375 165.2098846435547 414.12017822265625 234.4219207763672 0.9099003 1.8293686 0.9126887 -5.952086 1.6276823 19.547583 -1.5163660049438477 0.12546761333942413
Cyclist 0.0 0 1.7888143062591553 447.82098388671875 169.44866943359375 473.0552978515625 221.62118530273438 1.7136573 1.8884097 0.5692575 -5.620251 1.7655098 26.974003 1.58339524269104 0.11884003132581711
Car 0.0 0 1.727585792541504 457.8056640625 167.9735107421875 540.7658081054688 240.40736389160156 4.6371717 2.0857873 1.9121195 -3.4579618 1.9456079 23.100822 1.5789990425109863 0.901995062828064
Car 0.0 0 1.6311651468276978 535.0696411132812 178.72206115722656 563.793701171875 204.84950256347656 4.09186 1.6032059 1.6328238 -3.95755 2.004752 47.263103 1.5476255416870117 0.5381363034248352
Car 0.0 0 1.6435484886169434 503.48065185546875 181.45042419433594 546.7780151367188 219.89364624023438 3.8948731 1.5255469 1.5985693 -3.6862676 1.924783 31.496412 1.5270408391952515 0.24389083683490753
Car 0.0 0 1.638387680053711 556.1983642578125 182.3629608154297 579.5530395507812 202.21896362304688 4.3471494 1.4885362 1.597736 -3.3963575 2.2867653 58.358505 1.580255150794983 0.16811704635620117
Car 0.0 0 1.7069679498672485 530.3411865234375 160.04689025878906 571.8602905273438 191.58668518066406 4.2653456 1.5974277 1.6570767 -3.1369476 0.94913113 38.716927 1.6261218786239624 0.129562646150589
