Pedestrian 0.0 0 -0.7730002403259277 1179.970947265625 137.85748291015625 1224.0 235.49005126953125 0.64582044 1.7075042 0.55007726 10.798868 0.96337044 12.656593 -0.06663927435874939 0.6757102012634277
Pedestrian 0.0 0 -2.162719964981079 267.8052978515625 178.50733947753906 324.8116455078125 264.10528564453125 0.7947673 1.6853718 0.75204265 -6.3469486 1.6477674 14.446729 -2.576669216156006 0.4046352505683899
Pedestrian 0.0 0 -3.520089864730835 994.1983642578125 114.36011505126953 1063.383544921875 243.70835876464844 0.6774007 1.7303463 0.5094992 5.7890997 0.8472369 9.758079 -2.9846394062042236 0.29420650005340576
Pedestrian 0.0 0 2.9031636714935303 507.7552795410156 165.2802276611328 521.1251831054688 188.09254455566406 1.0389189 1.9504449 0.56152433 -7.782255 0.6503566 60.89535 2.7760555744171143 0.2763420045375824
Pedestrian 0.0 0 -0.04877972602844238 595.316650390625 170.15750122070312 601.9810791015625 194.3386688232422 0.46708998 1.8278913 0.82669 -0.47627032 1.0473475 53.868065 -0.05762092024087906 0.25490716099739075
Pedestrian 0.0 0 0.4748247265815735 105.20526123046875 115.91481018066406 215.02133178710938 254.6715545654297 1.1147524 1.8537234 0.65792847 -6.19904 0.99256825 9.817731 -0.08837272226810455 0.21405009925365448
Pedestrian 0.0 0 -2.3935015201568604 113.19934844970703 156.84222412109375 138.7277374267578 194.71243286132812 0.9285539 1.841779 0.52545786 -23.533052 0.69264615 34.71176 -2.989279270172119 0.2010938674211502
Cyclist 0.0 0 -1.713770866394043 984.6068725585938 146.88050842285156 1029.2313232421875 215.438720703125 1.7019649 1.7011845 0.7730492 10.4377 0.86855596 18.472786 -1.199460744857788 0.8378120064735413
Cyclist 0.0 0 1.219136357307434 877.7147827148438 159.35948181152344 904.3453979492188 196.36207580566406 1.7619485 1.7086453 0.5973606 13.5342455 0.7339079 33.53405 1.6027398109436035 0.3103872239589691
Cyclist 0.0 0 -1.8775548934936523 1031.5841064453125 166.7886505126953 1086.7186279296875 235.04080200195312 1.5529612 1.6275877 0.72103816 11.301325 1.30222 17.699093 -1.3092882633209229 0.147168830037117
Car 0.0 0 -0.09809806942939758 743.677001953125 161.74586486816406 892.7885131835938 210.4038543701172 4.37643 1.4592391 1.6382436 6.601629 0.89836943 22.413567 0.1883394718170166 0.8749307990074158
Car 0.0 0 -0.8362269997596741 0.0 203.9417266845703 300.6140441894531 370.0 3.7175357 1.4502647 1.6232464 -3.1436548 1.6281564 3.4462354 -1.5757415294647217 0.8454304933547974
