Pedestrian 0.0 0 1.3214548826217651 862.2322998046875 165.5713653564453 884.416259765625 209.8514404296875 0.87691754 1.767402 0.6474089 10.632115 1.4770797 29.265167 1.669931173324585 0.6360160708427429
Pedestrian 0.0 0 2.6061508655548096 0.0 180.46417236328125 59.89743423461914 309.2384948730469 0.73070973 1.7600064 0.5836335 -8.534227 1.8742648 10.353765 1.9167894124984741 0.14927494525909424
Pedestrian 0.0 0 -1.2141942977905273 230.83775329589844 181.52114868164062 261.7005615234375 235.15365600585938 0.7057094 1.7177889 0.70109934 -11.946922 2.006621 23.622955 -1.6824182271957397 0.13690899312496185
Pedestrian 0.0 0 1.801450490951538 348.2728271484375 170.0833282470703 366.0783996582031 212.1168670654297 0.8006061 1.7525545 0.54312366 -10.726912 1.6373916 30.508299 1.4633452892303467 0.1244889348745346
Pedestrian 0.0 0 1.7440910339355469 246.09913635253906 176.04013061523438 284.94036865234375 240.7727813720703 0.9204912 1.8268048 0.87511116 -10.047782 1.922279 20.976152 1.2973761558532715 0.10547558963298798
Cyclist 0.0 0 -1.9182816743850708 955.0232543945312 160.7490692138672 987.6968383789062 210.00643920898438 1.7124817 1.682647 0.47493955 12.719661 1.2694968 25.523014 -1.4559465646743774 0.14796730875968933
Car 0.0 0 1.831121563911438 348.47198486328125 191.2265625 531.0609741210938 319.6661682128906 3.815827 1.4573022 1.6550072 -2.33796 1.779229 10.682985 1.6156694889068604 0.9482367038726807
Car 0.0 0 1.7452783584594727 560.2755126953125 181.58181762695312 616.1758422851562 222.7283172607422 3.5510468 1.42401 1.5464504 -0.8131318 1.7812189 27.629824 1.7158573865890503 0.9193261861801147
Car 0.0 0 1.6802196502685547 685.7605590820312 174.6739044189453 714.2574462890625 196.29660034179688 4.4428205 1.5781955 1.6982546 6.925981 1.724277 55.415337 1.8045580387115479 0.19498394429683685
Car 0.0 0 1.4886361360549927 544.9496459960938 176.4097137451172 581.0625610351562 206.55642700195312 3.9720583 1.539598 1.6385249 -2.6497478 1.7445284 39.42411 1.4215257167816162 0.15859831869602203
Car 0.0 0 1.7638856172561646 370.5899658203125 174.1282958984375 399.6650390625 192.09523010253906 3.893936 1.4674512 1.6408188 -19.068605 1.5795451 61.240646 1.462028980255127 0.1034153625369072
