Pedestrian 0.0 0 0.7737707495689392 215.88726806640625 190.91677856445312 280.185791015625 287.4967956542969 0.84596795 1.6408731 0.5935014 -6.281404 1.8140109 12.695145 0.3143014907836914 0.7368726134300232
Pedestrian 0.0 0 0.17813241481781006 344.6798400878906 182.22189331054688 397.13079833984375 271.1927795410156 0.88299954 1.7089468 0.67762387 -4.581393 1.7248544 14.196187 -0.1340358853340149 0.5383514761924744
Pedestrian 0.0 0 -1.7551062107086182 854.0828247070312 166.2711181640625 895.710693359375 260.13702392578125 0.9163828 1.6975076 0.5682339 5.0814223 1.4233716 13.48889 -1.3948357105255127 0.18955570459365845
Pedestrian 0.0 0 -1.459337592124939 743.4342041015625 163.5727081298828 808.0023803710938 290.81475830078125 0.8503312 1.6707531 0.7838561 2.3844743 1.4366878 9.962464 -1.2244112491607666 0.15322169661521912
Pedestrian 0.0 0 2.4701919555664062 853.3385009765625 128.25421142578125 932.7290649414062 233.03765869140625 1.1321759 1.7811435 0.6643779 5.101489 0.877336 12.68767 2.852492332458496 0.12180249392986298
Pedestrian 0.0 0 1.2522834539413452 774.0059204101562 163.3686981201172 833.5862426757812 268.17230224609375 0.8677959 1.6124337 0.6763998 3.1798007 1.33478 11.499033 1.5220693349838257 0.11701590567827225
Pedestrian 0.0 0 -0.47936326265335083 741.523681640625 141.71510314941406 798.7429809570312 255.7872772216797 0.5919811 1.6503727 0.6707722 2.480337 1.076086 10.788986 -0.25339433550834656 0.11070580035448074
Pedestrian 0.0 0 2.2904820442199707 948.1934814453125 161.50875854492188 1029.81494140625 289.9901428222656 0.83231556 1.61737 0.5263924 5.0392528 1.3670489 9.43311 2.781120777130127 0.10562678426504135
Cyclist 0.0 0 3.415194511413574 274.5021667480469 182.83755493164062 439.2136535644531 333.58355712890625 1.6541836 1.6062245 0.49936202 -2.7227674 1.622937 7.95237 3.085320234298706 0.4458075761795044
Cyclist 0.0 0 1.3264554738998413 864.5523071289062 131.03936767578125 921.662353515625 235.97628784179688 1.6310906 1.7312284 0.5473763 5.0802484 0.90002704 12.693511 1.7071549892425537 0.1825064867734909
Cyclist 0.0 0 1.3243255615234375 958.3467407226562 169.87005615234375 1027.9246826171875 299.47698974609375 1.3410467 1.5709289 0.47846222 5.053715 1.4313072 9.412733 1.8170571327209473 0.13616174459457397
Cyclist 0.0 0 -2.837484836578369 1041.3824462890625 138.23414611816406 1144.3619384765625 244.2189483642578 1.2458991 1.6084152 0.60494566 7.856084 0.95312107 11.5748205 -2.241182565689087 0.10116178542375565
