Pedestrian 0.0 0 2.719749689102173 563.757080078125 162.78863525390625 592.3403930664062 215.0625762939453 0.9199702 1.9058228 0.5353616 -1.2287897 1.5392143 26.749666 2.6738452911376953 0.5200482606887817
Pedestrian 0.0 0 1.7859660387039185 288.735107421875 163.53187561035156 306.2454528808594 208.65945434570312 0.40045044 1.798516 0.574324 -12.602994 1.4273497 29.005444 1.376072645187378 0.43396347761154175
Pedestrian 0.0 0 2.037919521331787 203.9734649658203 155.08473205566406 240.70291137695312 206.89601135253906 0.834047 1.907222 0.9357204 -14.533362 1.2534767 26.987186 1.5439263582229614 0.4052501320838928
Pedestrian 0.0 0 1.5523834228515625 305.49652099609375 163.47152709960938 324.28485107421875 211.01319885253906 0.57653195 1.7537684 0.6394459 -11.091568 1.4080155 27.005585 1.1626752614974976 0.15564823150634766
Pedestrian 0.0 0 1.8920202255249023 0.0 126.09899139404297 26.097936630249023 200.3672637939453 0.62060404 1.8659055 0.5854556 -15.517589 0.6915974 18.521206 1.1946351528167725 0.15534870326519012
Pedestrian 0.0 0 1.77989661693573 258.1629943847656 163.57337951660156 317.2730712890625 261.111572265625 0.9381086 1.7910973 0.8580613 -6.1922593 1.6210349 13.795959 1.3580029010772705 0.13167016208171844
Pedestrian 0.0 0 -2.9265451431274414 558.2889404296875 151.27362060546875 587.9197998046875 210.17306518554688 0.808474 1.8322946 0.69706166 -1.2088743 1.1613114 22.852703 -2.9793944358825684 0.12416495382785797
Pedestrian 0.0 0 3.783547878265381 0.0 190.15768432617188 40.149627685546875 241.31451416015625 0.8894144 1.85234 0.75858676 -21.947084 2.5048354 26.791767 3.0972251892089844 0.1034749299287796
Pedestrian 0.0 0 -0.26768869161605835 575.4388427734375 168.90603637695312 590.5182495117188 201.41201782226562 0.68417066 1.7359686 0.5756163 -1.4950817 1.5254874 38.908188 -0.306095689535141 0.10311950743198395
Cyclist 0.0 0 -1.5621623992919922 577.8956298828125 167.82913208007812 588.4198608398438 200.43563842773438 1.4272531 1.7275169 0.5573424 -1.4798009 1.4616536 38.94635 -1.6001399755477905 0.1369786262512207
Car 0.0 0 -1.6266937255859375 679.4859008789062 184.13992309570312 741.6669311523438 230.348388671875 4.324024 1.439893 1.9388157 3.456613 1.878744 25.80085 -1.4935139417648315 0.24230708181858063
Car 0.0 0 1.6181339025497437 0.0 185.90675354003906 17.548336029052734 212.4085235595703 3.759627 1.568312 1.6537447 -39.488945 2.4488003 46.65521 0.915733814239502 0.12296183407306671
Car 0.0 0 1.1802592277526855 677.2853393554688 160.2683868408203 718.369384765625 187.2283935546875 4.411842 2.1394453 1.821344 7.1810093 1.1410556 59.624886 1.300118327140808 0.11348006129264832
Car 0.0 0 -0.48615562915802 0.0 0.0 1242.0 375.0 3.498988 1.5220373 1.5770792 -3.1001785 1.7255813 1.253921 -1.6726003885269165 0.1063234955072403
