Pedestrian 0.0 0 -2.502277374267578 262.0747985839844 141.8965301513672 310.90338134765625 213.02389526367188 0.9956317 1.8776938 0.677797 -8.777 1.0608044 19.482891 -2.9255452156066895 0.3080768585205078
Pedestrian 0.0 0 0.8731468915939331 17.943300247192383 179.93740844726562 132.98602294921875 319.3941955566406 1.3167266 1.8694736 0.59206295 -7.567417 1.9738624 10.154311 0.2326979637145996 0.2077265977859497
Pedestrian 0.0 0 -0.1711113303899765 672.6671752929688 153.78500366210938 691.9370727539062 192.82217407226562 0.80320644 1.841819 0.7186044 3.406904 0.9424795 34.427677 -0.07247418165206909 0.18198652565479279
Pedestrian 0.0 0 1.2378798723220825 821.8971557617188 162.72250366210938 907.1443481445312 310.54638671875 1.0938398 1.6954933 0.65382737 3.0257607 1.5796461 8.82079 1.5683283805847168 0.15036362409591675
Cyclist 0.0 0 0.8731468915939331 17.943300247192383 179.93740844726562 132.98602294921875 319.3941955566406 1.3167266 1.8694736 0.59206295 -7.567417 1.9738624 10.154311 0.2326979637145996 0.17560626566410065
Car 0.0 0 -1.559855580329895 605.595703125 174.17283630371094 651.4740600585938 219.08444213867188 2.8199599 1.5276393 1.5671742 0.6375618 1.5782634 26.061111 -1.5353963375091553 0.9353514909744263
Car 0.0 0 1.7323366403579712 422.7099609375 182.50439453125 501.13873291015625 238.8760528564453 4.00535 1.4462095 1.6304153 -4.2951465 1.7578142 21.23625 1.5327733755111694 0.8862800598144531
Car 0.0 0 1.9251772165298462 147.95602416992188 186.92877197265625 409.0279846191406 343.5995788574219 4.1734695 1.4860435 1.6317986 -3.9650002 1.7101547 9.345201 1.5239149332046509 0.8808987140655518
Car 0.0 0 1.7587004899978638 495.33984375 174.6853485107422 540.4102783203125 205.1826171875 3.8458738 1.4468278 1.567037 -4.631043 1.5446538 36.4316 1.6322624683380127 0.7618690729141235
Car 0.0 0 2.463716506958008 0.0 214.7056427001953 170.3485870361328 375.0 3.9844832 1.5087112 1.6282538 -3.909891 1.8017093 3.036216 1.5531963109970093 0.6573545932769775
Car 0.0 0 2.3455820083618164 0.0 192.60943603515625 62.04195022583008 375.0 3.9611728 1.4474945 1.6177706 -7.209942 1.6812055 6.49261 1.5078812837600708 0.16153013706207275
