Pedestrian 0.0 0 2.050642967224121 426.19091796875 169.74537658691406 476.54693603515625 255.2075653076172 0.8976678 1.8036562 0.7486707 -3.3037424 1.55681 15.690629 1.8431191444396973 0.7852587699890137
Pedestrian 0.0 0 1.2164766788482666 775.7002563476562 169.52923583984375 816.7254028320312 249.34027099609375 0.89079046 1.7717173 0.63244295 4.4043117 1.5071982 16.416254 1.4785937070846558 0.7217758893966675
Pedestrian 0.0 0 -1.6503735780715942 751.3966674804688 173.28843688964844 790.0016479492188 256.0538330078125 0.950356 1.7742648 0.7557479 3.7017834 1.599459 15.922494 -1.4219437837600708 0.6559157967567444
Pedestrian 0.0 0 -2.443605899810791 0.0 169.23199462890625 82.00996398925781 287.5337219238281 0.7997441 1.6824143 0.6872601 -8.337583 1.5092622 10.568591 -3.1115429401397705 0.642452597618103
Pedestrian 0.0 0 0.5438956022262573 388.7903747558594 172.0598602294922 434.05670166015625 248.26170349121094 0.7577345 1.6811467 0.66448253 -4.333764 1.4741008 16.270096 0.28357601165771484 0.6169772744178772
Pedestrian 0.0 0 1.3686702251434326 815.4434814453125 169.116455078125 852.95166015625 251.755615234375 0.78903115 1.7371619 0.6225263 4.9826336 1.4780797 15.52343 1.6792573928833008 0.6107401847839355
Pedestrian 0.0 0 -1.5735375881195068 686.5012817382812 166.50852966308594 737.196044921875 274.16845703125 0.9119874 1.6857524 0.7884175 1.7585831 1.4523124 11.753584 -1.425018310546875 0.6072627305984497
Pedestrian 0.0 0 -1.6379289627075195 642.0638427734375 172.20359802246094 670.9110107421875 236.70697021484375 1.023805 1.7976495 0.7518406 1.5335007 1.5397171 20.531391 -1.5633769035339355 0.5833868980407715
Pedestrian 0.0 0 1.332137942314148 677.0848388671875 176.96612548828125 695.40283203125 218.8582305908203 0.68824923 1.7105324 0.60561085 3.4871755 1.526397 29.706697 1.448989987373352 0.48667415976524353
Pedestrian 0.0 0 3.30509090423584 287.66033935546875 173.98834228515625 320.33343505859375 226.6004638671875 0.91900206 1.7078644 0.55402803 -9.827036 1.465119 23.689934 2.9118752479553223 0.4780662953853607
Pedestrian 0.0 0 -3.3232295513153076 742.7064208984375 171.3026885986328 761.0831298828125 215.515869140625 0.5986637 1.7015702 0.60859054 5.8327155 1.3101408 27.95434 -3.1175291538238525 0.3548193573951721
Pedestrian 0.0 0 -0.7122926115989685 677.0970458984375 175.60037231445312 731.015380859375 257.5951232910156 0.87632245 1.670142 0.7094566 2.126841 1.5512142 15.164687 -0.5729519128799438 0.336820513010025
Pedestrian 0.0 0 2.214698076248169 281.2035217285156 175.86224365234375 315.69012451171875 228.7046356201172 1.1656084 1.7579114 0.48338857 -10.354605 1.5714439 24.51825 1.8150975704193115 0.32999834418296814
Pedestrian 0.0 0 -1.8209569454193115 772.8674926757812 162.83372497558594 808.8049926757812 231.22781372070312 1.0428654 1.7767173 0.68799716 5.0132527 1.2929842 19.181345 -1.5653146505355835 0.27621474862098694
Cyclist 0.0 0 0.6124346256256104 145.19541931152344 191.6395721435547 276.751953125 285.0730285644531 1.9330044 1.5443144 0.7332258 -6.785241 1.7279941 12.446596 0.11332392692565918 0.40960121154785156
Cyclist 0.0 0 -1.8059695959091187 641.1719970703125 177.59190368652344 678.0914306640625 241.85751342773438 1.8075 1.7356672 0.6318279 1.5962585 1.6312786 20.339975 -1.7276512384414673 0.3612861633300781
Cyclist 0.0 0 2.131608009338379 277.9273986816406 175.19786071777344 311.66229248046875 228.65589904785156 1.1651317 1.7800901 0.5217003 -10.485274 1.5713196 24.53327 1.7277146577835083 0.20395149290561676
Cyclist 0.0 0 -1.8209569454193115 772.8674926757812 162.83372497558594 808.8049926757812 231.22781372070312 1.0428654 1.7767173 0.68799716 5.0132527 1.2929842 19.181345 -1.5653146505355835 0.1264205276966095
Cyclist 0.0 0 3.30509090423584 287.66033935546875 173.98834228515625 320.33343505859375 226.6004638671875 0.91900206 1.7078644 0.55402803 -9.827036 1.465119 23.689934 2.9118752479553223 0.11981860548257828
Cyclist 0.0 0 1.3314099311828613 814.5222778320312 167.75184631347656 855.9567260742188 251.52886962890625 0.8772758 1.7525599 0.6569506 4.990641 1.4661916 15.48572 1.6431740522384644 0.11081334203481674
Cyclist 0.0 0 -1.8461060523986816 741.0802001953125 171.24591064453125 762.4334106445312 216.7493438720703 0.7436122 1.7450987 0.6332518 5.8229504 1.3528662 27.939188 -1.6406322717666626 0.10153601318597794
Car 0.0 0 -1.4281435012817383 562.26806640625 183.10536193847656 603.940185546875 212.23446655273438 3.913562 1.3750198 1.5575218 -0.87632763 1.4612346 36.16361 -1.4523711204528809 0.8818985223770142
Car 0.0 0 0.7044446468353271 767.0751953125 150.43978881835938 862.0048828125 192.931640625 4.01641 1.8201362 1.703544 9.673169 0.49064073 32.91361 0.9902918338775635 0.394554078578949
