Pedestrian 0.0 0 -2.2042574882507324 973.1361694335938 151.14402770996094 1090.1123046875 327.3218078613281 0.78665966 1.7062142 0.69893324 4.3437757 1.4135996 7.380906 -1.6723254919052124 0.629550576210022
Pedestrian 0.0 0 3.082225799560547 337.5093994140625 150.6900634765625 381.67138671875 233.60357666015625 0.9086685 1.8190964 0.60674316 -5.497779 1.1443579 16.209639 2.7552340030670166 0.549004077911377
Pedestrian 0.0 0 -1.470157504081726 788.6571044921875 161.508544921875 830.3858642578125 244.76319885253906 0.51398414 1.732315 0.809269 4.407525 1.3175799 15.332986 -1.1902503967285156 0.5142583847045898
Pedestrian 0.0 0 2.130465030670166 569.585205078125 164.02696228027344 586.4249267578125 199.26873779296875 0.7120277 1.7973127 0.5799504 -1.2135775 0.9070637 37.08566 2.0977530479431152 0.5003441572189331
Pedestrian 0.0 0 1.6928274631500244 577.2117919921875 163.8697509765625 591.9630126953125 201.67774963378906 0.94434375 1.826276 0.61359966 -0.82953644 0.97556496 35.19585 1.6692626476287842 0.3873959183692932
Pedestrian 0.0 0 0.27661678194999695 485.79278564453125 171.71240234375 514.4270629882812 216.3520965576172 0.995975 1.7631932 0.6522192 -4.0700655 1.3776073 28.761047 0.13603711128234863 0.29960933327674866
Pedestrian 0.0 0 -3.0632026195526123 653.660400390625 163.2427978515625 665.76171875 188.010498046875 0.84069395 1.8039529 0.59975123 4.292841 0.47479156 52.680157 -2.981893539428711 0.29711127281188965
Pedestrian 0.0 0 2.8395235538482666 442.946044921875 129.474853515625 491.5621032714844 224.23519897460938 0.753829 1.746696 0.63958865 -2.60253 0.7889927 13.697809 2.6517653465270996 0.25840848684310913
Pedestrian 0.0 0 -0.7441853880882263 505.95526123046875 172.7395782470703 532.7510986328125 221.14427185058594 0.74271613 1.7931277 0.67709064 -3.1172533 1.4696398 27.110071 -0.8586676716804504 0.2290216088294983
Pedestrian 0.0 0 0.30276867747306824 644.3816528320312 163.89305114746094 659.1116333007812 193.36770629882812 0.81127197 1.8551027 0.5325778 3.2019436 0.74766195 45.60438 0.3728649616241455 0.21095490455627441
Pedestrian 0.0 0 1.6258143186569214 840.3697509765625 133.13243103027344 873.5776977539062 210.9257049560547 0.93558514 1.839347 0.7162075 6.2171893 0.6969438 17.551361 1.966251015663147 0.20142962038516998
Cyclist 0.0 0 1.6301710605621338 490.6903381347656 171.7998809814453 509.50958251953125 217.5406494140625 1.268369 1.790848 0.67492247 -4.069728 1.4120798 28.781164 1.4896998405456543 0.25005555152893066
Cyclist 0.0 0 -0.3416784405708313 898.4592895507812 152.912109375 989.9904174804688 246.28977966308594 1.6446023 1.9271376 0.58952874 7.1922193 1.3383757 15.198095 0.1003260612487793 0.19452974200248718
Cyclist 0.0 0 1.8034052848815918 321.6398010253906 162.3378448486328 355.1470031738281 224.56838989257812 1.699337 1.6807513 0.51329356 -7.4342914 1.1643711 20.27262 1.4519171714782715 0.1787063628435135
Car 0.0 0 1.7324727773666382 588.423583984375 171.28404235839844 645.0468139648438 211.95033264160156 3.7597084 1.4155651 1.5411997 0.6217521 1.0610195 26.991524 1.75550377368927 0.8355832099914551
Car 0.0 0 -1.7943276166915894 855.3929443359375 164.1346893310547 929.97265625 209.07896423339844 3.8822713 1.4550571 1.5926443 10.128017 0.8939551 25.295176 -1.4134823083877563 0.23537442088127136
