Pedestrian 0.0 0 1.238585352897644 747.7805786132812 184.16055297851562 807.8866577148438 295.3005676269531 0.8511774 1.6353593 0.66092455 2.5289593 1.8179401 11.166826 1.461299180984497 0.5138799548149109
Pedestrian 0.0 0 2.109968423843384 1170.6527099609375 184.23890686035156 1242.0 336.0035705566406 0.74395275 1.7019775 0.6583285 7.2259645 1.8446826 8.586319 2.80954647064209 0.26201531291007996
Pedestrian 0.0 0 -1.1681439876556396 800.7333374023438 165.04383850097656 835.5674438476562 218.26095581054688 0.9091991 1.8496027 0.9102414 7.3764505 1.5785125 25.714657 -0.8887874484062195 0.1541435420513153
Pedestrian 0.0 0 -1.7869223356246948 869.0900268554688 161.74964904785156 901.1580200195312 229.8267822265625 0.73595566 1.7469385 0.64106274 7.1591444 1.462346 18.923332 -1.4252409934997559 0.15120500326156616
Pedestrian 0.0 0 -1.822996973991394 912.7803344726562 151.69313049316406 959.7603149414062 234.48550415039062 1.2816589 1.7820755 0.658491 7.26121 1.3269536 16.215132 -1.4019702672958374 0.1247326210141182
Pedestrian 0.0 0 -1.6483839750289917 820.621826171875 157.73526000976562 845.3507690429688 212.57191467285156 1.6845187 1.7378504 0.6445563 7.2818685 1.2590743 23.75606 -1.3509501218795776 0.10601208359003067
Cyclist 0.0 0 -1.6483839750289917 820.621826171875 157.73526000976562 845.3507690429688 212.57191467285156 1.6845187 1.7378504 0.6445563 7.2818685 1.2590743 23.75606 -1.3509501218795776 0.17300838232040405
Cyclist 0.0 0 -1.822996973991394 912.7803344726562 151.69313049316406 959.7603149414062 234.48550415039062 1.2816589 1.7820755 0.658491 7.26121 1.3269536 16.215132 -1.4019702672958374 0.11869042366743088
Car 0.0 0 1.9699448347091675 271.9799499511719 185.3283233642578 335.1139221191406 215.21768188476562 4.1217294 1.4647642 1.6814663 -16.570616 2.1774948 39.140217 1.5694594383239746 0.8614935874938965
Car 0.0 0 1.8077995777130127 398.94439697265625 179.82127380371094 434.29327392578125 203.3402557373047 3.77944 1.5890685 1.6096 -13.8620405 2.1079574 51.788044 1.5462619066238403 0.4808894097805023
Car 0.0 0 1.6346220970153809 351.9351806640625 181.0379638671875 372.63519287109375 197.78042602539062 3.7818587 1.4912311 1.6170815 -23.435734 2.2893276 68.29258 1.3040478229522705 0.14974093437194824
