Pedestrian 0.0 0 3.7426295280456543 0.0 159.3571014404297 30.537710189819336 247.25962829589844 0.66400075 1.7886555 0.48522893 -12.588357 1.5143763 14.953375 3.042891502380371 0.2228405773639679
Pedestrian 0.0 0 0.1457912027835846 314.5917053222656 180.645263671875 326.7424621582031 208.54595947265625 0.6450679 1.7767525 0.6183741 -18.688385 2.2836576 46.531822 -0.23611602187156677 0.15465837717056274
Pedestrian 0.0 0 1.0449855327606201 318.7566833496094 169.0360565185547 331.8812255859375 196.77505493164062 0.6368218 1.8871274 0.59909964 -19.56718 1.6277442 49.51704 0.6686580181121826 0.14210832118988037
Pedestrian 0.0 0 -2.4332916736602783 294.97198486328125 159.6058349609375 322.0346374511719 200.36912536621094 0.95222133 1.8984962 0.70175576 -14.27786 1.2818384 34.08186 -2.8300085067749023 0.13198578357696533
Pedestrian 0.0 0 -1.331221342086792 223.0874786376953 141.59518432617188 255.88441467285156 203.4840545654297 1.1761519 1.8779947 0.6529143 -11.6072645 0.92981565 22.540144 -1.8067649602890015 0.12657181918621063
Pedestrian 0.0 0 -2.614956855773926 306.8625183105469 160.36058044433594 331.93341064453125 198.34780883789062 0.9568157 1.8442565 0.62545633 -14.294689 1.2380667 35.40514 -2.9986884593963623 0.12478980422019958
Pedestrian 0.0 0 2.9746997356414795 612.0342407226562 181.18240356445312 648.30517578125 247.94668579101562 0.87842494 1.7445385 0.6180854 0.48569977 1.9720714 19.310709 2.9998462200164795 0.12443945556879044
Pedestrian 0.0 0 -3.141341209411621 1046.188232421875 84.61749267578125 1142.531494140625 275.5395812988281 0.77165663 1.7859039 0.55223227 4.75629 0.96088886 7.1897926 -2.5569005012512207 0.12194596230983734
Cyclist 0.0 0 -1.331221342086792 223.0874786376953 141.59518432617188 255.88441467285156 203.4840545654297 1.1761519 1.8779947 0.6529143 -11.6072645 0.92981565 22.540144 -1.8067649602890015 0.14234189689159393
Cyclist 0.0 0 1.5403118133544922 427.24774169921875 176.43634033203125 437.13372802734375 202.465576171875 1.7798285 1.7464722 0.60389024 -12.260142 1.997792 49.606583 1.2980196475982666 0.1409280002117157
Car 0.0 0 0.2708224654197693 3.008671998977661 187.99696350097656 391.1002197265625 309.90155029296875 4.6611857 1.50728 1.7416404 -5.7704453 1.7596079 10.631348 -0.22645790874958038 0.9605453610420227
Car 0.0 0 1.6170485019683838 340.8901672363281 186.60610961914062 366.0968017578125 208.78125 4.0026875 1.5507241 1.6381619 -19.640936 2.645747 55.278458 1.2756519317626953 0.2421209067106247
Car 0.0 0 -3.4213171005249023 779.6856689453125 155.62582397460938 920.9613647460938 204.6354217529297 4.022002 1.5187278 1.6276896 7.610193 0.9852128 23.243586 -3.1049065589904785 0.10685763508081436
