Pedestrian 0.0 0 -0.09213493019342422 557.6464233398438 174.09278869628906 565.1119384765625 196.76405334472656 0.54575706 1.8146541 0.6102462 -3.9431505 1.9154146 58.13293 -0.15986108779907227 0.4600624144077301
Pedestrian 0.0 0 -2.9327645301818848 734.1118774414062 176.9396514892578 748.3425903320312 207.2179412841797 0.6934805 1.7175281 0.61023563 7.506324 1.9549601 41.451565 -2.7536191940307617 0.24243411421775818
Pedestrian 0.0 0 1.513940453529358 501.9605712890625 146.21310424804688 521.0323486328125 194.78468322753906 0.8429869 1.8627192 0.68871075 -3.8903847 0.84139943 28.148233 1.376599907875061 0.2347998321056366
Pedestrian 0.0 0 -1.8562055826187134 779.958251953125 177.2039794921875 800.8854370117188 219.83709716796875 0.8571248 1.670001 0.5912715 7.1517415 1.8466085 28.791426 -1.6127349138259888 0.2010560780763626
Car 0.0 0 -1.537359356880188 576.7385864257812 179.01974487304688 636.0692138671875 236.87452697753906 3.6589153 1.6136354 1.6902275 -0.09751289 1.8210118 22.370022 -1.5417183637619019 0.9167612791061401
Car 0.0 0 1.8323431015014648 376.5475158691406 184.52627563476562 430.7496337890625 215.16543579101562 4.3589845 1.4804845 1.7272745 -11.029745 2.1428277 38.725807 1.5548738241195679 0.8786407113075256
Car 0.0 0 -1.8177989721298218 723.1670532226562 175.99307250976562 764.208251953125 203.19155883789062 3.588672 1.5358205 1.5678172 7.885969 1.731309 43.007504 -1.6364508867263794 0.25345578789711
Car 0.0 0 -0.7282034158706665 634.898193359375 174.7400665283203 679.8966674804688 193.2874298095703 3.7290146 1.5384179 1.6160319 4.0663557 1.7054912 61.992447 -0.6627028584480286 0.2338147759437561
Car 0.0 0 1.7016217708587646 461.5384826660156 180.67105102539062 486.61065673828125 199.31146240234375 3.756287 1.4672168 1.5851305 -11.353301 2.141886 60.319233 1.5155781507492065 0.20736858248710632
Car 0.0 0 3.757556676864624 0.0 161.81260681152344 84.62700653076172 186.7953643798828 4.136914 1.5118567 1.6845543 -35.22977 0.8440338 44.611404 3.089125871658325 0.16113175451755524
