Pedestrian 0.0 0 -1.7790119647979736 800.6190795898438 164.3146209716797 836.8676147460938 233.8334503173828 0.9521778 1.7328494 0.70757264 5.2866845 1.520352 18.482334 -1.5004113912582397 0.7931556701660156
Pedestrian 0.0 0 -0.009448528289794922 465.1021728515625 173.72854614257812 483.40142822265625 212.6935577392578 0.8565856 1.8501257 0.6585777 -6.5668464 1.8930161 34.681953 -0.1965779960155487 0.6855092644691467
Pedestrian 0.0 0 -1.7813448905944824 831.9803466796875 166.41238403320312 865.7742919921875 237.8981475830078 0.8733837 1.7461855 0.6332491 5.9301863 1.589194 18.090088 -1.4645698070526123 0.6842024326324463
Pedestrian 0.0 0 1.6652562618255615 152.7998504638672 168.6790771484375 182.5426483154297 231.055419921875 0.6267844 1.855657 0.7150358 -13.465519 1.7318138 21.901499 1.1140096187591553 0.5707932114601135
Pedestrian 0.0 0 -2.2662198543548584 22.407989501953125 154.80413818359375 110.3536148071289 282.3582763671875 0.73300236 1.7671214 0.7100735 -7.8915052 1.5174184 10.421846 -2.914318084716797 0.47385555505752563
Pedestrian 0.0 0 1.400551676750183 509.9666442871094 171.0786895751953 524.16943359375 200.14865112304688 1.2438648 1.7985553 0.6827223 -5.876214 1.6890746 45.33363 1.27164888381958 0.42910298705101013
Pedestrian 0.0 0 -1.8494597673416138 722.322509765625 173.68234252929688 754.1287231445312 235.43685913085938 0.74931425 1.757763 0.7300214 3.6703506 1.7826549 20.95686 -1.6760798692703247 0.3349609375
Pedestrian 0.0 0 -3.0602145195007324 552.75146484375 172.064453125 560.7279052734375 194.86724853515625 0.58493185 1.8147329 0.6697452 -4.2862654 1.7522542 57.756935 -3.134290933609009 0.23560993373394012
Pedestrian 0.0 0 1.922484278678894 378.5554504394531 171.05633544921875 405.85577392578125 224.3575897216797 0.9042263 1.7762774 0.6155499 -7.436276 1.7167282 24.511633 1.627931833267212 0.20822829008102417
Pedestrian 0.0 0 -0.9093462228775024 1080.3966064453125 133.1399688720703 1147.6014404296875 256.84912109375 0.55331504 1.7868673 0.6141527 7.4791975 1.2135917 10.7949295 -0.3034393787384033 0.18930372595787048
Pedestrian 0.0 0 1.533402919769287 503.9097595214844 171.165283203125 514.161376953125 197.42324829101562 0.741287 1.7554206 0.65658826 -6.8412156 1.6428819 48.65678 1.3937170505523682 0.1839114874601364
Pedestrian 0.0 0 1.7876123189926147 438.0060119628906 173.33432006835938 451.4706115722656 203.48178100585938 1.1351727 1.7365695 0.5364134 -9.682984 1.7653662 42.14778 1.5617918968200684 0.14907388389110565
Pedestrian 0.0 0 -1.9479289054870605 861.7261352539062 160.87942504882812 910.217041015625 233.01795959472656 1.6994526 1.7544227 0.56291205 6.9612894 1.4635569 18.399153 -1.586225986480713 0.14579351246356964
Cyclist 0.0 0 1.8349390029907227 438.09991455078125 173.1461639404297 451.58648681640625 203.60107421875 1.0342795 1.7557287 0.51675993 -9.673553 1.7733605 42.13076 1.6092430353164673 0.5133495926856995
Cyclist 0.0 0 -1.9499123096466064 858.1445922851562 163.5608673095703 908.6316528320312 235.04244995117188 1.8014971 1.7530957 0.5856345 6.9686065 1.5255388 18.599667 -1.5914371013641357 0.39452868700027466
Cyclist 0.0 0 1.562602162361145 678.0371704101562 171.10711669921875 687.1714477539062 197.37060546875 1.6821702 1.7728081 0.60838974 4.9528794 1.6552488 49.567013 1.6621944904327393 0.38080012798309326
Cyclist 0.0 0 -1.1698909997940063 428.564697265625 180.52671813964844 445.3438415527344 205.88377380371094 1.7503937 1.6565189 0.453001 -11.671928 2.1830645 48.579166 -1.4056875705718994 0.2977105975151062
Cyclist 0.0 0 1.3770461082458496 509.53759765625 171.39373779296875 523.9452514648438 200.3272705078125 1.363768 1.7873458 0.64535034 -5.895395 1.6974974 45.318752 1.247685194015503 0.2852366864681244
Cyclist 0.0 0 -2.001918077468872 707.977783203125 176.53343200683594 729.4456787109375 208.77972412109375 1.469451 1.6436754 0.5439238 5.639751 1.8404624 37.735634 -1.8535619974136353 0.2098090499639511
Cyclist 0.0 0 1.9289301633834839 375.2145080566406 168.597900390625 407.5722961425781 222.18368530273438 1.2869674 1.770496 0.64319634 -7.4544735 1.6302309 24.499542 1.6335606575012207 0.1674598753452301
Car 0.0 0 0.5171123743057251 6.817101001739502 190.3257598876953 142.85337829589844 232.3683319091797 3.8532567 1.488898 1.6412566 -20.316206 2.1796422 27.46339 -0.11980023235082626 0.18942074477672577
