Pedestrian 0.0 0 -2.051483154296875 1106.2677001953125 96.51348876953125 1242.0 310.6610107421875 0.6723034 1.719632 0.70342195 4.756651 1.1069659 6.1835523 -1.3957802057266235 0.46502384543418884
Pedestrian 0.0 0 0.8470273017883301 877.7446899414062 85.16902160644531 1001.6073608398438 302.03839111328125 0.84988654 1.7039148 0.5264493 2.7275624 1.0153431 6.1508284 1.2644178867340088 0.2881998121738434
Pedestrian 0.0 0 2.7810962200164795 601.3407592773438 159.50259399414062 617.7094116210938 190.41534423828125 0.80695677 1.8673943 0.6911121 -0.06398447 1.0612131 44.050343 2.7796437740325928 0.23483873903751373
Cyclist 0.0 0 2.891453504562378 744.9036254882812 160.18377685546875 785.5551147460938 200.49411010742188 1.765293 1.8671297 0.59939855 7.2152967 1.2806175 33.75243 3.1020548343658447 0.27608099579811096
Car 0.0 0 -0.3815726041793823 846.7340698242188 167.50827026367188 968.4536743164062 212.76695251464844 3.5266488 1.4937987 1.4994107 10.026849 1.3177168 24.572212 0.0058596134185791016 0.7673075199127197
Car 0.0 0 2.5437066555023193 980.0858154296875 162.4552764892578 1137.5843505859375 209.03024291992188 4.3868613 1.5298206 1.6762438 15.199475 1.188618 24.633204 3.096555709838867 0.7472284436225891
Car 0.0 0 1.1314201354980469 269.36334228515625 185.02244567871094 343.38043212890625 219.36610412597656 4.010264 1.4356505 1.6044844 -14.161872 2.0331175 33.467293 0.7311127185821533 0.4730360209941864
Car 0.0 0 3.795060157775879 0.0 203.1844940185547 60.33790588378906 252.7150115966797 4.0259495 1.4854479 1.6868881 -20.877811 2.5276432 23.806385 3.0751078128814697 0.3358911871910095
Car 0.0 0 1.3744988441467285 134.078125 192.61550903320312 191.63180541992188 228.50311279296875 3.5598547 1.4356229 1.5469412 -20.33809 2.3817606 32.70199 0.8181159496307373 0.2820492684841156
Car 0.0 0 -1.8168940544128418 673.9469604492188 168.7855987548828 714.7883911132812 195.756103515625 3.7155588 1.5428926 1.5636635 4.971062 1.3105112 43.218315 -1.7023751735687256 0.21048253774642944
