Pedestrian 0.0 0 2.943514823913574 685.1732788085938 152.51242065429688 711.468505859375 201.80520629882812 0.8828009 1.8287405 0.5764037 3.2681339 1.0744351 27.087706 3.063584566116333 0.458469033241272
Car 0.0 0 -1.9317973852157593 733.3943481445312 196.04347229003906 979.5575561523438 364.7667541503906 3.2982116 1.4625353 1.5649539 2.549391 1.7880281 8.416093 -1.6376651525497437 0.9727059006690979
Car 0.0 0 -1.7602465152740479 672.1481323242188 193.16473388671875 793.8189086914062 287.54974365234375 3.6363013 1.4675782 1.5991174 2.159798 1.9099585 13.855208 -1.6056076288223267 0.9367944002151489
Car 0.0 0 1.8626353740692139 310.7154846191406 188.64813232421875 509.07330322265625 328.50189208984375 3.8560686 1.5502154 1.6590128 -2.677485 1.8211178 10.39727 1.610593557357788 0.8946980237960815
Car 0.0 0 -1.792567491531372 654.3267211914062 187.2198944091797 734.25048828125 248.35372924804688 3.3638186 1.5285959 1.5463282 2.2743628 1.974602 20.622501 -1.6827259063720703 0.875659167766571
Car 0.0 0 -1.440303921699524 427.9057922363281 189.03358459472656 523.8048095703125 272.69842529296875 3.5833251 1.5209253 1.5799922 -2.8387296 1.913253 15.649192 -1.6197504997253418 0.8086134195327759
Car 0.0 0 -1.6993434429168701 636.090576171875 187.72500610351562 695.2854614257812 234.50772094726562 3.77334 1.4515928 1.6001383 1.8517156 2.0181432 25.54014 -1.6269679069519043 0.7944340705871582
Car 0.0 0 -2.4000625610351562 978.7583618164062 219.31109619140625 1242.0 375.0 3.5462878 1.473357 1.5858792 2.6862261 1.7321564 2.1963418 -1.5146658420562744 0.6534596085548401
Car 0.0 0 1.7508480548858643 521.4199829101562 186.6559600830078 565.6243896484375 219.663330078125 3.6970677 1.486538 1.5602323 -3.3007033 2.212132 36.000748 1.6594194173812866 0.6516509652137756
Car 0.0 0 1.6687889099121094 539.9664916992188 178.72396850585938 577.5498657226562 212.97836303710938 4.5149927 1.8279611 1.7265152 -2.92826 2.18503 41.563717 1.5984528064727783 0.643237292766571
Car 0.0 0 1.6584044694900513 470.43829345703125 189.99644470214844 536.0324096679688 250.1569366455078 3.5049188 1.486816 1.5530266 -3.0210845 2.0203884 20.646324 1.5131100416183472 0.4857848286628723
