Pedestrian 0.0 0 0.48486873507499695 906.5717163085938 185.74696350097656 939.6212158203125 223.6300811767578 1.3715553 1.8225497 0.6361228 15.552519 2.4783292 35.943375 0.8932390213012695 0.1382269561290741
Cyclist 0.0 0 -2.114959478378296 947.96728515625 187.29458618164062 988.3941040039062 242.6708526611328 1.6315477 1.6548823 0.34706846 11.260853 2.1285548 22.819214 -1.6565405130386353 0.5643821358680725
Cyclist 0.0 0 0.48486873507499695 906.5717163085938 185.74696350097656 939.6212158203125 223.6300811767578 1.3715553 1.8225497 0.6361228 15.552519 2.4783292 35.943375 0.8932390213012695 0.441388875246048
Car 0.0 0 -1.623477816581726 573.3992309570312 177.2184295654297 626.1763916015625 227.4296112060547 4.5192456 1.6363466 1.6591179 -0.4953271 1.809354 26.22693 -1.6423617601394653 0.9436370730400085
Car 0.0 0 1.7390804290771484 442.8846130371094 180.03634643554688 508.1889953613281 230.75079345703125 3.4650574 1.4541012 1.4780256 -4.2391896 1.7000111 22.922272 1.5562089681625366 0.9375358819961548
Car 0.0 0 1.6477383375167847 527.8194580078125 177.86981201171875 559.6372680664062 202.39833068847656 4.080255 1.451805 1.6950835 -4.174838 1.783406 45.595337 1.5564301013946533 0.8785492777824402
Car 0.0 0 2.191681385040283 71.92000579833984 175.86404418945312 172.3214569091797 215.9813232421875 3.8739402 1.594983 1.6109642 -20.82833 1.7325855 30.93714 1.5991371870040894 0.8480890989303589
Car 0.0 0 2.059946298599243 233.7882080078125 180.78839111328125 296.3646240234375 207.92501831054688 3.9286752 1.4923769 1.7066921 -20.434496 1.9859352 42.84785 1.6149420738220215 0.8207482695579529
Car 0.0 0 2.092470645904541 164.2164764404297 179.06063842773438 239.7900848388672 209.6049041748047 4.067345 1.4678226 1.608449 -21.159904 1.8086787 37.540737 1.5792067050933838 0.7919910550117493
Car 0.0 0 2.298896074295044 0.0 183.8533172607422 64.81748962402344 233.05885314941406 4.024486 1.4823684 1.6224715 -21.048283 1.8897979 24.671076 1.5925724506378174 0.5716555118560791
