Pedestrian 0.0 0 0.18888522684574127 683.0537109375 134.74844360351562 734.0180053710938 224.59799194335938 0.8969391 1.7199103 0.6283303 1.9006178 0.9908471 14.248786 0.3214905261993408 0.46458232402801514
Pedestrian 0.0 0 -1.0099068880081177 297.0739440917969 192.8309783935547 340.4909973144531 251.90943908691406 0.946897 1.8427392 0.9498462 -9.489122 2.506908 23.423777 -1.3948075771331787 0.3307575285434723
Cyclist 0.0 0 0.17070531845092773 687.2965087890625 132.3423614501953 736.4466552734375 221.88790893554688 0.8743206 1.7189918 0.60384035 1.9690927 0.94165397 14.268689 0.30784010887145996 0.1087624803185463
Car 0.0 0 -1.8835055828094482 665.5499267578125 178.578125 828.6751708984375 285.8359375 3.3761435 1.4235698 1.5475088 1.9654431 1.5296785 11.545653 -1.714889645576477 0.9621068835258484
Car 0.0 0 -1.0986863374710083 841.5313110351562 162.4258575439453 943.9406127929688 208.18760681152344 4.318329 1.507075 1.6225777 10.124632 1.1640023 25.798456 -0.7247045040130615 0.8856801390647888
Car 0.0 0 -0.9689834117889404 754.8543090820312 167.43670654296875 868.8618774414062 218.4181671142578 3.840756 1.4877632 1.5893512 6.4090233 1.3300316 22.89462 -0.6960342526435852 0.8835130333900452
Car 0.0 0 -1.0797172784805298 924.089111328125 166.4732666015625 1004.010986328125 205.41744995117188 3.228686 1.4504186 1.4797451 13.920118 1.2131361 28.41369 -0.6241751313209534 0.8638180494308472
Car 0.0 0 2.445941209793091 573.9432373046875 173.23648071289062 679.0125122070312 214.5219268798828 3.7898881 1.4395193 1.5941004 0.6137605 1.4551437 26.993244 2.468674898147583 0.8552016615867615
Car 0.0 0 -1.2932016849517822 976.15673828125 155.7423095703125 1055.564697265625 198.9567413330078 4.629362 1.7362474 1.7979567 17.595573 1.0491008 31.254234 -0.7804461717605591 0.7608950734138489
Car 0.0 0 2.2311699390411377 705.764404296875 169.40228271484375 792.8074951171875 205.5326385498047 3.9299495 1.4530874 1.5843438 5.9680333 1.3146245 30.90692 2.421919345855713 0.4075252115726471
