Car 0.0 0 -1.7392672300338745 709.8211669921875 195.22906494140625 791.1771850585938 255.6814727783203 4.1919055 1.4644521 1.6293162 3.9524002 2.1860542 21.146538 -1.55449378490448 0.9240384101867676
Car 0.0 0 2.034832000732422 0.0 202.56826782226562 410.8472595214844 375.0 3.381667 1.4294894 1.5323962 -2.9510374 1.746429 5.9890947 1.5770131349563599 0.9175288081169128
Car 0.0 0 1.5946266651153564 556.8116455078125 187.12379455566406 589.3005981445312 217.87643432617188 3.9939327 1.4970534 1.6613635 -1.9883019 2.3089726 39.01426 1.543707251548767 0.8981674909591675
Car 0.0 0 -1.947582721710205 813.3185424804688 186.66094970703125 1088.874267578125 363.87030029296875 3.5113797 1.5634236 1.6254406 3.5859628 1.7588668 8.416007 -1.5447906255722046 0.8906340599060059
Car 0.0 0 1.3442929983139038 748.1354370117188 198.39175415039062 871.3939208984375 287.9737243652344 3.9320667 1.4913181 1.6004937 3.9698033 2.0977669 15.13241 1.6008496284484863 0.8722227811813354
Car 0.0 0 -1.7030282020568848 700.8863525390625 189.48231506347656 758.230224609375 234.0040740966797 3.6912324 1.4351664 1.589431 4.2765594 2.089727 26.517567 -1.5431323051452637 0.7275754809379578
Car 0.0 0 1.6932988166809082 452.877197265625 171.79808044433594 548.1915283203125 264.9529724121094 4.2742176 1.9539065 1.7303656 -2.5300229 1.9321167 17.287663 1.5479819774627686 0.7238591313362122
Car 0.0 0 -1.7565174102783203 686.025634765625 191.59568786621094 733.16064453125 228.3075714111328 3.3013582 1.5035537 1.5398967 4.4574924 2.403943 32.95964 -1.6220921277999878 0.6776520013809204
Car 0.0 0 -2.395207405090332 1082.74658203125 229.15618896484375 1242.0 375.0 3.870998 1.4703722 1.6258835 3.9549713 1.8700135 3.1210973 -1.4925061464309692 0.5777069926261902
Car 0.0 0 -1.6871486902236938 676.123046875 188.55831909179688 715.6891479492188 221.2699432373047 3.5849895 1.5479726 1.6356833 4.397581 2.406979 37.655445 -1.5708905458450317 0.539973795413971
