Car 0.0 0 1.9837725162506104 156.79991149902344 201.6024627685547 350.1708679199219 307.7854309082031 3.8666914 1.3982433 1.549296 -5.975488 1.975383 12.516044 1.5383464097976685 0.948484480381012
Car 0.0 0 -3.5336575508117676 860.9747314453125 149.43484497070312 1034.0294189453125 208.69371032714844 3.8624706 1.5087825 1.5980638 8.848895 0.91286826 19.241905 -3.102620840072632 0.911243736743927
Car 0.0 0 1.8284671306610107 376.7427978515625 189.38882446289062 461.5010986328125 241.92520141601562 4.160248 1.4485362 1.6296161 -6.0838523 2.030238 23.283789 1.5728899240493774 0.8914766311645508
Car 0.0 0 1.8968019485473633 296.1162109375 194.3349151611328 414.4848327636719 271.05560302734375 3.777144 1.5276593 1.5365349 -6.0087204 2.100138 17.320019 1.5628706216812134 0.8732582926750183
Car 0.0 0 -1.7023463249206543 671.84130859375 175.00877380371094 733.7847290039062 222.40296936035156 3.9672866 1.5129691 1.6186581 3.1129162 1.5945444 25.202553 -1.5794528722763062 0.8566150665283203
Car 0.0 0 1.8163906335830688 440.03033447265625 187.263427734375 500.89605712890625 225.60617065429688 4.0318613 1.4415481 1.611083 -5.9012094 2.096725 30.728867 1.6266592741012573 0.8524537086486816
Car 0.0 0 2.644519805908203 850.3909301757812 147.21807861328125 978.1204223632812 201.27955627441406 3.1909826 1.5600661 1.5614532 9.075007 0.8206418 21.757862 3.039672374725342 0.7343241572380066
Car 0.0 0 2.2825353145599365 0.0 210.06063842773438 207.03712463378906 375.0 3.4886947 1.5551565 1.566384 -5.856671 2.0167723 7.1772165 1.5981090068817139 0.7204020619392395
Car 0.0 0 2.7298803329467773 808.5336303710938 157.95164489746094 932.416015625 207.72219848632812 3.5677872 1.6091697 1.6163572 8.6534 1.1277086 24.255135 3.0725698471069336 0.6943449974060059
Car 0.0 0 -1.668238639831543 660.130859375 175.6690216064453 707.7120971679688 216.43362426757812 4.031115 1.6047552 1.6135988 3.0375574 1.7327514 30.6966 -1.5696055889129639 0.6588430404663086
Car 0.0 0 -0.7497504353523254 1166.299072265625 128.63925170898438 1242.0 172.02883911132812 4.433509 1.551652 1.7386984 23.460096 -0.031331856 26.771553 -0.03018077462911606 0.6060723066329956
Car 0.0 0 -3.3390538692474365 771.647705078125 159.80174255371094 890.5977172851562 203.8533172607422 3.97398 1.5749676 1.6522645 8.089012 1.1086711 26.806295 -3.045984983444214 0.5569772124290466
