Pedestrian 0.0 0 -0.07305976748466492 396.8444519042969 178.1220245361328 406.6575622558594 202.0483856201172 0.64376473 1.7722558 0.89808697 -15.675621 2.1723158 54.209957 -0.35454678535461426 0.13971975445747375
Pedestrian 0.0 0 -1.4190590381622314 839.0222778320312 176.52767944335938 857.3845825195312 217.49310302734375 0.6610408 1.7439535 0.6634642 10.274912 1.9056407 31.238722 -1.1012893915176392 0.13762126863002777
Pedestrian 0.0 0 -1.7640575170516968 785.819580078125 172.3769989013672 798.8970947265625 203.4417724609375 0.79600716 1.7009864 0.55789506 10.0502405 1.6752257 39.918182 -1.517412781715393 0.12725625932216644
Cyclist 0.0 0 1.4701101779937744 987.0347900390625 176.0475616455078 1004.27099609375 210.4060516357422 1.5738449 1.6872072 0.6100483 19.425037 1.8525519 36.429745 1.9599785804748535 0.2730228304862976
Cyclist 0.0 0 1.5041412115097046 1190.1055908203125 177.7802734375 1202.75439453125 203.46925354003906 1.261986 1.7010553 0.5788866 39.56301 2.0387206 48.719574 2.186190128326416 0.1108287051320076
Car 0.0 0 -3.380403518676758 920.7763671875 175.6605682373047 995.1585693359375 202.53065490722656 3.7451696 1.5589925 1.5936719 20.776117 1.7322196 43.272255 -2.932781457901001 0.8507605791091919
Car 0.0 0 2.0838189125061035 13.503896713256836 199.71290588378906 97.34233856201172 234.67848205566406 3.4862154 1.4514351 1.6969261 -26.54904 2.8095982 34.62826 1.4297232627868652 0.7990065217018127
Car 0.0 0 1.1257801055908203 997.7321166992188 170.67410278320312 1071.7353515625 203.5419158935547 3.807241 1.4974949 1.5844318 20.367872 1.3985344 34.834763 1.6548733711242676 0.11912073940038681
Car 0.0 0 1.8679372072219849 106.97388458251953 181.66629028320312 152.35394287109375 206.458740234375 4.0541368 1.6785231 1.6376837 -34.958443 2.347561 52.571285 1.2811086177825928 0.10313483327627182
Car 0.0 0 -1.6724395751953125 830.9974975585938 169.14511108398438 878.1054077148438 203.07937622070312 3.9852917 1.4515215 1.6300799 11.0712 1.2932339 32.98396 -1.3486018180847168 0.10011912882328033
