Car 0.0 0 -1.8113064765930176 562.06982421875 204.96084594726562 697.035888671875 306.19091796875 3.9594486 1.4176713 1.5788637 0.15205285 2.114694 13.5460825 -1.8000820875167847 0.9548479914665222
Car 0.0 0 -1.975012183189392 622.3580932617188 205.88987731933594 889.5269165039062 375.0 4.159325 1.4698216 1.6453265 1.4378425 1.9855926 9.036891 -1.8172266483306885 0.9525589942932129
Car 0.0 0 1.7099403142929077 178.47628784179688 213.18125915527344 291.5789489746094 310.74951171875 3.4115164 1.4511122 1.4910128 -7.244533 2.3444703 14.118838 1.2358589172363281 0.9349827170372009
Car 0.0 0 -1.7506297826766968 502.126708984375 194.4241485595703 592.94921875 269.66693115234375 3.8004758 1.6043444 1.6518644 -1.760971 2.2225537 18.611952 -1.8449640274047852 0.8956455588340759
Car 0.0 0 1.8790279626846313 0.0 219.96731567382812 237.7413330078125 375.0 4.109515 1.4453648 1.6323464 -5.3816266 2.097426 7.774355 1.2735371589660645 0.8872296214103699
Car 0.0 0 1.6665228605270386 281.6963195800781 189.40740966796875 348.14495849609375 253.60289001464844 4.2098107 1.9318957 1.7438446 -10.22513 2.5612202 25.14648 1.2803202867507935 0.8834003210067749
Car 0.0 0 -2.3829007148742676 766.9922485351562 203.8385772705078 1242.0 375.0 3.504735 1.4725025 1.5525931 2.5026338 1.7480043 4.500018 -1.875356674194336 0.8563469052314758
Car 0.0 0 -1.6498827934265137 467.6029052734375 199.76861572265625 514.2044677734375 239.08042907714844 4.193797 1.3827199 1.6124651 -5.161574 2.6100252 30.659678 -1.8166693449020386 0.7282347679138184
Car 0.0 0 2.265488624572754 0.0 206.57171630859375 99.80609130859375 375.0 4.0929623 1.481743 1.6378793 -3.7104514 1.7064769 2.6097007 1.307654857635498 0.5525575280189514
Car 0.0 0 1.4622262716293335 340.4957580566406 200.6454315185547 372.4379577636719 227.2230987548828 3.4301763 1.4695748 1.5412376 -16.11928 3.3028286 45.704338 1.1231606006622314 0.5409973859786987
