Pedestrian 0.0 0 1.5933698415756226 713.9074096679688 155.06182861328125 737.1015625 220.07981872558594 0.9375621 1.7722774 0.6212928 3.3450396 1.080457 19.786982 1.7608389854431152 0.8277404308319092
Pedestrian 0.0 0 -1.5945218801498413 880.2658081054688 145.10690307617188 974.6951293945312 318.0638732910156 0.941307 1.6677068 0.8483396 3.3030627 1.3281317 7.4103713 -1.175220251083374 0.7880590558052063
Pedestrian 0.0 0 1.5504364967346191 760.683349609375 157.48553466796875 778.8369750976562 205.7605743408203 0.77193123 1.7746272 0.64348936 6.128348 0.930115 26.430658 1.7782756090164185 0.5895968079566956
Pedestrian 0.0 0 1.80547297000885 699.1270141601562 154.0394287109375 725.1538696289062 211.85488891601562 1.0517321 1.9227957 0.65306115 3.6332428 1.0443243 24.119608 1.9549833536148071 0.49247464537620544
Pedestrian 0.0 0 2.598951816558838 721.6237182617188 150.77561950683594 757.8473510742188 207.8296356201172 1.0061339 1.814419 0.56542754 4.3357368 0.87068075 22.920652 2.785905599594116 0.33965587615966797
Pedestrian 0.0 0 -1.1528844833374023 253.6192626953125 202.93943786621094 327.1162109375 332.229736328125 0.8844428 1.6717405 0.62183756 -4.358658 1.9965614 9.734227 -1.5738792419433594 0.2944898307323456
Pedestrian 0.0 0 -1.3488860130310059 394.2171936035156 187.75262451171875 433.7564697265625 263.5165710449219 0.86887187 1.6644988 0.6955776 -4.3680577 1.8355378 16.063665 -1.6143879890441895 0.2600022554397583
Pedestrian 0.0 0 2.5571746826171875 1043.925048828125 131.1564483642578 1096.691650390625 224.35202026367188 0.6317692 1.7090487 0.5391534 8.658148 0.80581075 13.232261 3.1365816593170166 0.23736687004566193
Pedestrian 0.0 0 2.4470207691192627 1075.164306640625 127.9126205444336 1175.1300048828125 269.4249267578125 0.80813456 1.7567976 0.65357673 6.6467586 1.1056323 9.125004 3.076561450958252 0.23196671903133392
Pedestrian 0.0 0 -1.8225877285003662 905.6199340820312 150.06320190429688 930.1591796875 199.70872497558594 0.99690336 1.8090485 0.6033802 11.605206 0.7014715 26.300388 -1.4070290327072144 0.23170241713523865
Pedestrian 0.0 0 -1.7788969278335571 877.2160034179688 134.36328125 939.4304809570312 262.1287841796875 1.035714 1.8632299 0.67460614 4.5975738 1.1920727 10.878711 -1.3790428638458252 0.19545912742614746
Pedestrian 0.0 0 -1.3395997285842896 338.11669921875 189.58987426757812 390.6044921875 290.5410461425781 0.94759405 1.7342165 0.69971675 -4.3622074 1.9061857 12.738279 -1.6695315837860107 0.19207388162612915
Pedestrian 0.0 0 -1.8845877647399902 698.6958618164062 186.09539794921875 752.5708618164062 285.6470642089844 0.9312434 1.7003725 0.6921383 2.0979896 1.8061382 12.64104 -1.7201203107833862 0.17980898916721344
Cyclist 0.0 0 -0.8701059222221375 566.7923583984375 166.0351104736328 620.1088256835938 224.98793029785156 1.9257691 1.793233 0.591652 -0.37677246 1.3547976 22.435385 -0.8868980407714844 0.712529718875885
Cyclist 0.0 0 -2.027240753173828 864.1278686523438 137.83827209472656 950.9205322265625 256.5008850097656 1.5516232 1.7247156 0.61923295 4.643768 1.1063079 11.064446 -1.6298662424087524 0.5495699048042297
Cyclist 0.0 0 -1.908679723739624 905.0241088867188 152.8628387451172 937.8282470703125 202.839599609375 1.7617368 1.7810903 0.54793274 11.632365 0.7976713 26.093357 -1.4893256425857544 0.24348653852939606
Cyclist 0.0 0 1.80547297000885 699.1270141601562 154.0394287109375 725.1538696289062 211.85488891601562 1.0517321 1.9227957 0.65306115 3.6332428 1.0443243 24.119608 1.9549833536148071 0.10787724703550339
Car 0.0 0 1.7192739248275757 492.77642822265625 173.46597290039062 532.5205078125 201.91229248046875 3.760196 1.4660989 1.5992452 -4.9655595 1.1049908 38.33118 1.5904477834701538 0.17092114686965942
Car 0.0 0 1.2120691537857056 540.3986206054688 173.68533325195312 569.6306762695312 189.85194396972656 3.673169 1.5074781 1.6112057 -4.802503 0.8731802 67.93004 1.141488790512085 0.1625307947397232
