Pedestrian 0.0 0 2.219113826751709 957.8074340820312 163.90248107910156 1028.361083984375 292.5775451660156 0.5478831 1.738697 0.6875162 5.3402305 1.6180992 10.174503 2.7024543285369873 0.7093358635902405
Pedestrian 0.0 0 3.6835455894470215 0.0 197.86351013183594 43.622196197509766 264.08294677734375 0.76968396 1.62995 0.60621953 -15.095634 2.279876 18.381897 2.995997190475464 0.46382462978363037
Pedestrian 0.0 0 -0.3560853898525238 760.1832275390625 167.78326416015625 787.6432495117188 207.12767028808594 1.001344 1.7188998 0.70584285 7.2100606 1.4977248 31.936852 -0.13404777646064758 0.45028752088546753
Pedestrian 0.0 0 -3.38960337638855 913.0059204101562 176.80479431152344 951.1055297851562 236.03797912597656 0.9179556 1.7166816 0.556464 9.455555 1.8356494 21.307331 -2.97194242477417 0.3231470286846161
Pedestrian 0.0 0 2.8300819396972656 676.7973022460938 162.60409545898438 697.1863403320312 194.79641723632812 1.0320128 1.7937506 0.5122348 4.2908607 1.2229859 40.55749 2.9354867935180664 0.18913660943508148
Cyclist 0.0 0 -2.351318359375 743.934814453125 177.36477661132812 770.4843139648438 205.46827697753906 1.7204795 1.7147194 0.5870598 9.176664 2.003074 45.18449 -2.1509501934051514 0.3850190043449402
Cyclist 0.0 0 -0.363528847694397 759.4281005859375 167.84872436523438 787.9929809570312 207.38021850585938 1.0431931 1.7266927 0.72469383 7.2028313 1.5084257 31.945648 -0.1417657434940338 0.1116982251405716
Car 0.0 0 -1.5638024806976318 600.873046875 179.50648498535156 628.4395141601562 206.98031616210938 3.6413286 1.6350105 1.6748078 0.27324256 2.0732143 45.65534 -1.5578176975250244 0.848355770111084
Car 0.0 0 1.743736982345581 437.29827880859375 186.9312286376953 468.6672668457031 208.40696716308594 3.9618847 1.4945953 1.6754487 -11.922792 2.6047277 54.865902 1.52975594997406 0.5288945436477661
Car 0.0 0 1.797417402267456 488.1045227050781 183.53269958496094 520.67822265625 203.82615661621094 3.972467 1.4576645 1.6537379 -8.183193 2.3175406 56.02615 1.652382731437683 0.3266901969909668
