Pedestrian 0.0 0 -2.104292869567871 896.624755859375 151.84234619140625 973.2197875976562 271.8059997558594 0.8397013 1.73556 0.71931046 4.9715776 1.3078042 10.844619 -1.6744447946548462 0.8528799414634705
Pedestrian 0.0 0 -1.9729745388031006 850.7222290039062 154.0657501220703 968.1380615234375 336.7992248535156 0.9412516 1.7038423 0.7627693 2.9872305 1.4494158 7.168696 -1.5781508684158325 0.8372886180877686
Pedestrian 0.0 0 -1.906615138053894 683.3798217773438 163.9650421142578 729.9088745117188 241.65139770507812 0.9717204 1.7504432 0.79391193 2.4032261 1.3565573 16.736078 -1.763994574546814 0.7991378307342529
Pedestrian 0.0 0 -1.8372159004211426 102.92327880859375 169.0768585205078 203.15057373046875 337.89019775390625 0.91553366 1.6692367 0.6867737 -4.837337 1.5477648 7.662707 -2.400320529937744 0.7858853936195374
Pedestrian 0.0 0 -0.6979639530181885 757.6913452148438 161.138916015625 867.5585327148438 339.4173278808594 0.7658134 1.6248113 0.6881625 2.001401 1.4406208 7.0145326 -0.4200269281864166 0.7766050100326538
Pedestrian 0.0 0 -0.6359375715255737 1098.0318603515625 140.8323211669922 1205.8917236328125 278.0582580566406 0.879114 1.729557 0.69514585 7.1368947 1.2183287 9.404433 0.013226509094238281 0.7286692261695862
Pedestrian 0.0 0 -2.7595765590667725 434.3014831542969 164.28736877441406 492.7699279785156 261.6201171875 0.87114567 1.6845232 0.57892215 -2.4898598 1.3879051 12.795954 -2.9517569541931152 0.6599408388137817
Pedestrian 0.0 0 -1.3234525918960571 416.4086608886719 172.96514892578125 448.1513977050781 226.0090789794922 0.98144495 1.8538802 0.8897733 -6.0409265 1.5566509 25.600725 -1.5551807880401611 0.5675386786460876
Pedestrian 0.0 0 -1.7346543073654175 435.6817626953125 172.42840576171875 463.1009216308594 235.58395385742188 0.7413154 1.6447802 0.6008791 -4.0923476 1.4096978 19.160055 -1.9450799226760864 0.5245898365974426
Pedestrian 0.0 0 1.8752496242523193 1158.373291015625 171.0714569091797 1232.928466796875 291.77740478515625 0.76963943 1.6567193 0.6256107 8.498966 1.5149069 10.328924 2.563758134841919 0.5177044868469238
Pedestrian 0.0 0 2.1874022483825684 980.2103271484375 153.23818969726562 1047.383544921875 262.66021728515625 0.7435886 1.6763077 0.61059225 6.5175514 1.244649 11.435815 2.705413818359375 0.5084383487701416
Pedestrian 0.0 0 -1.6328694820404053 4.225039482116699 166.2246856689453 102.11263275146484 369.7166748046875 1.4720149 1.6878917 0.6267156 -5.2010546 1.5625769 6.715401 -2.2918648719787598 0.27087903022766113
Cyclist 0.0 0 -1.4510594606399536 510.5231628417969 175.91366577148438 529.4712524414062 216.36956787109375 1.7515322 1.6703745 0.5981791 -3.4657593 1.4407074 30.534311 -1.5640795230865479 0.5421387553215027
Cyclist 0.0 0 1.7356183528900146 463.3564758300781 173.7666778564453 497.1187744140625 242.872314453125 1.810363 1.7004042 0.57557756 -3.1464517 1.5113086 18.578669 1.5678519010543823 0.41232213377952576
Cyclist 0.0 0 -1.6328694820404053 4.225039482116699 166.2246856689453 102.11263275146484 369.7166748046875 1.4720149 1.6878917 0.6267156 -5.2010546 1.5625769 6.715401 -2.2918648719787598 0.36214107275009155
Car 0.0 0 1.7036670446395874 447.39849853515625 160.44775390625 519.6396484375 224.39736938476562 4.6400757 2.062783 1.9253972 -4.0931177 1.3848097 25.512743 1.5445884466171265 0.6260601878166199
Car 0.0 0 -1.5445150136947632 549.3377075195312 172.96961975097656 574.66748046875 197.35415649414062 3.5651681 1.5658802 1.5967082 -2.5893998 1.018798 47.930138 -1.5984870195388794 0.6160397529602051
