Pedestrian 0.0 0 0.5187013745307922 100.30545806884766 181.52499389648438 152.71617126464844 245.2918243408203 0.9350748 1.8155564 0.9422135 -14.223816 2.0765483 21.181541 -0.07265329360961914 0.2609403133392334
Pedestrian 0.0 0 1.8136157989501953 405.0230407714844 161.08253479003906 429.27813720703125 206.39598083496094 0.9582962 1.8620803 0.772324 -8.088133 1.3787097 30.134192 1.5513923168182373 0.18473686277866364
Pedestrian 0.0 0 2.343874454498291 1100.39599609375 89.33152770996094 1207.685791015625 257.2362365722656 0.76392776 1.7830042 0.5842002 5.9679165 0.89642507 8.007678 2.984344244003296 0.1814400851726532
Pedestrian 0.0 0 1.47724187374115 720.5545654296875 161.3194580078125 736.3518676757812 197.44595336914062 0.82721704 1.8902355 0.74979484 6.2284074 1.2870752 38.188232 1.6389158964157104 0.13561446964740753
Pedestrian 0.0 0 -0.40222275257110596 120.03907775878906 184.68553161621094 166.15992736816406 244.4345703125 0.96912766 1.8178664 0.85296404 -14.824435 2.203351 22.84376 -0.9778587818145752 0.10674039274454117
Pedestrian 0.0 0 2.909689426422119 0.0 172.4488067626953 27.081552505493164 233.02978515625 0.917354 1.8484416 0.91738176 -19.068457 1.8364367 22.654509 2.2100296020507812 0.1025991439819336
Cyclist 0.0 0 -2.2976605892181396 812.2794189453125 160.06951904296875 843.2029418945312 193.251220703125 1.7844129 1.7953979 0.60575294 12.014208 1.1040119 39.975014 -2.0057058334350586 0.2566646933555603
Cyclist 0.0 0 -2.4905548095703125 115.91835021972656 183.43687438964844 168.74069213867188 244.17636108398438 1.1599382 1.8627151 0.7801053 -14.753386 2.202513 22.707851 -3.0667219161987305 0.10808300226926804
Car 0.0 0 0.2551189959049225 460.9305419921875 181.791748046875 529.0376586914062 204.29541015625 4.3455205 1.489294 1.6687979 -7.9097915 2.117185 49.616558 0.0970308780670166 0.8358753323554993
Car 0.0 0 1.6881128549575806 281.3138427734375 180.873291015625 322.0375671386719 210.25466918945312 4.011679 1.5278363 1.6628618 -17.433016 2.0062861 40.85475 1.2847970724105835 0.2301211953163147
