Pedestrian 0.0 0 1.1269958019256592 794.5030517578125 114.6452407836914 843.3078002929688 209.82887268066406 0.85247815 1.8209571 0.6189356 4.069468 0.7077237 14.272509 1.4047517776489258 0.49161261320114136
Pedestrian 0.0 0 1.5693001747131348 919.548828125 154.49887084960938 935.07177734375 200.18972778320312 0.41224486 1.8190871 0.56783754 12.722009 1.0886734 29.026281 1.9823757410049438 0.4658752679824829
Car 0.0 0 -1.8368796110153198 680.0502319335938 184.79739379882812 778.5621948242188 250.20779418945312 3.4970946 1.4200637 1.5529404 2.8402903 1.7511126 18.151594 -1.6816622018814087 0.9530102610588074
Car 0.0 0 -2.6663060188293457 142.77252197265625 190.62274169921875 401.25494384765625 273.31195068359375 4.294208 1.4631689 1.6308998 -6.507637 1.8320522 14.057699 -3.0998549461364746 0.9358019232749939
Car 0.0 0 -1.7101011276245117 645.7848510742188 182.34230041503906 703.5596923828125 225.0944366455078 4.1616273 1.4665582 1.6366633 2.3688798 1.8606014 27.812866 -1.6251341104507446 0.9076017141342163
Car 0.0 0 -2.4950156211853027 0.0 192.93283081054688 259.0001525878906 325.8143310546875 3.755648 1.5025493 1.6331624 -6.8263445 1.7835289 9.245113 -3.1310338973999023 0.8940110206604004
Car 0.0 0 3.877189874649048 0.0 197.70204162597656 153.95834350585938 375.0 3.770158 1.4886087 1.5965741 -6.8154035 1.7566346 6.888509 3.0971262454986572 0.8124056458473206
Car 0.0 0 3.3143441677093506 418.7007141113281 189.58474731445312 516.989501953125 224.43112182617188 3.9898758 1.439885 1.6119038 -6.1844044 2.1897943 31.47455 3.1203267574310303 0.715459942817688
Car 0.0 0 -2.6663310527801514 267.2981262207031 189.25177001953125 436.1989440917969 249.26429748535156 3.8545163 1.4307222 1.5629848 -6.713535 1.8815327 18.789602 -3.0094947814941406 0.578961968421936
Car 0.0 0 -2.78446364402771 308.1692199707031 188.3383331298828 454.9278869628906 243.51055908203125 3.7666662 1.5024511 1.5679233 -6.633334 1.9728367 21.019775 -3.0901482105255127 0.5524169206619263
Car 0.0 0 0.4595700204372406 230.3932342529297 186.4824981689453 419.0564880371094 261.5016174316406 3.685908 1.5778401 1.5783775 -6.4753532 1.9069031 16.457678 0.08471870422363281 0.5207401514053345
Car 0.0 0 3.352731704711914 337.5913391113281 183.87673950195312 462.28680419921875 234.77597045898438 3.6337535 1.5595125 1.6028273 -6.788628 1.9320922 23.43452 3.0707650184631348 0.4973371624946594
Car 0.0 0 -1.5806856155395508 630.5374755859375 177.14291381835938 650.814453125 197.132080078125 3.6789937 1.5296804 1.5735143 2.4150999 1.8851572 57.87658 -1.538981318473816 0.4780805706977844
