Pedestrian 0.0 0 -2.3370885848999023 1055.3173828125 13.785249710083008 1224.0 370.0 1.1658903 1.7249801 0.6538758 3.072145 0.9812949 3.764082 -1.6525630950927734 0.24090829491615295
Pedestrian 0.0 0 3.1132113933563232 615.4019165039062 163.71302795410156 628.835205078125 184.22854614257812 1.1721961 1.8085877 0.61382776 1.5346334 0.32987595 62.6356 3.137707471847534 0.237009659409523
Pedestrian 0.0 0 -0.3243992328643799 846.8181762695312 136.6244354248047 928.9144897460938 268.76470947265625 0.9095697 1.7244478 0.5034299 3.7371583 1.15354 9.496464 0.05051851272583008 0.23473083972930908
Pedestrian 0.0 0 3.141756057739258 471.7889404296875 170.84689331054688 485.09014892578125 192.47459411621094 1.130189 1.8634279 0.57531875 -10.952955 1.0329145 61.296448 2.9649341106414795 0.18061311542987823
Pedestrian 0.0 0 0.4919937551021576 94.71382904052734 197.41358947753906 128.24249267578125 253.16213989257812 0.6196857 1.6098387 0.56845766 -14.634551 2.119689 20.924528 -0.11832735687494278 0.16498389840126038
Pedestrian 0.0 0 -2.1723427772521973 925.0118408203125 127.24779510498047 964.8753662109375 191.7173614501953 0.9775432 1.8754741 0.6272774 10.099413 0.32789016 21.09502 -1.7258327007293701 0.14092083275318146
Cyclist 0.0 0 2.9615321159362793 574.6519165039062 163.41259765625 598.5269165039062 184.6063690185547 1.9836414 1.8205017 0.64692646 -1.5777596 0.35392243 61.248444 2.9357779026031494 0.6170914769172668
Cyclist 0.0 0 -0.9805232286453247 420.138671875 172.71270751953125 443.6048889160156 199.3316192626953 1.7872086 1.7120278 0.6057177 -11.353867 1.212514 46.413 -1.2204384803771973 0.4128113090991974
Cyclist 0.0 0 -2.296285390853882 1035.9725341796875 0.0 1224.0 370.0 1.6239178 1.7289532 0.623596 3.0607572 0.97306204 3.7427382 -1.6107933521270752 0.29525530338287354
Cyclist 0.0 0 -1.7597179412841797 774.5689697265625 137.31797790527344 811.7064819335938 220.71658325195312 1.6618806 1.7251624 0.47377768 4.054063 0.8335335 15.4658785 -1.5033563375473022 0.14041349291801453
Car 0.0 0 1.4842123985290527 545.8082275390625 166.06103515625 570.5284423828125 185.58319091796875 3.917209 1.496239 1.6236935 -3.7447965 0.39084607 56.24501 1.417730450630188 0.49413153529167175
Car 0.0 0 3.8035728931427 0.0 153.3432159423828 97.36227416992188 186.82437133789062 3.8534074 1.5725075 1.7295116 -27.0421 0.2984862 34.084465 3.132878541946411 0.41968145966529846
Car 0.0 0 2.004918098449707 427.23931884765625 176.65655517578125 460.7884521484375 193.2529754638672 3.93182 1.531653 1.613237 -15.264653 1.1780996 67.33861 1.7820003032684326 0.18754112720489502
