Pedestrian 0.0 0 -1.476333737373352 399.1947021484375 170.56277465820312 423.3009948730469 219.28099060058594 0.92355376 1.7797203 0.7838894 -7.439389 1.696378 26.878815 -1.746349573135376 0.5557631850242615
Pedestrian 0.0 0 -1.5479650497436523 114.21243286132812 166.65560913085938 131.30258178710938 205.90426635742188 0.5945172 1.839146 0.6595343 -23.154785 1.5490545 34.23609 -2.142625570297241 0.3788965046405792
Pedestrian 0.0 0 -1.7017974853515625 786.477783203125 163.3596649169922 812.3984375 216.76292419433594 1.6625147 1.7965127 0.65746194 6.5399675 1.4774767 25.135572 -1.4472535848617554 0.22784805297851562
Pedestrian 0.0 0 1.5918724536895752 751.9796752929688 157.71121215820312 766.3638305664062 198.64501953125 0.74366224 1.8136531 0.6181444 6.661358 1.14308 32.397575 1.79465913772583 0.19779030978679657
Pedestrian 0.0 0 3.6261396408081055 0.0 191.19737243652344 45.370670318603516 268.7552490234375 0.88116056 1.7006086 0.6167852 -13.557095 2.1278346 16.395992 2.935237407684326 0.17328894138336182
Pedestrian 0.0 0 -1.7842265367507935 894.920654296875 165.9466094970703 925.9297485351562 233.06698608398438 0.81861556 1.7277813 0.59279144 7.865021 1.5503328 19.026178 -1.392240047454834 0.16805210709571838
Pedestrian 0.0 0 1.7473206520080566 273.93292236328125 160.05184936523438 310.2975158691406 224.7611083984375 1.7834729 1.7710879 0.6540116 -9.139741 1.421052 20.689545 1.3313430547714233 0.10038311034440994
Cyclist 0.0 0 -1.7017974853515625 786.477783203125 163.3596649169922 812.3984375 216.76292419433594 1.6625147 1.7965127 0.65746194 6.5399675 1.4774767 25.135572 -1.4472535848617554 0.30467554926872253
Cyclist 0.0 0 1.7473206520080566 273.93292236328125 160.05184936523438 310.2975158691406 224.7611083984375 1.7834729 1.7710879 0.6540116 -9.139741 1.421052 20.689545 1.3313430547714233 0.1744808405637741
Car 0.0 0 1.767462134361267 409.1965026855469 189.44454956054688 515.1528930664062 268.0063781738281 3.8290744 1.5038778 1.6466402 -3.2968755 1.9284656 16.532713 1.5706288814544678 0.9456542134284973
Car 0.0 0 1.7824591398239136 654.2003784179688 179.8760986328125 698.1732788085938 209.72552490234375 3.8196518 1.5154408 1.6427532 3.6516652 1.9220293 39.670383 1.8742506504058838 0.3973405957221985
Car 0.0 0 2.9629361629486084 408.23126220703125 175.0325164794922 496.4643859863281 205.90859985351562 4.1612935 1.4951524 1.6327702 -8.05615 1.6110471 36.7101 2.7469074726104736 0.28647541999816895
Car 0.0 0 -1.6101301908493042 659.24658203125 173.4058380126953 684.1509399414062 196.53411865234375 3.893099 1.6079465 1.6377777 4.404848 1.6497716 52.23649 -1.5260040760040283 0.20938429236412048
Car 0.0 0 1.6222877502441406 499.3075256347656 180.6255645751953 527.9442749023438 207.19369506835938 3.954161 1.5947342 1.6311741 -6.2069793 2.1182804 46.535233 1.4896880388259888 0.1839086413383484
