Pedestrian 0.0 0 -2.4743456840515137 1072.6370849609375 138.3675079345703 1127.917724609375 232.83697509765625 0.6047853 1.7198324 0.6167599 9.126103 1.0923578 13.514945 -1.8804173469543457 0.23907096683979034
Cyclist 0.0 0 -1.742034912109375 685.1133422851562 166.59231567382812 697.2900390625 190.145263671875 2.0732608 1.8572636 0.6253774 6.488671 1.363857 57.94743 -1.6305242776870728 0.21546435356140137
Cyclist 0.0 0 -1.0704479217529297 0.0 200.2386474609375 36.27083969116211 291.7773132324219 1.5071929 1.6440678 0.37350202 -11.990272 2.2127602 14.196167 -1.7718063592910767 0.16709420084953308
Cyclist 0.0 0 -3.6539461612701416 1068.64111328125 139.57113647460938 1160.723388671875 212.2424774169922 1.7522914 1.7145995 0.59859914 12.100542 0.92968524 17.402391 -3.046355962753296 0.15848562121391296
Cyclist 0.0 0 -3.7379980087280273 1167.597900390625 178.32176208496094 1242.0 280.81561279296875 1.125372 1.6878529 0.7925458 10.384751 1.7854578 12.378882 -3.039978265762329 0.14232322573661804
Car 0.0 0 1.8959543704986572 364.85980224609375 181.235595703125 406.0765686035156 203.63734436035156 3.712272 1.4965107 1.7127138 -15.99613 2.1166804 51.478302 1.5946779251098633 0.8436322808265686
Car 0.0 0 2.0231077671051025 221.25086975097656 182.78416442871094 294.3235778808594 216.2398681640625 4.494353 1.6872202 1.8576272 -19.432539 2.2685921 39.96699 1.5705491304397583 0.7720972895622253
Car 0.0 0 2.466643810272217 0.0 187.0831756591797 38.059696197509766 293.1291198730469 3.9978943 1.5371977 1.6324587 -12.972116 1.8368378 13.093883 1.6859170198440552 0.3208947777748108
Car 0.0 0 -1.5601749420166016 666.5787353515625 162.97239685058594 744.9871826171875 234.05361938476562 3.4040601 1.441501 1.588123 2.1378722 1.2414634 16.42598 -1.4307506084442139 0.2225259244441986
Car 0.0 0 1.1912826299667358 965.4028930664062 191.38870239257812 1021.802001953125 218.96163940429688 3.7389944 1.4366473 1.6327084 22.302439 2.5699139 42.154263 1.677912712097168 0.1584511697292328
