Pedestrian 0.0 0 1.7946757078170776 360.30645751953125 165.6366729736328 380.2212829589844 204.9108123779297 0.9203911 1.8969451 0.741099 -11.774908 1.5487056 35.34175 1.473069667816162 0.5160099864006042
Pedestrian 0.0 0 0.2923842966556549 424.1205139160156 169.65692138671875 449.0116271972656 207.05465698242188 1.1032395 1.8687193 0.5688733 -8.775185 1.7093235 36.366276 0.05561041831970215 0.45781978964805603
Pedestrian 0.0 0 1.214455246925354 764.37548828125 148.43960571289062 806.009033203125 224.3612823486328 0.90372515 1.8295587 0.73088956 4.2808304 1.2415793 17.877615 1.4494819641113281 0.4013299345970154
Pedestrian 0.0 0 2.8516926765441895 498.60150146484375 173.1708526611328 513.6532592773438 197.25228881835938 1.0526755 1.8471673 0.5017664 -8.059684 1.8722281 55.803352 2.70825457572937 0.3914433419704437
Cyclist 0.0 0 0.3512813448905945 422.8404541015625 167.15350341796875 446.8822021484375 203.74244689941406 1.0495622 1.8267833 0.55884796 -8.859846 1.5425318 36.358067 0.11225676536560059 0.10629594326019287
Car 0.0 0 1.8105688095092773 356.1097717285156 185.37283325195312 451.43450927734375 247.1474151611328 3.6813085 1.3882189 1.5536401 -5.309235 1.7478064 18.835167 1.5358186960220337 0.9474204182624817
Car 0.0 0 -1.498173475265503 657.9547729492188 173.69711303710938 692.0301513671875 203.58120727539062 3.7675738 1.5580446 1.6006597 3.5829268 1.6071371 39.716206 -1.4082038402557373 0.9160906076431274
Car 0.0 0 1.9905221462249756 151.2455596923828 191.9893341064453 300.5969543457031 264.9776916503906 4.185113 1.453064 1.6353527 -9.209697 1.9775755 17.622456 1.5089495182037354 0.9136505722999573
Car 0.0 0 2.1744585037231445 259.18072509765625 187.9683380126953 371.93035888671875 237.6660919189453 3.8314645 1.4561915 1.646847 -9.885039 2.011361 24.434233 1.7900300025939941 0.9098435044288635
Car 0.0 0 2.152832508087158 0.0 194.04908752441406 191.71397399902344 314.5902404785156 4.433347 1.491649 1.6953003 -9.02227 1.9108036 11.988497 1.5076838731765747 0.6718889474868774
Car 0.0 0 -1.457342267036438 628.7391357421875 170.40158081054688 659.4534301757812 194.76449584960938 3.806495 1.5799056 1.6563965 2.3132663 1.421227 48.799404 -1.4099740982055664 0.6706884503364563
