Pedestrian 0.0 0 -0.9128031730651855 1021.5590209960938 149.9786834716797 1107.60693359375 274.8311767578125 0.71126753 1.7056285 0.7692889 6.4475856 1.3934832 10.338596 -0.3551808297634125 0.608720064163208
Pedestrian 0.0 0 -3.16953706741333 781.604736328125 165.29673767089844 818.2666015625 229.5778350830078 0.995856 1.80237 0.56985986 5.370997 1.5908307 20.617998 -2.9147002696990967 0.5099577903747559
Pedestrian 0.0 0 -1.7389570474624634 938.382080078125 153.84095764160156 958.7423706054688 191.48092651367188 0.8733803 1.7799948 0.74796754 16.208813 0.88122594 34.63929 -1.301291823387146 0.28710582852363586
Pedestrian 0.0 0 -1.911904215812683 357.14556884765625 178.3771514892578 372.51806640625 207.91339111328125 0.7320817 1.7125392 0.6495304 -14.477983 2.0420134 42.504 -2.240204095840454 0.280038446187973
Pedestrian 0.0 0 1.2027740478515625 692.7650146484375 153.27072143554688 713.0398559570312 195.0347137451172 0.9507294 1.7962513 0.5746393 4.0178766 0.9543412 31.560537 1.329399824142456 0.23840050399303436
Pedestrian 0.0 0 2.2002854347229004 452.5906677246094 159.6337890625 467.7683410644531 189.93040466308594 0.80456716 1.8923931 0.5753096 -9.488248 1.066987 45.551132 1.9949229955673218 0.1616099625825882
Pedestrian 0.0 0 2.8327362537384033 763.3021240234375 166.7236785888672 776.3167724609375 191.48892211914062 0.7682943 1.7621275 0.5837254 11.412506 1.3262922 51.662735 3.0501487255096436 0.15985813736915588
Pedestrian 0.0 0 -1.427641749382019 575.1710815429688 162.66213989257812 601.3165283203125 215.4947052001953 0.9137195 1.7348827 0.75523716 -0.7669824 1.4005669 24.186687 -1.4593420028686523 0.15592385828495026
Pedestrian 0.0 0 -1.7274013757705688 341.8556823730469 180.10816955566406 353.5528869628906 206.41993713378906 0.7175329 1.746209 0.63597536 -17.702892 2.2399998 48.60883 -2.076662063598633 0.1485024392604828
Cyclist 0.0 0 2.3099875450134277 199.1317901611328 191.44544982910156 224.2067413330078 218.3870849609375 1.6299707 1.7903317 0.57359415 -27.615788 3.1009746 49.99034 1.8052865266799927 0.28382182121276855
Cyclist 0.0 0 1.208655834197998 1004.4822998046875 168.5308380126953 1029.3311767578125 200.875 1.7088802 1.6489197 0.55847156 21.19218 1.4288808 37.66818 1.7211226224899292 0.2813236117362976
Cyclist 0.0 0 2.593297243118286 276.0308837890625 181.7919464111328 302.10833740234375 204.80567932128906 1.7314591 1.6982985 0.6404495 -24.406708 2.3889983 54.832397 2.174513339996338 0.246308833360672
Cyclist 0.0 0 -3.163383960723877 782.0823974609375 165.36741638183594 818.9004516601562 229.75634765625 1.0036256 1.8055587 0.54199106 5.3849926 1.5959822 20.610085 -2.907817840576172 0.15819710493087769
Cyclist 0.0 0 -1.739148497581482 938.7071533203125 153.9941864013672 958.730712890625 191.5404510498047 0.83663493 1.7762218 0.7390536 16.213783 0.8843682 34.63304 -1.3012962341308594 0.10691580176353455
Car 0.0 0 1.2982962131500244 1151.68603515625 161.8251190185547 1227.4434814453125 197.95860290527344 4.332442 1.595566 1.6814988 27.2968 1.1089158 34.181118 1.9721786975860596 0.2254604995250702
Car 0.0 0 -1.7142047882080078 318.37420654296875 176.89308166503906 357.0096435546875 203.77584838867188 3.8928728 1.546668 1.671399 -16.768938 1.806551 44.25104 -2.0764341354370117 0.1829700469970703
Car 0.0 0 2.530601739883423 139.9545440673828 193.80282592773438 206.62803649902344 217.019287109375 3.7966218 1.4558853 1.6132205 -30.850046 2.9977405 51.02851 1.9868323802947998 0.18174320459365845
Car 0.0 0 -1.4622617959976196 519.3501586914062 172.0231170654297 579.7234497070312 221.28250122070312 3.8452587 1.5143753 1.60166 -1.987225 1.4891897 24.122452 -1.544456958770752 0.1652887463569641
Car 0.0 0 1.1141263246536255 1084.134033203125 181.4322509765625 1198.61083984375 226.73358154296875 4.1610174 1.4559413 1.6664599 19.086432 1.7940078 26.209984 1.7435368299484253 0.156317338347435
