Pedestrian 0.0 0 -0.6315099000930786 679.7072143554688 181.42930603027344 713.1900024414062 231.06729125976562 0.95581084 1.7811798 0.7735861 3.1483145 2.1051877 26.657808 -0.5139533877372742 0.5364710092544556
Pedestrian 0.0 0 1.3100087642669678 827.6135864257812 169.43463134765625 856.4396362304688 227.02212524414062 0.73312056 1.7491417 0.6804533 7.1166296 1.6456412 22.295502 1.618981957435608 0.5142838358879089
Pedestrian 0.0 0 -0.26870110630989075 813.080810546875 165.63638305664062 832.9520874023438 207.1116943359375 0.7246039 1.8380786 0.5762629 9.483033 1.5185708 32.268246 0.01713275909423828 0.48697686195373535
Pedestrian 0.0 0 -3.2032368183135986 723.6719360351562 183.1494903564453 744.799560546875 219.53321838378906 0.9858471 1.7635704 0.67596555 6.082954 2.2772071 35.58034 -3.033910036087036 0.4451727867126465
Pedestrian 0.0 0 2.4838290214538574 1048.2579345703125 164.54441833496094 1115.1417236328125 260.3292541503906 0.86462224 1.7539353 0.5998564 8.792158 1.6021348 13.543795 3.059617042541504 0.277238667011261
Cyclist 0.0 0 -3.4608654975891113 1174.923828125 166.31857299804688 1242.0 228.95387268066406 1.6842022 1.7455776 0.65210795 17.320068 1.5638002 20.718887 -2.7645816802978516 0.24692891538143158
Cyclist 0.0 0 -1.5225377082824707 684.86767578125 180.56114196777344 706.60546875 230.7991485595703 1.0740118 1.8032181 0.7489276 3.1326916 2.0947812 26.668453 -1.4056055545806885 0.17118540406227112
Cyclist 0.0 0 -3.2029900550842285 723.475830078125 183.1626434326172 745.8887329101562 219.83253479003906 1.0486951 1.7772713 0.6710282 6.104138 2.291544 35.577633 -3.033071994781494 0.12810233235359192
Car 0.0 0 1.846835732460022 318.4455871582031 188.52212524414062 435.0604248046875 280.6198425292969 3.9187224 1.8479704 1.6111444 -5.428542 2.2634995 17.13318 1.5399984121322632 0.6050036549568176
Car 0.0 0 -0.6673566699028015 383.9864501953125 166.1119384765625 453.2715148925781 193.28750610351562 4.17942 1.6713277 1.6779957 -12.321695 1.2570418 46.547123 -0.9261355400085449 0.6020259857177734
Car 0.0 0 2.923710823059082 425.7684631347656 195.3103485107422 484.6338806152344 219.63360595703125 3.9419854 1.6193677 1.4999732 -11.246004 3.2947083 52.31279 2.7119574546813965 0.4418644309043884
Car 0.0 0 -1.9354842901229858 543.9948120117188 184.22064208984375 575.0628051757812 202.1473846435547 3.6864855 1.5375705 1.6444749 -4.6968436 2.6167386 66.46052 -2.006038188934326 0.3908117115497589
Car 0.0 0 -0.6374384164810181 725.6409301757812 186.85205078125 844.6552124023438 234.9063720703125 3.886883 1.5579474 1.7141764 6.226369 2.0896733 25.839233 -0.40098050236701965 0.3727559447288513
