Pedestrian 0.0 0 0.17214369773864746 773.2125244140625 156.33193969726562 824.4052734375 235.68421936035156 1.1278571 1.8708217 0.52306235 4.525654 1.4816531 17.479324 0.425494909286499 0.7966440916061401
Pedestrian 0.0 0 1.8299462795257568 341.4903259277344 183.6180877685547 370.27008056640625 240.85614013671875 0.7718174 1.651318 0.6290343 -7.568739 1.9767578 21.378 1.4896738529205322 0.7522556185722351
Pedestrian 0.0 0 0.5362365245819092 785.0682373046875 154.0846405029297 835.6717529296875 231.76853942871094 1.1288912 1.9109538 0.5248261 5.0358515 1.4496024 18.335033 0.8042840957641602 0.546103835105896
Pedestrian 0.0 0 -0.391509473323822 642.280029296875 168.0926055908203 663.5116577148438 202.4073944091797 0.936533 1.766804 0.6246239 2.196301 1.5220066 37.596157 -0.33315756916999817 0.5389297008514404
Pedestrian 0.0 0 1.7257845401763916 1042.1510009765625 168.26824951171875 1072.7567138671875 218.19786071777344 0.68126166 1.765777 0.84467673 16.110914 1.6039585 26.048178 2.2796993255615234 0.30135074257850647
Pedestrian 0.0 0 1.626038908958435 435.82342529296875 159.39456176757812 449.81689453125 195.50537109375 0.875083 1.8696425 0.6690176 -8.800976 1.1731361 37.84362 1.3975389003753662 0.2728109657764435
Pedestrian 0.0 0 -0.17007268965244293 727.1527099609375 165.84353637695312 746.793212890625 193.61463928222656 1.155109 1.7683796 0.59468365 8.102246 1.3223321 46.241894 0.003381013870239258 0.2270382195711136
Cyclist 0.0 0 -0.17007268965244293 727.1527099609375 165.84353637695312 746.793212890625 193.61463928222656 1.155109 1.7683796 0.59468365 8.102246 1.3223321 46.241894 0.003381013870239258 0.11147184669971466
Car 0.0 0 2.1063544750213623 0.0 197.68162536621094 320.49127197265625 366.8085021972656 3.7612293 1.4413067 1.5602305 -5.040491 1.8019478 8.5835905 1.5753819942474365 0.9459435939788818
Car 0.0 0 -2.075436592102051 862.0562744140625 180.1594696044922 1242.0 375.0 3.8284154 1.4817457 1.6362133 2.9487236 1.548941 4.637546 -1.509082317352295 0.907730221748352
Car 0.0 0 1.697563648223877 480.1697998046875 169.51177978515625 530.6497802734375 216.86968994140625 4.1304736 1.9157751 1.6545912 -4.500317 1.7809296 31.26406 1.5546002388000488 0.48209238052368164
Car 0.0 0 -1.7288764715194702 687.0015869140625 173.0195770263672 730.500732421875 202.29942321777344 4.0044503 1.4286221 1.60269 5.001197 1.4379917 37.246704 -1.5954025983810425 0.29965898394584656
