Pedestrian 0.0 0 0.3704424798488617 395.7751770019531 160.32244873046875 414.95233154296875 193.9259796142578 0.8652464 1.8456135 0.59625274 -11.366923 1.1576989 39.96355 0.09332847595214844 0.39929643273353577
Car 0.0 0 1.7543561458587646 451.6390380859375 176.21044921875 508.9125671386719 214.92198181152344 3.8180773 1.4339775 1.5918827 -5.175797 1.5780218 28.971264 1.5775684118270874 0.9448763132095337
Car 0.0 0 1.8621010780334473 267.6770935058594 185.61483764648438 364.5556945800781 239.32334899902344 4.1612935 1.4227895 1.6336266 -8.977235 1.8551675 22.278303 1.4790467023849487 0.940771758556366
Car 0.0 0 2.1497018337249756 0.0 192.67901611328125 199.7167510986328 305.9134216308594 3.366736 1.4873995 1.526945 -8.423831 1.8588238 11.788722 1.529266119003296 0.901671826839447
Car 0.0 0 1.9753636121749878 139.06890869140625 185.06422424316406 299.21527099609375 266.263671875 4.2444873 1.5617076 1.7036062 -8.864433 1.881998 16.717426 1.4878090620040894 0.831491231918335
Car 0.0 0 -1.5022984743118286 659.9256591796875 169.0642547607422 691.1255493164062 195.32772827148438 3.7049334 1.5015572 1.6127204 3.9273167 1.2852447 43.206455 -1.4116510152816772 0.7889564633369446
Car 0.0 0 2.126413106918335 331.9176940917969 182.62632751464844 416.0587158203125 221.93505859375 3.6579256 1.4330258 1.5414149 -9.513028 1.8559328 29.23601 1.8118308782577515 0.6982908248901367
Car 0.0 0 -1.467323899269104 633.1242065429688 165.86630249023438 660.1265869140625 186.84954833984375 3.8605173 1.4949628 1.6088383 2.7186522 0.9974773 53.43453 -1.4164894819259644 0.6103659868240356
Car 0.0 0 -1.6819548606872559 678.1400146484375 167.13153076171875 704.0260009765625 186.91061401367188 3.730561 1.4796544 1.5808815 6.2161865 1.0519193 55.84034 -1.571090579032898 0.36641716957092285
Car 0.0 0 2.0105724334716797 66.66136169433594 189.13955688476562 206.97854614257812 254.76119995117188 3.7498279 1.4093753 1.5342735 -11.945097 1.870009 18.428667 1.435477614402771 0.3524836599826813
Car 0.0 0 -0.6619707345962524 1041.4954833984375 137.4215087890625 1169.4488525390625 177.3914337158203 4.1350265 1.5874014 1.7508148 20.258766 0.18056217 29.65621 -0.06266331672668457 0.3440569341182709
