Pedestrian 0.0 0 -2.3105363845825195 591.0042114257812 158.27142333984375 629.9074096679688 224.07557678222656 0.8325858 1.7274605 0.66076666 -0.037913896 1.3450036 19.468863 -2.312483787536621 0.5873239636421204
Pedestrian 0.0 0 -1.8038498163223267 749.881103515625 153.218505859375 802.2119140625 248.9605255126953 0.96813923 1.7626903 0.76640266 3.1006355 1.4015422 13.769835 -1.5823678970336914 0.1222657635807991
Pedestrian 0.0 0 0.3139103353023529 311.8691101074219 130.04971313476562 356.6031799316406 203.21458435058594 0.97828484 1.9294213 0.6211754 -7.438161 0.8009934 19.360846 -0.052889179438352585 0.10713659971952438
Pedestrian 0.0 0 2.0911529064178467 172.1776885986328 147.1865234375 267.86590576171875 270.37255859375 1.6088842 1.7190943 0.54219973 -5.880849 1.3612555 10.877403 1.595517873764038 0.10154302418231964
Cyclist 0.0 0 -1.7125194072723389 687.5731201171875 154.2185821533203 712.9046630859375 206.8955078125 1.8417206 1.7520939 0.6090402 3.0566607 1.1326171 24.923088 -1.5904850959777832 0.15225258469581604
Cyclist 0.0 0 2.0618157386779785 181.5579376220703 163.7430877685547 271.8527526855469 286.0887756347656 1.5934075 1.7405851 0.53580356 -5.879891 1.611324 11.059749 1.5731717348098755 0.13059648871421814
Car 0.0 0 -1.637148380279541 620.7003784179688 165.16525268554688 687.4783935546875 223.03123474121094 3.4794369 1.417329 1.5426207 1.0586898 1.2293644 19.418858 -1.5826836824417114 0.8592537045478821
Car 0.0 0 2.3078815937042236 0.0 191.43011474609375 260.2776184082031 375.0 3.9523306 1.5014905 1.6136874 -3.6695704 1.6530839 3.8792562 1.5502535104751587 0.7839458584785461
Car 0.0 0 0.9728344678878784 904.5227661132812 113.27241516113281 1242.0 375.0 4.2866526 1.4872665 1.640548 3.7943835 1.2232194 5.357197 1.5890944004058838 0.22362691164016724
Car 0.0 0 -1.4315744638442993 610.533447265625 164.1445770263672 651.1756591796875 195.4424285888672 3.5320773 1.5242679 1.6108363 1.0778738 1.1004597 37.0136 -1.4024616479873657 0.2205173224210739
Car 0.0 0 1.7457722425460815 551.1227416992188 171.95321655273438 579.3578491210938 190.78369140625 4.2799025 1.5056789 1.6210622 -3.7000003 1.4340093 59.909027 1.684090256690979 0.17386694252490997
Car 0.0 0 1.084328293800354 563.4624633789062 170.326416015625 605.8599243164062 192.850830078125 3.8665538 1.6494216 1.597599 -1.992154 1.4646894 54.908047 1.0480625629425049 0.10867556929588318
