Pedestrian 0.0 0 -0.4988108277320862 925.0108032226562 169.5409698486328 1114.90380859375 374.0 0.99772674 1.5278074 0.83106846 3.1530697 1.4430778 5.5936813 0.014477729797363281 0.6867766380310059
Pedestrian 0.0 0 -1.1143124103546143 149.3140411376953 170.46200561523438 184.9246368408203 229.83677673339844 0.96877986 1.8016801 0.58021885 -13.500795 1.4678605 22.302671 -1.6586523056030273 0.47573360800743103
Pedestrian 0.0 0 -1.6845444440841675 756.6644287109375 162.8937225341797 771.408447265625 202.64967346191406 0.68246096 1.8012128 0.583937 7.4352374 0.9591596 32.91364 -1.4623721837997437 0.41843244433403015
Pedestrian 0.0 0 1.4825873374938965 582.0850219726562 134.09312438964844 614.7351684570312 217.66165161132812 0.78537655 1.7264324 0.623634 -0.11001947 0.7482968 15.257993 1.475376844406128 0.39641040563583374
Pedestrian 0.0 0 -1.8365874290466309 706.8142700195312 164.64120483398438 731.1802978515625 210.51577758789062 0.7509691 1.7158742 0.7405076 4.4389615 1.0863278 27.277748 -1.6752694845199585 0.277781218290329
Pedestrian 0.0 0 2.2907814979553223 1140.1087646484375 92.70601654052734 1238.0 295.5230712890625 0.7275988 1.8188114 0.6574489 5.678828 1.0239098 6.8206415 2.98508358001709 0.23900900781154633
Pedestrian 0.0 0 -2.19277024269104 1124.1685791015625 150.46495056152344 1166.089111328125 209.0214080810547 0.9503868 1.8319554 0.63110626 17.334673 0.8621234 22.953587 -1.5459460020065308 0.14535757899284363
Cyclist 0.0 0 -0.24145817756652832 776.3173828125 143.03318786621094 812.4329223632812 181.00152587890625 1.548798 1.7872447 0.6428101 9.1565695 -0.023035243 34.15709 0.02045607566833496 0.2507321536540985
Cyclist 0.0 0 -0.1989610344171524 705.1148071289062 156.33636474609375 751.4547119140625 203.49925231933594 1.5941035 1.7354121 0.7017002 4.7016745 0.8105281 26.800241 -0.02529425546526909 0.22694166004657745
Cyclist 0.0 0 -2.1990973949432373 810.6968383789062 154.20193481445312 878.4647827148438 231.6625518798828 1.8029524 1.7136835 0.5414142 5.625785 1.1109803 16.830471 -1.8765113353729248 0.20489291846752167
Cyclist 0.0 0 -0.49241966009140015 922.7597045898438 172.07020568847656 1118.12939453125 374.0 1.0318809 1.5081642 0.8509339 3.1575103 1.4417357 5.600671 0.02093672752380371 0.11237052828073502
Cyclist 0.0 0 1.4825873374938965 582.0850219726562 134.09312438964844 614.7351684570312 217.66165161132812 0.78537655 1.7264324 0.623634 -0.11001947 0.7482968 15.257993 1.475376844406128 0.10262079536914825
Car 0.0 0 -0.9801256656646729 988.7190551757812 181.97720336914062 1212.173583984375 280.1434020996094 3.379695 1.4963036 1.5207307 8.481863 1.506608 12.286894 -0.3759273588657379 0.795307457447052
Car 0.0 0 -3.7552061080932617 1081.2230224609375 143.05274963378906 1237.9488525390625 189.75814819335938 4.336464 1.6538098 1.744133 20.388058 0.29347375 26.399776 -3.0975966453552246 0.1415994018316269
Car 0.0 0 -2.1223599910736084 778.436279296875 175.25022888183594 915.8929443359375 240.75941467285156 3.5953298 1.4772667 1.6143477 6.020052 1.3375455 18.130934 -1.8017809391021729 0.129633367061615
