Pedestrian 0.0 0 0.805811882019043 760.3359985351562 166.90426635742188 796.1342163085938 235.16778564453125 0.6732077 1.7015437 0.587275 4.2439084 1.553598 18.421944 1.0322339534759521 0.6750680804252625
Car 0.0 0 -1.7670451402664185 671.9321899414062 180.43206787109375 757.5604858398438 237.8699188232422 4.166908 1.3947085 1.5575255 2.765501 1.6296399 20.205349 -1.6310205459594727 0.960814356803894
Car 0.0 0 -1.9858107566833496 798.0037231445312 188.11178588867188 1191.87353515625 375.0 3.7871106 1.3815227 1.6169198 2.967412 1.56238 6.635042 -1.5652600526809692 0.8889744281768799
Car 0.0 0 1.861552119255066 311.78289794921875 190.73170471191406 401.80755615234375 243.2360076904297 3.7644773 1.3623272 1.5623691 -7.626356 1.9537432 21.937487 1.526980996131897 0.8437550067901611
Car 0.0 0 1.8060053586959839 421.5356140136719 180.66439819335938 474.53173828125 215.52374267578125 4.127508 1.5584943 1.6085175 -7.8789783 1.9630508 35.26192 1.586174726486206 0.8359392881393433
Car 0.0 0 -1.5839215517044067 587.9948120117188 176.99513244628906 618.731201171875 206.50827026367188 3.7253988 1.5879033 1.6771997 -0.441922 1.835704 41.22869 -1.5946398973464966 0.8318966031074524
Car 0.0 0 -1.7120609283447266 655.7863159179688 177.50942993164062 712.775146484375 221.53370666503906 3.2709255 1.4309121 1.5415301 2.514722 1.6063707 25.468779 -1.6136424541473389 0.8265175223350525
Car 0.0 0 1.834559440612793 362.7911376953125 185.86993408203125 435.5946350097656 229.89295959472656 4.129073 1.4689581 1.6271616 -7.939101 2.000824 27.382153 1.5523600578308105 0.7711402177810669
Car 0.0 0 -1.6025062799453735 641.6362915039062 174.1261749267578 670.4467163085938 201.4923553466797 3.8582082 1.5780569 1.6128893 2.7190292 1.6589801 43.738625 -1.5404207706451416 0.5860758423805237
Car 0.0 0 -2.524810314178467 1005.199462890625 197.8648223876953 1242.0 375.0 3.7075727 1.4765046 1.5889082 2.8148773 1.6093805 1.9597073 -1.5621826648712158 0.580425500869751
