Pedestrian 0.0 0 1.492518424987793 762.1975708007812 176.2100830078125 789.1707763671875 225.02430725097656 0.9071684 1.8261607 0.9347118 6.2805934 1.9572077 27.577929 1.716439127922058 0.16650092601776123
Pedestrian 0.0 0 1.1630946397781372 855.7523803710938 156.09263610839844 890.5599365234375 217.31838989257812 1.0396982 1.727215 0.5797336 7.560244 1.2547252 20.888666 1.5103580951690674 0.151039257645607
Pedestrian 0.0 0 -1.3182613849639893 404.16339111328125 164.72369384765625 436.53338623046875 216.82464599609375 0.9129528 1.8490916 0.93386763 -6.8851547 1.5609006 26.064173 -1.5765236616134644 0.13242200016975403
Pedestrian 0.0 0 1.2713268995285034 773.911376953125 147.7141876220703 800.61083984375 200.02154541015625 0.9502213 1.8285354 0.67185163 6.265563 0.95006776 25.714966 1.5103243589401245 0.11862938106060028
Cyclist 0.0 0 -1.8351000547409058 728.6068725585938 158.9933319091797 747.4426879882812 192.2433319091797 1.7597532 1.7484332 0.55513227 6.8447876 1.0199353 38.840176 -1.6606615781784058 0.21092787384986877
Cyclist 0.0 0 1.2072818279266357 855.4595336914062 155.61968994140625 888.5949096679688 215.28994750976562 1.0258641 1.6868575 0.5730908 7.5367594 1.2000077 20.912773 1.55318284034729 0.19065459072589874
Cyclist 0.0 0 -1.4255672693252563 752.241943359375 156.79530334472656 767.7630615234375 190.9579620361328 1.749177 1.7472221 0.5512096 7.8332796 0.92627084 37.81582 -1.2213129997253418 0.11937610059976578
Car 0.0 0 1.5490155220031738 552.94580078125 185.87086486816406 575.5782470703125 206.8436279296875 3.854424 1.4951811 1.6604557 -3.5983691 2.539979 55.90023 1.484732985496521 0.5636202096939087
Car 0.0 0 1.3914811611175537 631.8173217773438 187.8969268798828 661.2749633789062 209.19898986816406 3.7854106 1.5211738 1.6411831 2.790446 2.7368166 56.305725 1.4409995079040527 0.2995511591434479
Car 0.0 0 -1.5299983024597168 595.4808349609375 178.46803283691406 619.9624633789062 200.20269775390625 4.13804 1.656823 1.8088648 -0.17355315 2.1262884 58.187202 -1.5329809188842773 0.25901713967323303
