Car 0.0 0 -1.7182174921035767 689.9591064453125 182.19981384277344 779.7854614257812 248.96121215820312 3.562884 1.4069399 1.6096165 2.8680453 1.6572136 17.498487 -1.5557595491409302 0.9604501128196716
Car 0.0 0 0.35832273960113525 232.47222900390625 180.2466278076172 446.2798156738281 268.6316833496094 3.8837812 1.7372509 1.5904518 -5.6039305 1.900714 15.115118 0.003283262252807617 0.9074245095252991
Car 0.0 0 -0.2273794412612915 750.8456420898438 170.63941955566406 890.7607421875 225.39749145507812 3.9183135 1.6399938 1.6494163 6.447827 1.5740256 22.53133 0.05134296417236328 0.9013901352882385
Car 0.0 0 0.4699609875679016 141.45838928222656 187.0750732421875 390.4454650878906 278.6478576660156 3.7248688 1.5016696 1.5638652 -6.0913815 1.7733363 12.926033 0.02957749366760254 0.8942466974258423
Car 0.0 0 -2.259913921356201 881.5746459960938 173.9026336669922 1242.0 375.0 3.9645286 1.5250672 1.6386464 2.8312736 1.5333782 3.4820712 -1.5772359371185303 0.8110938668251038
Car 0.0 0 3.844482421875 0.0 133.50694274902344 181.2615966796875 330.60382080078125 3.7547011 1.7889557 1.6664742 -6.8693223 1.432179 7.456767 3.100066661834717 0.8039941191673279
Car 0.0 0 3.730858087539673 0.0 180.93943786621094 280.40728759765625 298.2391357421875 3.611343 1.5045741 1.5516498 -6.8485613 1.6274247 10.144377 3.137033462524414 0.7871236205101013
Car 0.0 0 0.41421452164649963 281.06671142578125 177.78163146972656 447.5810852050781 244.28152465820312 3.5103886 1.5223963 1.5642174 -5.9654946 1.649236 17.585629 0.08717036247253418 0.7752919793128967
Car 0.0 0 -1.6323461532592773 637.5762939453125 176.17005920410156 663.4999389648438 197.91134643554688 3.771604 1.4686337 1.6012278 2.8146713 1.7130253 51.20538 -1.5774331092834473 0.7277317643165588
Car 0.0 0 0.3411065638065338 299.294677734375 175.04698181152344 475.5057678222656 240.0407257080078 4.333306 1.7025633 1.672903 -6.094855 1.7662152 19.891794 0.04378819465637207 0.635368824005127
Car 0.0 0 -2.2487571239471436 0.0 215.3738250732422 123.03117370605469 375.0 3.8853443 1.5140473 1.5855215 -5.982029 1.8672373 5.1318545 -3.1105031967163086 0.588563084602356
Car 0.0 0 0.1508893519639969 418.4508056640625 164.3986358642578 516.1331176757812 205.37075805664062 4.3574967 1.8992938 1.7516364 -6.7803617 1.5076967 34.41471 -0.04363849386572838 0.5855942964553833
