Car 0.0 0 2.040896415710449 131.02479553222656 178.86280822753906 448.66229248046875 362.9971008300781 3.9717586 1.5658497 1.6256163 -3.327245 1.6525743 8.317558 1.6603670120239258 0.9507865309715271
Car 0.0 0 -1.8261163234710693 775.403076171875 188.12677001953125 979.760986328125 321.29193115234375 3.7099106 1.3313311 1.5537552 3.2197862 1.5742569 9.552385 -1.5010099411010742 0.9504442811012268
Car 0.0 0 2.1228225231170654 927.2716064453125 159.16839599609375 1086.7711181640625 230.774169921875 3.7641454 1.5389713 1.5795829 9.399799 1.2451946 17.12118 2.6249098777770996 0.8948765993118286
Car 0.0 0 2.011427402496338 1088.628173828125 149.60226440429688 1242.0 258.9898376464844 3.3029292 1.4812165 1.5195485 9.156393 1.1667227 11.162118 2.698430061340332 0.8865105509757996
Car 0.0 0 -2.171541929244995 906.8343505859375 181.64234924316406 1242.0 375.0 3.631688 1.5023061 1.588705 2.994409 1.5725596 3.8777795 -1.513985514640808 0.8583943247795105
Car 0.0 0 -3.4308743476867676 804.9338989257812 155.34986877441406 943.8219604492188 210.2721710205078 3.8264134 1.6717422 1.6314995 8.250706 1.1393042 22.882635 -3.08481764793396 0.847740113735199
Car 0.0 0 2.0705482959747314 992.0980224609375 157.6532745361328 1196.505859375 245.0326690673828 4.027277 1.5244557 1.6200144 9.535523 1.2596155 14.234987 2.660762071609497 0.8453159928321838
Car 0.0 0 1.714838981628418 452.54705810546875 172.90774536132812 538.354248046875 240.8195343017578 4.1710324 1.6101996 1.6616064 -2.9724915 1.6121442 19.201696 1.5612545013427734 0.79268479347229
Car 0.0 0 2.2156009674072266 881.2775268554688 163.30252075195312 1015.50732421875 221.3878173828125 3.5731685 1.4871707 1.5283345 9.341383 1.2429801 19.984465 2.6528565883636475 0.7745000720024109
Car 0.0 0 1.7001718282699585 497.4342956542969 175.6001739501953 560.2257080078125 223.84927368164062 4.147746 1.5123324 1.6311569 -2.7610505 1.6155748 24.940214 1.589914083480835 0.7137652635574341
