Cyclist 0.0 0 1.6274021863937378 573.7642822265625 175.78952026367188 580.7599487304688 197.36151123046875 1.3966193 1.7295634 0.4920537 -2.6858585 1.9717598 58.73924 1.5817089080810547 0.6447941660881042
Car 0.0 0 -1.6867138147354126 670.6265869140625 182.67884826660156 733.8409423828125 232.770263671875 3.3874712 1.3861886 1.5403224 2.734044 1.7137517 22.328947 -1.5648763179779053 0.9531280994415283
Car 0.0 0 -1.9286903142929077 746.24755859375 173.45899963378906 987.3201904296875 331.0961608886719 3.3366172 1.499189 1.5410856 2.7269568 1.5081705 8.577217 -1.6208659410476685 0.9400281310081482
Car 0.0 0 3.6360721588134766 75.45174407958984 163.62107849121094 325.9533996582031 276.4695739746094 3.3705769 1.8023859 1.616873 -6.9182677 1.655278 12.356626 3.1256725788116455 0.9276720285415649
Car 0.0 0 -2.586533308029175 0.0 182.18869018554688 337.72998046875 301.3265686035156 3.9411852 1.5114721 1.5814201 -6.1295767 1.6528121 10.086287 -3.13260555267334 0.9102283716201782
Car 0.0 0 3.827824115753174 0.0 182.79269409179688 271.61749267578125 354.3837585449219 4.351276 1.5291672 1.6761492 -6.082432 1.6427519 7.371395 3.1379408836364746 0.9082551002502441
Car 0.0 0 -0.15839487314224243 721.2587890625 173.86093139648438 833.890625 217.40658569335938 3.966378 1.599214 1.6349344 6.2671638 1.6392531 27.485556 0.06578898429870605 0.9042049050331116
Car 0.0 0 0.342485249042511 270.0562744140625 181.70602416992188 451.8563537597656 243.4153594970703 3.9610035 1.4370855 1.5291662 -6.105858 1.6657226 17.815636 0.012306451797485352 0.7805830240249634
Car 0.0 0 0.13317666947841644 437.26763916015625 167.51065063476562 527.1928100585938 203.9014892578125 4.627532 1.9333477 1.8180262 -6.9391217 1.6498281 39.3347 -0.04143892601132393 0.7254789471626282
Car 0.0 0 3.492978096008301 166.85801696777344 181.97195434570312 369.4559020996094 262.22906494140625 3.458293 1.5334035 1.5739708 -6.9938602 1.7342521 14.9290285 3.05486798286438 0.7200295925140381
Car 0.0 0 -2.8483712673187256 318.1656188964844 181.1219024658203 478.605224609375 241.87669372558594 3.9724555 1.5967901 1.6232748 -5.831361 1.8360857 20.01826 -3.131829261779785 0.6955378651618958
Car 0.0 0 0.2805425822734833 359.4317321777344 179.21646118164062 498.2994079589844 228.75723266601562 4.3193326 1.6190851 1.6907345 -6.1815248 1.8457255 24.73708 0.035668373107910156 0.5822001099586487
