Pedestrian 0.0 0 -1.708717703819275 1061.106201171875 137.71096801757812 1089.040283203125 198.7301483154297 0.78539336 1.9127103 0.6485574 14.840399 0.8114731 23.107132 -1.1378147602081299 0.20044201612472534
Pedestrian 0.0 0 3.448650598526001 0.0 193.42843627929688 38.672637939453125 251.2090301513672 0.986776 1.3847927 0.9268964 -15.344447 1.9258924 18.34476 2.7520766258239746 0.1939246654510498
Cyclist 0.0 0 -2.122621536254883 1136.3868408203125 138.03826904296875 1242.0 262.59332275390625 1.7370063 1.7729864 0.46742254 8.867594 1.2777575 11.158221 -1.4511122703552246 0.9720022678375244
Cyclist 0.0 0 -1.239330530166626 1097.3543701171875 158.72389221191406 1156.5225830078125 238.35687255859375 1.8441728 1.6390475 0.46619037 11.123084 1.3485721 15.573249 -0.6191093921661377 0.5492626428604126
Car 0.0 0 0.42487210035324097 153.2766571044922 186.9027862548828 346.7628479003906 258.6747741699219 3.6535406 1.5399746 1.6637703 -8.2746315 1.8834248 16.7237 -0.03459461033344269 0.9178191423416138
Car 0.0 0 -2.7101964950561523 253.5278778076172 183.8614044189453 403.1581726074219 238.3302764892578 3.8975887 1.5488379 1.6117556 -8.489428 1.8959965 21.808485 -3.081420421600342 0.8325997591018677
Car 0.0 0 1.292423963546753 913.8477783203125 163.12472534179688 960.7568359375 188.5234832763672 3.8957076 1.5235482 1.6694212 20.463724 0.9402944 45.327206 1.7164969444274902 0.7966881394386292
Car 0.0 0 -0.70122230052948 1119.12744140625 153.91966247558594 1233.6912841796875 187.69459533691406 4.166348 1.5551391 1.6772947 26.699629 0.68368113 34.135925 -0.03745676949620247 0.5266475677490234
Car 0.0 0 2.3930671215057373 0.0 194.63970947265625 44.98694610595703 275.0683898925781 4.0935054 1.4790498 1.6509663 -15.49063 2.0410788 16.50125 1.6392483711242676 0.21496957540512085
Car 0.0 0 -1.603356122970581 568.3297119140625 182.8002166748047 593.8587646484375 206.44482421875 3.9531949 1.5061194 1.6219368 -2.054374 2.2195835 49.697742 -1.644670009613037 0.1569431573152542
