Pedestrian 0.0 0 -3.0523056983947754 859.9149169921875 162.77804565429688 893.3773193359375 215.89010620117188 1.0488639 1.8158106 0.55946445 9.24866 1.4716891 25.14249 -2.6998183727264404 0.21076235175132751
Pedestrian 0.0 0 -1.607541561126709 581.7802124023438 169.3939666748047 590.3418579101562 191.3536834716797 0.8433815 1.8003076 0.6754194 -2.0031166 1.517003 59.594955 -1.6411410570144653 0.17007802426815033
Pedestrian 0.0 0 -1.150998830795288 224.45510864257812 155.62118530273438 243.81356811523438 192.1407470703125 0.6350214 1.9252319 0.71717143 -20.023191 1.0171138 38.373985 -1.6319267749786377 0.16049863398075104
Pedestrian 0.0 0 -1.641373872756958 1190.24267578125 142.1775360107422 1208.4144287109375 179.48489379882812 0.64024574 1.9177121 0.6881565 30.62619 0.34120604 37.546364 -0.9571387767791748 0.1569717675447464
Pedestrian 0.0 0 0.015295296907424927 770.8749389648438 167.93896484375 784.4126586914062 193.8047637939453 0.9376079 1.8418905 0.63693774 12.009494 1.4922506 51.799522 0.24311590194702148 0.13449475169181824
Cyclist 0.0 0 -1.607541561126709 581.7802124023438 169.3939666748047 590.3418579101562 191.3536834716797 0.8433815 1.8003076 0.6754194 -2.0031166 1.517003 59.594955 -1.6411410570144653 0.11422356963157654
Car 0.0 0 1.9882351160049438 384.4638671875 178.9510498046875 453.2867736816406 212.1890869140625 3.9578338 1.4442297 1.6931208 -9.012922 1.7512802 34.203453 1.7305829524993896 0.9259801506996155
Car 0.0 0 -1.5793975591659546 705.8143310546875 174.4593048095703 734.657958984375 200.36744689941406 3.6991034 1.4561609 1.616532 6.474209 1.5559362 42.737343 -1.4290523529052734 0.7619290351867676
Car 0.0 0 0.21497929096221924 824.714599609375 168.83433532714844 873.6387939453125 186.8973846435547 3.762401 1.5178746 1.5528315 20.60603 1.1804513 62.25615 0.5346174240112305 0.2457500398159027
Car 0.0 0 -1.7677541971206665 992.6279296875 171.1647186279297 1050.3092041015625 204.7571258544922 3.7142925 1.4240993 1.5555094 18.468115 1.3528432 32.593067 -1.2522351741790771 0.21254178881645203
Car 0.0 0 -1.3238425254821777 256.9122009277344 155.60511779785156 302.12969970703125 185.36892700195312 4.335886 1.9368933 1.8007334 -22.515116 0.8147716 49.246708 -1.752659797668457 0.1547151803970337
Car 0.0 0 -0.9250406622886658 0.0 192.65122985839844 75.2938461303711 240.6033172607422 3.3573642 1.3788102 1.5363277 -19.695234 2.0810673 23.867985 -1.6149441003799438 0.14531639218330383
