Pedestrian 0.0 0 -2.201979398727417 0.0 138.8158721923828 65.91780090332031 260.9224548339844 0.80359095 1.8144114 0.6257218 -9.061955 1.3089883 11.123156 -2.885615348815918 0.4089277386665344
Pedestrian 0.0 0 0.6936092972755432 146.1321563720703 166.89215087890625 167.24301147460938 197.59310913085938 1.008456 1.8331141 0.4681623 -27.28514 1.4774976 43.377796 0.13213038444519043 0.3793453574180603
Pedestrian 0.0 0 0.8095737099647522 75.20403289794922 146.53392028808594 131.79672241210938 238.62887573242188 0.66076434 1.8212752 0.6708616 -10.333121 1.3011256 14.65967 0.1955885887145996 0.37347087264060974
Pedestrian 0.0 0 0.4147176444530487 61.398826599121094 168.5311279296875 104.19137573242188 226.49423217773438 0.9475158 1.8393496 0.6184172 -17.058727 1.7025293 23.297958 -0.21729275584220886 0.2761063575744629
Pedestrian 0.0 0 1.5791023969650269 841.1951904296875 159.02508544921875 857.7335205078125 204.98666381835938 0.7522646 1.7962502 0.61549747 9.468784 1.2561527 28.651207 1.8982869386672974 0.21318426728248596
Pedestrian 0.0 0 0.45977917313575745 270.64605712890625 167.3415069580078 310.3438720703125 226.1951446533203 0.99015427 1.8652787 0.63216335 -10.312737 1.6909266 23.201683 0.04152321815490723 0.19992393255233765
Pedestrian 0.0 0 -2.8245346546173096 361.7130126953125 163.1564483642578 395.11517333984375 213.08546447753906 1.0611702 1.8756244 0.6464844 -8.840036 1.5116857 27.428442 -3.136317491531372 0.17515620589256287
Pedestrian 0.0 0 2.375277519226074 1181.4013671875 121.70145416259766 1242.0 238.37181091308594 0.9970028 1.7891389 0.6677489 9.755117 1.0050728 11.425001 3.081996440887451 0.17063745856285095
Pedestrian 0.0 0 -1.0775198936462402 964.2427368164062 166.35079956054688 1001.451171875 211.49453735351562 1.7010853 1.7160375 0.5506366 14.502847 1.4691907 28.133204 -0.6015442609786987 0.11564113944768906
Cyclist 0.0 0 -1.142762303352356 967.30810546875 165.71759033203125 1000.8943481445312 210.65420532226562 1.6454419 1.7164494 0.53546315 14.626477 1.4442172 28.276451 -0.6653966307640076 0.23112578690052032
Cyclist 0.0 0 -1.702269196510315 656.239013671875 183.13641357421875 676.33935546875 227.6849822998047 1.728381 1.593121 0.52586997 2.0579169 1.9919751 27.083027 -1.6264294385910034 0.2203827202320099
Cyclist 0.0 0 -1.2881280183792114 360.7772521972656 204.9655303955078 382.4061584472656 247.8735809326172 1.5221552 1.6932484 0.46092805 -10.072419 3.0804968 30.391157 -1.6081609725952148 0.19604356586933136
Cyclist 0.0 0 0.637679398059845 139.59104919433594 176.10694885253906 198.8875274658203 228.18240356445312 1.6564741 1.7093095 0.6032558 -14.759767 1.8200183 24.100836 0.0881795883178711 0.1588442176580429
Car 0.0 0 1.7251732349395752 516.6492919921875 180.7714080810547 565.3595581054688 216.0619659423828 3.938896 1.449518 1.6006705 -3.0880988 1.8291831 32.55089 1.6305865049362183 0.7464833855628967
Car 0.0 0 -2.8643836975097656 752.2789916992188 156.19834899902344 880.2510375976562 210.18565368652344 3.5490437 1.5702891 1.6188309 6.3951983 1.0861964 22.604836 -2.5886759757995605 0.23473893105983734
Car 0.0 0 -0.1464557647705078 1100.3438720703125 151.25924682617188 1242.0 247.6433563232422 3.7102711 1.5011486 1.7103218 11.02783 1.1651757 12.943991 0.5591781139373779 0.20092739164829254
