Pedestrian 0.0 0 -1.7151708602905273 866.4947509765625 165.0422821044922 892.8316650390625 220.7931671142578 0.8429408 1.7192822 0.6607686 8.441203 1.4787374 22.729872 -1.3595860004425049 0.5876169800758362
Pedestrian 0.0 0 -2.426271677017212 82.36292266845703 169.08859252929688 144.74119567871094 257.6560363769531 0.85823435 1.6834033 0.5353233 -9.6934395 1.6121918 14.02491 -3.031039237976074 0.5664071440696716
Pedestrian 0.0 0 2.4056034088134766 1033.1705322265625 80.7166976928711 1242.0 375.0 0.60531914 1.7451688 0.8076711 2.743428 1.3135657 3.8152714 3.02901029586792 0.519957959651947
Pedestrian 0.0 0 2.6821768283843994 834.41064453125 157.27474975585938 858.6646118164062 196.21282958984375 0.95109767 1.8553216 0.5787586 11.344452 1.1133595 34.731575 2.9978842735290527 0.3400024175643921
Pedestrian 0.0 0 -3.3560845851898193 806.2720947265625 178.58872985839844 849.2281494140625 225.64756774902344 1.321322 1.628547 0.7564755 7.6391134 1.8349913 25.499144 -3.0650103092193604 0.28050994873046875
Pedestrian 0.0 0 -0.5949602723121643 722.3966674804688 160.31881713867188 749.352294921875 208.42510986328125 0.84149563 1.8585953 0.61654574 4.8978205 1.3746542 28.327997 -0.42375603318214417 0.2625542879104614
Pedestrian 0.0 0 -0.05015897750854492 799.7426147460938 173.7321319580078 832.296875 219.15460205078125 1.1406449 1.6725084 0.6263398 7.6612077 1.7062744 27.014944 0.22617697715759277 0.22189299762248993
Pedestrian 0.0 0 1.773655652999878 910.037353515625 175.1786346435547 940.4833984375 232.83522033691406 0.79902333 1.648234 0.6733846 9.214022 1.7185352 21.18636 2.183884620666504 0.21108673512935638
Pedestrian 0.0 0 -2.3430235385894775 188.68978881835938 182.53176879882812 249.93118286132812 241.2957000732422 1.597148 1.5304031 0.46328887 -10.552775 1.7970959 19.396631 -2.8412885665893555 0.13407450914382935
Cyclist 0.0 0 1.9674046039581299 330.4755554199219 162.916259765625 400.0753173828125 259.2866516113281 2.0211332 1.8045552 0.5952152 -4.934784 1.6188269 14.536955 1.640146017074585 0.9438708424568176
Cyclist 0.0 0 1.8743752241134644 367.5809631347656 165.44757080078125 416.75152587890625 244.19288635253906 1.8903843 1.7966967 0.6008754 -5.273522 1.6280656 17.408243 1.5802302360534668 0.8941493630409241
Cyclist 0.0 0 -0.7825419306755066 609.4830932617188 170.2604522705078 653.320556640625 215.7056427001953 1.870779 1.7526776 0.5910247 0.8213565 1.6530104 28.680384 -0.7539114952087402 0.7192570567131042
Cyclist 0.0 0 -0.16273722052574158 802.4931640625 178.5807647705078 854.8355712890625 225.4199981689453 1.6671494 1.6155126 0.7575386 7.6622667 1.8219966 25.484762 0.12932562828063965 0.4631335437297821
Cyclist 0.0 0 -2.364354372024536 187.88739013671875 182.03216552734375 250.86668395996094 242.48739624023438 1.6258535 1.5787349 0.4717339 -10.566704 1.8319792 19.427097 -2.8625142574310303 0.3757423758506775
Cyclist 0.0 0 2.2689731121063232 177.2103729248047 191.38265991210938 241.03689575195312 258.2359619140625 1.6606506 1.5669448 0.45014453 -10.151344 2.0578613 18.242517 1.761178970336914 0.26551151275634766
Cyclist 0.0 0 -0.05015897750854492 799.7426147460938 173.7321319580078 832.296875 219.15460205078125 1.1406449 1.6725084 0.6263398 7.6612077 1.7062744 27.014944 0.22617697715759277 0.12740188837051392
Car 0.0 0 -2.6466426849365234 411.4366760253906 176.15049743652344 482.6742858886719 203.89492797851562 3.7372117 1.5504146 1.5670975 -9.478908 1.747841 41.874313 -2.8692567348480225 0.6975101232528687
Car 0.0 0 -1.5436687469482422 721.2214965820312 161.22584533691406 759.947265625 197.1281280517578 3.7851706 1.5365797 1.6369213 5.9599338 1.0392649 32.898434 -1.3644509315490723 0.23767855763435364
Car 0.0 0 0.5124889612197876 279.7998962402344 177.35284423828125 366.1589050292969 208.03509521484375 3.754783 1.4907838 1.5820173 -14.483462 1.7245193 36.392765 0.1337282657623291 0.2221582680940628
