Pedestrian 0.0 0 2.1797008514404297 137.35926818847656 196.47474670410156 192.25157165527344 288.55621337890625 0.7274354 1.5829644 0.5181149 -8.044011 2.0204103 12.971754 1.6246203184127808 0.5725794434547424
Pedestrian 0.0 0 -0.4186440110206604 975.794189453125 138.4085235595703 1078.88720703125 272.9526062011719 1.0362628 1.7451304 0.62565255 5.543234 1.2987063 9.718942 0.09969139099121094 0.5221004486083984
Pedestrian 0.0 0 -1.4287185668945312 652.145751953125 167.79055786132812 668.3087158203125 207.21339416503906 0.8719106 1.7301906 0.60249835 2.202293 1.508324 32.15339 -1.3603320121765137 0.3965202271938324
Pedestrian 0.0 0 -0.32836252450942993 977.2748413085938 143.41915893554688 1059.6541748046875 268.84124755859375 0.8913585 1.7495065 0.5935093 5.833685 1.3392792 10.434252 0.18143272399902344 0.37105026841163635
Pedestrian 0.0 0 1.3092538118362427 953.6586303710938 149.71923828125 982.5969848632812 193.6787567138672 0.92736286 1.8804141 0.91838074 15.538154 0.8911582 31.406685 1.7686848640441895 0.3261638879776001
Pedestrian 0.0 0 0.16436240077018738 605.9891967773438 165.2075653076172 625.6109008789062 193.1656951904297 1.2577393 1.8781501 0.5365533 0.3647331 1.3648416 48.840057 0.1718301773071289 0.24955961108207703
Pedestrian 0.0 0 -0.2576743960380554 724.216064453125 163.37393188476562 744.4269409179688 196.23414611816406 0.99827474 1.8467369 0.64119995 7.0106983 1.3143171 40.910706 -0.08795705437660217 0.24526627361774445
Pedestrian 0.0 0 1.4997388124465942 770.6992797851562 174.14747619628906 793.9330444335938 227.21218872070312 0.94067806 1.7278894 0.6853779 5.687477 1.7722731 24.0365 1.7320839166641235 0.21094276010990143
Pedestrian 0.0 0 1.533322811126709 694.3968505859375 173.72145080566406 714.4495849609375 218.67184448242188 0.7841591 1.7569867 0.7587407 3.7002378 1.7922922 28.641504 1.6618026494979858 0.19422830641269684
Pedestrian 0.0 0 -0.4925450086593628 707.87158203125 177.1699981689453 734.343017578125 221.1855926513672 0.7922362 1.6061891 0.57913166 4.0830965 1.7693704 26.812151 -0.3414207994937897 0.18561692535877228
Pedestrian 0.0 0 -1.8662625551223755 922.2732543945312 138.40928649902344 964.1951293945312 205.22755432128906 1.0266303 1.8026952 0.7891137 9.185798 0.8737667 20.025297 -1.4361892938613892 0.16075704991817474
Pedestrian 0.0 0 -0.768521249294281 1196.47998046875 162.77301025390625 1242.0 234.28587341308594 0.7752771 1.6904836 0.71191156 14.801983 1.4525384 17.433826 -0.0645858496427536 0.14969725906848907
Cyclist 0.0 0 -3.662809371948242 972.1442260742188 143.33218383789062 1108.0465087890625 276.9051513671875 1.4961674 1.7473204 0.5566165 5.7158737 1.3614918 9.721958 -3.1313087940216064 0.35996511578559875
Cyclist 0.0 0 -1.7322194576263428 424.57366943359375 163.86558532714844 437.825927734375 190.79383850097656 1.9873011 1.9162511 0.6203465 -13.015387 1.276981 52.378345 -1.9757745265960693 0.16536572575569153
Car 0.0 0 1.7454341650009155 418.082275390625 173.13565063476562 488.0996398925781 231.3611602783203 4.0044518 1.7927097 1.6247374 -5.223548 1.8033327 24.263588 1.5333871841430664 0.7482820749282837
Car 0.0 0 -0.26971837878227234 556.5394897460938 175.9998016357422 601.1720581054688 194.19476318359375 3.3941052 1.4579835 1.519279 -2.5976708 1.7231592 59.491463 -0.3133552670478821 0.2185899019241333
Car 0.0 0 -0.9215307831764221 1216.2967529296875 139.676513671875 1242.0 208.88844299316406 4.0327706 1.5091294 1.6320299 16.639732 0.78606963 16.822401 -0.14159154891967773 0.1912199854850769
