Pedestrian 0.0 0 0.07677748799324036 398.653076171875 152.92593383789062 430.5755310058594 195.86312866210938 1.224192 1.7371486 0.5726419 -8.045165 0.93125904 29.58523 -0.1887340247631073 0.28811773657798767
Pedestrian 0.0 0 0.6946561932563782 777.9251098632812 168.42483520507812 793.2000122070312 199.862060546875 0.59766054 1.7881849 0.615147 10.05406 1.5366068 41.462395 0.9325506687164307 0.26061147451400757
Pedestrian 0.0 0 -3.4384801387786865 1200.2554931640625 199.74183654785156 1242.0 282.9053039550781 0.9884393 1.9002646 0.921676 15.049434 2.5762005 17.505945 -2.728395700454712 0.17748123407363892
Pedestrian 0.0 0 -2.350417137145996 104.922607421875 171.07159423828125 139.24786376953125 214.64378356933594 1.0923567 1.8068873 0.6002284 -20.54099 1.7333308 30.319164 -2.9458768367767334 0.14655053615570068
Cyclist 0.0 0 3.1302058696746826 400.8931884765625 154.4918212890625 433.81378173828125 198.1581268310547 1.2929286 1.7640322 0.5716813 -7.94438 1.0225943 29.595856 2.8679590225219727 0.2871353030204773
Cyclist 0.0 0 1.9218430519104004 278.2431945800781 188.9304962158203 304.6855163574219 228.866943359375 1.6926302 1.7028944 0.53615373 -14.293637 2.4426312 32.319714 1.505446434020996 0.23813869059085846
Car 0.0 0 2.1514992713928223 0.0 197.9524688720703 135.22413635253906 298.8010559082031 3.3874688 1.4194798 1.5124234 -10.215979 1.925755 12.784584 1.47731614112854 0.8855704069137573
Car 0.0 0 -1.527898907661438 427.30120849609375 179.8976593017578 459.9750061035156 208.6695098876953 3.942785 1.4660789 1.5931425 -9.180978 1.8759885 39.867245 -1.7542414665222168 0.47515490651130676
Car 0.0 0 1.24724280834198 885.9639282226562 164.03121948242188 938.1104736328125 192.7770233154297 3.8828835 1.5922685 1.6389542 17.45886 1.103921 41.958706 1.6415477991104126 0.3651851415634155
Car 0.0 0 3.4796154499053955 231.44857788085938 181.6471405029297 354.1523742675781 222.55899047851562 4.1352572 1.5439279 1.6910622 -12.555262 1.9056731 28.653564 3.066638946533203 0.14919176697731018
