Pedestrian 0.0 0 -3.6141886711120605 1082.309326171875 176.44580078125 1118.7135009765625 220.47988891601562 1.1687568 1.8823812 0.5787005 21.202631 2.0401487 31.2594 -3.018188953399658 0.33830031752586365
Pedestrian 0.0 0 1.6203575134277344 856.8831787109375 170.8238525390625 870.7767333984375 205.88775634765625 0.67862695 1.7610291 0.6340468 12.865257 1.6594261 36.669205 1.9577860832214355 0.28140005469322205
Cyclist 0.0 0 -1.7595572471618652 1089.043212890625 178.37213134765625 1114.1866455078125 221.58071899414062 1.8109729 1.8072816 0.5706108 21.313364 2.0547354 31.36251 -1.162667155265808 0.39587241411209106
Car 0.0 0 -1.3184869289398193 734.1731567382812 182.70652770996094 853.2222900390625 263.8816833496094 3.6005137 1.4402828 1.5793003 3.9266863 1.6754056 15.232294 -1.066192865371704 0.9471443891525269
Car 0.0 0 -1.773147702217102 1066.0650634765625 205.36334228515625 1242.0 375.0 3.1640792 1.4671073 1.5036811 5.1806064 1.8432186 6.58579 -1.1066100597381592 0.8874218463897705
Car 0.0 0 2.0055735111236572 515.120361328125 176.3751678466797 754.779296875 329.49365234375 3.7427604 1.504137 1.5810866 0.47738326 1.5592918 9.202095 2.0574047565460205 0.8850371837615967
Car 0.0 0 -0.7865374088287354 83.34037780761719 173.73312377929688 589.5057373046875 375.0 3.3278375 1.4936143 1.5248175 -1.6820207 1.5026921 5.3260136 -1.0924370288848877 0.8365092873573303
Car 0.0 0 -1.6680266857147217 1022.111083984375 188.87579345703125 1102.1097412109375 254.73818969726562 2.7842534 1.5659133 1.5566282 12.096501 2.035139 19.519854 -1.113245964050293 0.8163937926292419
Car 0.0 0 1.6366941928863525 876.8307495117188 177.5102996826172 921.0958251953125 214.9324188232422 3.7864254 1.5595205 1.6141382 13.072278 1.783763 32.634186 2.0176918506622314 0.7549118995666504
Car 0.0 0 -1.421306848526001 900.3381958007812 179.76364135742188 943.9320068359375 210.29312133789062 3.9266608 1.5473313 1.6313616 17.139706 1.9471555 39.61398 -1.0129592418670654 0.39213070273399353
Car 0.0 0 1.6908018589019775 1009.4865112304688 183.61196899414062 1042.4124755859375 205.94215393066406 3.979764 1.4811356 1.588881 29.928629 2.2864723 51.918365 2.2137293815612793 0.28794580698013306
Car 0.0 0 0.2886214554309845 729.726806640625 170.80860900878906 831.9212646484375 209.61517333984375 3.7110794 1.4730935 1.5336192 6.7998433 1.3958087 28.973146 0.5191440582275391 0.27138468623161316
