Pedestrian 0.0 0 0.3491639792919159 0.0 153.42764282226562 24.0825138092041 200.73802185058594 0.8139648 1.7959398 0.5520073 -23.219711 1.0588579 27.785355 -0.34695860743522644 0.1784767508506775
Pedestrian 0.0 0 -1.3587663173675537 406.8658752441406 169.85557556152344 417.7301025390625 194.12306213378906 0.78236455 1.8527141 0.656679 -15.228579 1.6241548 55.49232 -1.6265995502471924 0.1588965356349945
Cyclist 0.0 0 -2.305600643157959 1122.5943603515625 195.0818634033203 1204.7449951171875 280.0184020996094 1.6159271 1.625503 0.36702847 11.459631 2.11504 15.055943 -1.6550099849700928 0.9014931917190552
Cyclist 0.0 0 2.121220111846924 262.795654296875 173.694580078125 284.2281799316406 199.515380859375 1.5061139 1.6703216 0.5776256 -22.1752 1.7269344 47.504616 1.6844825744628906 0.18410062789916992
Car 0.0 0 1.8436695337295532 309.0058898925781 185.97560119628906 470.8736267089844 285.2001647949219 4.2764635 1.4049375 1.6362187 -3.7547576 1.6794666 12.927393 1.5609973669052124 0.962547242641449
Car 0.0 0 -1.633786916732788 584.564208984375 177.02049255371094 635.1873168945312 223.4658660888672 4.395627 1.6320441 1.670978 -0.12251615 1.807113 28.003958 -1.6381618976593018 0.9028819799423218
Car 0.0 0 2.180286407470703 43.40241241455078 181.2555389404297 151.9368133544922 223.10215759277344 3.8152387 1.4825318 1.5567938 -19.95223 1.8340023 28.239391 1.565185308456421 0.8852689266204834
Car 0.0 0 1.6874724626541138 533.7785034179688 178.2588348388672 565.721923828125 204.45704650878906 3.8342679 1.6549292 1.6987027 -4.023878 2.0318496 48.32338 1.6043943166732788 0.8737795948982239
Car 0.0 0 2.2781505584716797 0.0 184.8494110107422 38.410499572753906 238.00355529785156 4.0398607 1.4800285 1.6319195 -20.68652 1.8974843 23.047132 1.5466771125793457 0.2997990548610687
Car 0.0 0 1.9385802745819092 427.9374694824219 187.4498291015625 472.47821044921875 212.5068817138672 3.6921334 1.4914564 1.6244478 -10.423129 2.4852402 47.15991 1.7210603952407837 0.1694442629814148
Car 0.0 0 0.1874184012413025 0.0 158.45372009277344 63.93370056152344 199.6588134765625 4.37574 1.6042356 1.7456125 -25.55708 1.0439482 29.932354 -0.5192937850952148 0.16719311475753784
