Pedestrian 0.0 0 -1.7639580965042114 743.5730590820312 159.79095458984375 777.5020141601562 223.64825439453125 1.3690301 1.7010334 0.6613735 4.089628 1.3534174 19.90522 -1.561322808265686 0.4221927225589752
Pedestrian 0.0 0 -2.57407546043396 398.62738037109375 150.97250366210938 424.7947998046875 196.8141632080078 0.83103895 1.8618106 0.63089913 -8.2081375 0.97347486 29.725323 -2.8434946537017822 0.18150877952575684
Pedestrian 0.0 0 2.1315295696258545 231.21180725097656 136.7025604248047 281.011474609375 214.72178649902344 0.9147709 1.8735076 0.7306958 -8.774216 1.0057464 17.8164 1.673916220664978 0.17402207851409912
Cyclist 0.0 0 1.8418000936508179 370.2923278808594 166.2580108642578 442.4728088378906 286.6198425292969 1.9238983 1.7827706 0.6315529 -3.292338 1.68543 11.647847 1.566329836845398 0.9513144493103027
Cyclist 0.0 0 -1.7731881141662598 743.6531982421875 159.21920776367188 777.4512329101562 223.60186767578125 1.4568855 1.7095995 0.6270003 4.0849648 1.3479031 19.885279 -1.570580244064331 0.5344558358192444
Cyclist 0.0 0 -1.726524829864502 741.3644409179688 169.4987335205078 759.2149047851562 212.44949340820312 1.6471558 1.6703004 0.44784692 5.564744 1.5401764 28.887764 -1.5362225770950317 0.2263462096452713
Car 0.0 0 1.8238976001739502 461.80010986328125 178.84336853027344 527.1907348632812 217.0679931640625 4.3034263 1.4558191 1.693034 -4.81437 1.7269744 30.397236 1.6668205261230469 0.9056165218353271
Car 0.0 0 1.9854696989059448 147.02247619628906 184.45703125 385.67388916015625 309.2815856933594 4.647294 1.5599566 1.7111002 -5.2777557 1.7871974 11.776763 1.5641553401947021 0.869572639465332
Car 0.0 0 -1.532346248626709 657.3659057617188 171.74200439453125 698.3675537109375 208.67962646484375 3.6340358 1.5532349 1.6874729 3.0415592 1.5068332 32.250614 -1.4383143186569214 0.8601260185241699
Car 0.0 0 -1.489839792251587 677.876220703125 169.83935546875 710.525146484375 195.94606018066406 3.641626 1.4608333 1.614468 4.9411902 1.2925028 42.315475 -1.373595952987671 0.21567918360233307
Car 0.0 0 1.8091850280761719 607.7643432617188 175.088623046875 636.142822265625 192.5182647705078 4.2249417 1.5113338 1.6209685 1.0995712 1.7211708 65.38741 1.8259997367858887 0.1596302092075348
