Pedestrian 0.0 0 -1.2733867168426514 203.77410888671875 170.42018127441406 223.99853515625 205.98834228515625 0.9162572 1.7924751 0.66795206 -20.276033 1.6701796 36.8761 -1.776108741760254 0.2776665985584259
Pedestrian 0.0 0 0.7534950971603394 1091.04541015625 183.6377716064453 1146.04296875 245.49562072753906 0.96397537 1.7960572 0.9495679 15.245301 2.1294837 21.714128 1.3656232357025146 0.2760753929615021
Pedestrian 0.0 0 3.2520039081573486 444.2864074707031 159.19607543945312 463.01702880859375 195.4256134033203 0.84756994 1.7811623 0.61041784 -7.795355 1.1100516 35.817917 3.0377073287963867 0.2537560760974884
Pedestrian 0.0 0 -0.6148127317428589 901.1467895507812 182.82919311523438 968.9625854492188 278.27984619140625 1.0112274 1.7405379 0.5926846 6.0785246 1.9346659 13.624488 -0.19516754150390625 0.22466455399990082
Pedestrian 0.0 0 -3.6712374687194824 1204.401123046875 197.61163330078125 1242.0 262.6920471191406 0.6753824 1.79834 0.68485653 17.551434 2.520334 20.63259 -2.9663569927215576 0.12570391595363617
Cyclist 0.0 0 -2.0198168754577637 900.9110717773438 180.82366943359375 963.373779296875 276.7969055175781 1.3176485 1.7020547 0.55037105 5.981095 1.8597288 13.572181 -1.604733943939209 0.19379685819149017
Cyclist 0.0 0 1.966015100479126 201.81887817382812 171.72409057617188 224.9535369873047 207.57142639160156 1.0411592 1.803007 0.6885371 -20.28175 1.7465345 36.842964 1.4627944231033325 0.14984384179115295
Cyclist 0.0 0 -3.4653074741363525 1095.24365234375 173.2901611328125 1151.4844970703125 238.6224365234375 1.1563113 1.9020295 0.860171 15.2935915 1.9157897 21.589804 -2.848985433578491 0.12921729683876038
Cyclist 0.0 0 -1.1509134769439697 0.0 166.3701629638672 30.58889389038086 223.66835021972656 1.6803361 2.1460412 0.56725687 -23.21153 1.9035542 27.907238 -1.844709873199463 0.12281534075737
Car 0.0 0 1.890735387802124 260.23992919921875 187.81260681152344 344.0974426269531 237.12220764160156 3.4025037 1.504277 1.6671442 -10.541909 2.05627 24.842312 1.4894129037857056 0.9122679233551025
Car 0.0 0 2.168039083480835 0.0 196.88067626953125 171.3509063720703 312.429443359375 4.526157 1.5091966 1.7609882 -9.911754 2.0096707 12.700257 1.5053410530090332 0.7896020412445068
Car 0.0 0 -1.7226771116256714 560.623291015625 177.99986267089844 582.6492919921875 193.16082763671875 3.6255765 1.3754221 1.5597382 -3.6955652 1.8795645 68.70268 -1.7764160633087158 0.17688797414302826
Car 0.0 0 1.3057551383972168 627.4439086914062 173.0697479248047 661.9085083007812 195.71217346191406 4.077332 1.673844 1.6326231 2.6003406 1.6914585 55.545372 1.3525357246398926 0.1640063375234604
Car 0.0 0 -0.6543229818344116 900.4669189453125 168.65525817871094 1123.60791015625 253.91876220703125 3.486274 1.4946727 1.5334098 7.4904237 1.4214267 13.669308 -0.1530366837978363 0.1579677164554596
