Pedestrian 0.0 0 -1.0320415496826172 102.32389831542969 144.1754913330078 151.21847534179688 237.5146942138672 0.5993118 1.7808801 0.5663378 -9.470967 1.2340617 14.0782995 -1.6242337226867676 0.22934281826019287
Pedestrian 0.0 0 0.8098788857460022 1008.7467041015625 140.52996826171875 1035.3438720703125 188.48851013183594 0.7307973 1.8628248 0.5609083 16.198166 0.60763997 28.44571 1.3275257349014282 0.1758372187614441
Pedestrian 0.0 0 -1.57545804977417 772.285888671875 158.60345458984375 783.8245239257812 193.69711303710938 0.81062204 1.7488985 0.5609453 8.440859 1.039078 36.412544 -1.3476696014404297 0.1731722354888916
Pedestrian 0.0 0 0.24887022376060486 187.40013122558594 197.853515625 255.54331970214844 320.7720031738281 0.73615026 1.6736146 0.60937715 -5.617515 2.0465171 10.364 -0.24782714247703552 0.16549800336360931
Pedestrian 0.0 0 -3.3325934410095215 1121.5797119140625 178.0293731689453 1177.0953369140625 267.10528564453125 0.8105549 1.77277 0.62608784 11.047294 1.8830748 14.868043 -2.693572759628296 0.16280965507030487
Pedestrian 0.0 0 1.847341537475586 296.5253601074219 177.33006286621094 339.336181640625 233.79063415527344 1.0345095 1.5249912 0.8594589 -8.182782 1.6537601 20.135931 1.4613497257232666 0.15045185387134552
Pedestrian 0.0 0 -0.2042757272720337 966.99609375 129.47621154785156 1014.6116333007812 233.64842224121094 0.64643455 1.7971328 0.55325705 6.6928725 1.0491562 12.7994995 0.277524471282959 0.14885471761226654
Pedestrian 0.0 0 -2.239360809326172 998.3816528320312 206.09230041503906 1089.4730224609375 351.9569396972656 0.73796076 1.6023387 0.58896744 5.0459514 2.0136266 8.512842 -1.7042924165725708 0.14212089776992798
Pedestrian 0.0 0 2.2219295501708984 0.0 260.494384765625 187.6431427001953 375.0 1.3058108 0.9966535 1.2104855 -5.5233703 2.0064995 7.640364 1.5959861278533936 0.1371162086725235
Cyclist 0.0 0 0.909627377986908 1112.02001953125 168.7356414794922 1188.958251953125 243.82791137695312 1.6772407 1.6458426 0.49072686 12.384187 1.555936 16.655401 1.5489901304244995 0.3810400068759918
Cyclist 0.0 0 -2.231022596359253 872.3861083984375 163.67251586914062 911.731201171875 209.6737823486328 1.629411 1.6547656 0.45450377 10.413849 1.3248459 26.798206 -1.8603800535202026 0.1891476809978485
Cyclist 0.0 0 -1.7908573150634766 923.2047729492188 180.35556030273438 970.647216796875 259.0162353515625 1.8223376 1.668216 0.5879778 7.594034 1.8493642 16.433867 -1.3579894304275513 0.1758016049861908
Car 0.0 0 1.7529453039169312 620.6787109375 176.3544921875 649.9891967773438 194.7281036376953 3.956075 1.37237 1.6176138 2.0049043 1.6585133 56.799053 1.7882288694381714 0.7364294528961182
Car 0.0 0 -2.039764881134033 464.1676940917969 166.8069305419922 525.4132080078125 197.86474609375 3.8444397 1.558945 1.6388934 -6.190028 1.2557701 38.251038 -2.2002005577087402 0.21478357911109924
Car 0.0 0 -1.7858701944351196 729.1820678710938 178.748291015625 769.3995361328125 205.62684631347656 3.686049 1.4838464 1.5676842 8.1223545 1.8467151 42.510246 -1.597077488899231 0.19853951036930084
