Cyclist 0.0 0 1.5659574270248413 473.4349060058594 175.06842041015625 490.7422180175781 220.12713623046875 1.8998897 1.7760497 0.6755589 -5.283449 1.8701023 29.530842 1.3889176845550537 0.8414113521575928
Cyclist 0.0 0 1.5137977600097656 493.7270812988281 175.45262145996094 510.9287414550781 216.58349609375 1.9301245 1.7289379 0.6289295 -4.7467256 1.8462566 31.463686 1.3640632629394531 0.7497942447662354
Car 0.0 0 -1.8323217630386353 639.1968994140625 175.14849853515625 711.2891845703125 224.96351623535156 3.2546625 1.461924 1.4886242 1.9665332 1.541146 23.064592 -1.7472654581069946 0.931695282459259
Car 0.0 0 1.3580862283706665 703.7332763671875 178.04808044433594 829.263671875 263.1531677246094 3.831976 1.4007928 1.5605088 2.8278008 1.5160742 14.035266 1.5569027662277222 0.9031768441200256
Car 0.0 0 -1.5267125368118286 413.9385986328125 183.26809692382812 465.32110595703125 231.5771484375 3.6062095 1.5304044 1.6166893 -6.022468 1.9281137 25.605705 -1.7577142715454102 0.8713140487670898
Car 0.0 0 -1.7243902683258057 566.392578125 179.4886474609375 604.0097045898438 206.61898803710938 3.5701947 1.4677205 1.6472095 -1.5151827 1.8706849 41.87346 -1.760559320449829 0.77008056640625
Car 0.0 0 -1.8459718227386475 601.40625 171.88290405273438 664.1897583007812 213.9781036376953 3.8209403 1.6368132 1.6273041 0.8379069 1.5994114 30.104773 -1.818145990371704 0.6745119690895081
Car 0.0 0 -1.8946665525436401 741.5405883789062 143.25042724609375 1008.5028686523438 321.4341735839844 4.3152122 1.6839423 1.6775149 2.851264 1.4045289 8.987498 -1.5874621868133545 0.5675114989280701
Car 0.0 0 -1.4598010778427124 417.7011413574219 182.36573791503906 469.141357421875 222.48831176757812 4.019803 1.5976461 1.7750164 -7.3127728 2.045193 31.82156 -1.6856848001480103 0.487274169921875
Car 0.0 0 -1.6720733642578125 542.97265625 178.55079650878906 570.4696044921875 200.78173828125 3.7534354 1.5166733 1.6077012 -3.9174323 1.9451334 52.230793 -1.7469356060028076 0.4542226195335388
Car 0.0 0 -1.2460241317749023 0.0 199.38294982910156 44.16579818725586 276.46014404296875 3.7218056 1.4219544 1.6285851 -14.796251 2.112491 16.73773 -1.9699320793151855 0.3544044494628906
