Pedestrian 0.0 0 1.1313790082931519 1126.17138671875 125.29533386230469 1199.6536865234375 254.61924743652344 0.59170026 1.7697822 0.6339513 7.767226 1.1193054 10.22687 1.7809274196624756 0.23600152134895325
Pedestrian 0.0 0 0.5732514262199402 94.0351333618164 140.0225372314453 162.45559692382812 245.33778381347656 0.79688144 1.7978706 0.60233504 -8.467452 1.237752 12.6229925 -0.017604459077119827 0.21112190186977386
Pedestrian 0.0 0 -0.789836049079895 1062.32177734375 155.0520782470703 1127.6446533203125 272.67193603515625 0.532894 1.6918566 0.6062514 7.147277 1.4361497 10.726363 -0.20206791162490845 0.1933375746011734
Pedestrian 0.0 0 -1.275770664215088 221.38165283203125 172.51348876953125 255.88929748535156 236.22825622558594 0.82422924 1.6979008 0.62610406 -10.170821 1.6891845 19.687057 -1.7526293992996216 0.1908688247203827
Pedestrian 0.0 0 -1.6866166591644287 774.2861328125 174.15536499023438 793.6207275390625 221.38438415527344 0.74343187 1.7651137 0.6303783 6.556093 1.8156149 27.39257 -1.4516973495483398 0.11644688248634338
Pedestrian 0.0 0 -0.7325153946876526 903.8547973632812 169.7762908935547 950.220947265625 257.1415710449219 0.6328679 1.7928839 0.63372135 6.6251836 1.7300818 15.205066 -0.3215981721878052 0.11442437022924423
Cyclist 0.0 0 -1.1669366359710693 300.34576416015625 160.38912963867188 328.93133544921875 200.95877075195312 1.7812803 1.7810116 0.5394629 -13.354962 1.2341605 32.56735 -1.5560956001281738 0.32322239875793457
Cyclist 0.0 0 1.8639131784439087 514.1703491210938 177.6962890625 527.6500244140625 200.10025024414062 1.7439802 1.7834842 0.61280423 -7.269646 2.1841908 58.741 1.7407816648483276 0.22382214665412903
Cyclist 0.0 0 1.9027585983276367 471.447265625 179.46189880371094 486.9958190917969 203.4064483642578 1.7311101 1.7364135 0.6097307 -9.755791 2.2370386 53.72134 1.723116397857666 0.11483120918273926
Car 0.0 0 1.721827745437622 522.290283203125 176.44992065429688 568.3299560546875 208.5555419921875 3.7649279 1.4089165 1.6145867 -3.0312474 1.588457 34.022137 1.6329660415649414 0.9467906951904297
Car 0.0 0 -0.19435358047485352 0.0 180.1522216796875 43.460975646972656 223.69168090820312 4.161931 1.6321882 1.6985712 -26.383257 1.9573524 29.94099 -0.9166703224182129 0.23719993233680725
