Pedestrian 0.0 0 3.1767828464508057 459.8550109863281 186.71212768554688 480.6181945800781 231.02561950683594 0.74392205 1.6245685 0.62210685 -5.277004 2.1514094 27.04359 2.984074831008911 0.6700181365013123
Pedestrian 0.0 0 -2.7440507411956787 295.8922119140625 175.82763671875 339.07354736328125 236.0311737060547 1.1141623 1.8576396 0.58417743 -9.196212 1.9523311 22.588617 -3.1306774616241455 0.44309213757514954
Pedestrian 0.0 0 1.8955888748168945 400.2665710449219 150.4093780517578 423.0741271972656 202.32476806640625 0.78473634 1.8492632 0.57674146 -7.214661 1.0501279 26.106606 1.6259644031524658 0.3048323392868042
Pedestrian 0.0 0 2.9539623260498047 706.6243286132812 178.558349609375 720.97802734375 198.48526000976562 1.2487141 1.8473628 0.5309581 9.66838 2.3825188 67.35009 3.0965423583984375 0.27103227376937866
Pedestrian 0.0 0 2.4356555938720703 658.6138916015625 175.832763671875 674.4177856445312 202.01052856445312 0.87815475 1.7722962 0.6354971 3.8461747 1.9790604 49.479473 2.5132322311401367 0.2604234218597412
Pedestrian 0.0 0 0.19163337349891663 809.1492309570312 169.2810821533203 830.0784301757812 204.51878356933594 1.0045155 1.8952992 0.57052225 11.379111 1.7034836 39.288876 0.47354650497436523 0.254664808511734
Pedestrian 0.0 0 -1.9665985107421875 83.6510009765625 191.6864013671875 107.38265228271484 232.96725463867188 0.5221826 1.708118 0.6717566 -21.903805 2.519879 30.662022 -2.5868990421295166 0.23688894510269165
Pedestrian 0.0 0 -2.070537567138672 950.8560180664062 94.23539733886719 1038.1182861328125 250.62362670898438 0.7847926 1.805362 0.62930596 4.572554 0.8981386 8.724446 -1.5877900123596191 0.22211045026779175
Cyclist 0.0 0 2.0065064430236816 659.3206176757812 176.42881774902344 676.2395629882812 203.29617309570312 1.4909576 1.8038797 0.58201283 3.9359548 2.0531442 49.44433 2.0859427452087402 0.26012325286865234
Cyclist 0.0 0 -2.7370872497558594 295.1640930175781 176.0112762451172 338.68115234375 236.49734497070312 1.1287512 1.8669602 0.5729884 -9.216671 1.9674981 22.595287 -3.124387502670288 0.1136111319065094
Car 0.0 0 1.8555552959442139 547.3357543945312 186.05059814453125 608.0720825195312 223.31967163085938 3.6805146 1.4694021 1.7127621 -1.3993688 2.0886974 31.846893 1.8116430044174194 0.926365852355957
Car 0.0 0 1.6839783191680908 0.0 197.19309997558594 52.24114990234375 240.46359252929688 3.8949432 1.5084481 1.5861233 -24.092905 2.5751958 29.543411 0.999852180480957 0.4911452829837799
Car 0.0 0 1.519810676574707 651.9990234375 182.83055114746094 674.0838623046875 202.5940399169922 3.72188 1.5637436 1.6650962 4.4228683 2.4316416 60.86228 1.5923532247543335 0.41288453340530396
Car 0.0 0 -1.811703085899353 753.0416870117188 175.50741577148438 781.6954956054688 192.46615600585938 3.7914934 1.4852641 1.6888605 14.274791 1.7343237 65.70826 -1.5977821350097656 0.26438528299331665
Car 0.0 0 -0.4007098078727722 942.6844482421875 151.9591827392578 1050.149658203125 188.04458618164062 4.3231707 1.7281607 1.787117 18.966146 0.72784793 35.633232 0.08841156959533691 0.24060022830963135
