Pedestrian 0.0 0 1.2683848142623901 661.5223999023438 166.30331420898438 689.6638793945312 223.66903686523438 0.9900328 1.838616 0.6522999 2.0991113 1.6290195 23.67608 1.3568131923675537 0.7880356311798096
Pedestrian 0.0 0 -1.421978235244751 458.0238037109375 169.96432495117188 499.6014099121094 251.850341796875 0.7917997 1.6062534 0.71835625 -2.6866827 1.5499284 14.558507 -1.6044689416885376 0.6734647154808044
Pedestrian 0.0 0 1.1891329288482666 689.2830810546875 165.6428985595703 717.504150390625 223.89134216308594 0.87763816 1.8477563 0.6236404 2.9754505 1.6193638 23.38917 1.3156681060791016 0.5996991395950317
Pedestrian 0.0 0 0.42893892526626587 417.417236328125 168.93869018554688 455.6585998535156 231.11862182617188 0.8928229 1.7552696 0.62125933 -5.031679 1.6451029 20.75522 0.19109797477722168 0.48625248670578003
Pedestrian 0.0 0 -3.3431291580200195 811.3152465820312 171.89048767089844 853.179931640625 235.80368041992188 1.0558268 1.8306868 0.6537768 6.4236503 1.8034469 21.039885 -3.046809434890747 0.4455035924911499
Pedestrian 0.0 0 1.3525512218475342 653.4346313476562 175.55972290039062 670.0100708007812 207.21920776367188 0.9281695 1.8263875 0.78410506 2.9884863 1.9870403 42.226696 1.423205852508545 0.29920250177383423
Pedestrian 0.0 0 1.846823811531067 1093.03662109375 151.45565795898438 1198.084716796875 312.20770263671875 0.6562733 1.715817 0.8153954 6.041219 1.4877756 8.221994 2.480501890182495 0.2808924615383148
Pedestrian 0.0 0 1.6953741312026978 319.5810852050781 135.53561401367188 366.2148742675781 232.02772521972656 0.9212138 1.8164927 0.7494329 -5.260079 1.1143209 14.114874 1.338654637336731 0.27955156564712524
Pedestrian 0.0 0 0.20047222077846527 760.8648071289062 165.7413787841797 776.6624755859375 199.68785095214844 0.7506685 1.8602011 0.5997574 8.759583 1.4708009 39.96216 0.4162564277648926 0.2115180939435959
Pedestrian 0.0 0 1.1932170391082764 738.5546875 167.04568481445312 751.0640869140625 197.38050842285156 0.5045461 1.7725079 0.5779359 7.898175 1.4334778 42.460926 1.37712562084198 0.19575217366218567
Cyclist 0.0 0 1.7703644037246704 808.695556640625 179.8566436767578 832.2407836914062 222.9175567626953 1.5522832 1.5644047 0.5607569 7.928314 1.8376215 27.294344 2.0530595779418945 0.7094405889511108
Cyclist 0.0 0 1.2762917280197144 726.4382934570312 181.40997314453125 746.6957397460938 215.7901153564453 1.5279008 1.6422735 0.56416655 6.20587 2.0748105 35.650883 1.4486382007598877 0.4498121440410614
Cyclist 0.0 0 2.31601881980896 168.99468994140625 175.80020141601562 218.7312469482422 232.74383544921875 1.4552853 1.7740153 0.5543273 -13.47802 1.8727785 23.326439 1.7920827865600586 0.27940961718559265
Cyclist 0.0 0 -3.3431291580200195 811.3152465820312 171.89048767089844 853.179931640625 235.80368041992188 1.0558268 1.8306868 0.6537768 6.4236503 1.8034469 21.039885 -3.046809434890747 0.17133794724941254
Car 0.0 0 -2.427009105682373 0.0 148.8123321533203 260.5810241699219 280.61187744140625 3.9484518 1.5607713 1.6373404 -7.014731 1.2764275 9.514128 -3.0623300075531006 0.1976097673177719
