Pedestrian 0.0 0 1.6305493116378784 613.4915771484375 163.64524841308594 625.802490234375 199.9886932373047 1.4339242 1.7655548 0.5279844 0.56376535 0.7187996 35.652893 1.6463606357574463 0.16401417553424835
Pedestrian 0.0 0 -2.639378070831299 346.95355224609375 157.619140625 370.94354248046875 195.58404541015625 0.9230334 1.811678 0.591619 -12.029924 0.49590713 34.6688 -2.9733738899230957 0.1569564789533615
Pedestrian 0.0 0 -1.6875207424163818 836.4307861328125 167.04722595214844 852.9246215820312 209.42727661132812 0.7501837 1.843072 0.60595703 10.404537 1.054072 31.686575 -1.3702547550201416 0.14816005527973175
Pedestrian 0.0 0 -1.3942394256591797 226.05517578125 174.42713928222656 258.2770080566406 231.4432830810547 1.6427461 1.6496047 0.5890296 -11.043988 1.3385987 21.665842 -1.8656501770019531 0.14579641819000244
Cyclist 0.0 0 -1.3942394256591797 226.05517578125 174.42713928222656 258.2770080566406 231.4432830810547 1.6427461 1.6496047 0.5890296 -11.043988 1.3385987 21.665842 -1.8656501770019531 0.39164039492607117
Cyclist 0.0 0 1.6305493116378784 613.4915771484375 163.64524841308594 625.802490234375 199.9886932373047 1.4339242 1.7655548 0.5279844 0.56376535 0.7187996 35.652893 1.6463606357574463 0.27420851588249207
Cyclist 0.0 0 -1.1489065885543823 155.6902618408203 173.12086486816406 189.64324951171875 220.4919891357422 1.6886252 1.6564481 0.39576265 -15.755038 1.2346543 25.995016 -1.6937841176986694 0.1887524574995041
Car 0.0 0 -1.6210678815841675 550.0826416015625 195.02330017089844 726.96337890625 365.2818298339844 3.3676407 1.4391927 1.5517343 0.1680742 1.5724527 7.9749694 -1.599995732307434 0.948565661907196
Car 0.0 0 -1.5814019441604614 567.1334228515625 177.16725158691406 653.37255859375 253.28480529785156 3.7264717 1.4345495 1.6267 -0.024329327 1.2839954 15.417144 -1.5829800367355347 0.7759024500846863
Car 0.0 0 -1.5625392198562622 564.5430297851562 175.8541259765625 620.9978637695312 227.15357971191406 3.8275797 1.496344 1.6473173 -0.5069803 1.2244093 22.889431 -1.5846847295761108 0.4197525680065155
Car 0.0 0 -1.5426511764526367 498.4976806640625 166.22166442871094 542.6388549804688 207.06353759765625 3.6538591 1.4392462 1.549282 -3.2868261 0.7710381 27.21871 -1.6628254652023315 0.2693276107311249
