Pedestrian 0.0 0 -0.2864052653312683 774.23193359375 161.55538940429688 794.1641235351562 190.87033081054688 1.1435713 1.8924098 0.5726666 11.286476 1.1633916 46.89043 -0.050199538469314575 0.6474010944366455
Pedestrian 0.0 0 0.08433996886014938 449.86126708984375 164.59527587890625 466.28094482421875 197.89126586914062 0.84237826 1.812737 0.5088366 -8.367813 1.3634647 39.584553 -0.1239839717745781 0.39175766706466675
Pedestrian 0.0 0 3.395522356033325 391.6404724121094 163.41412353515625 411.2823181152344 196.8243408203125 0.9589278 1.8666989 0.5332435 -11.763662 1.3396313 40.591087 3.113441228866577 0.28895312547683716
Cyclist 0.0 0 -0.24373842775821686 773.7772827148438 161.6640625 793.9642944335938 191.07366943359375 1.1721936 1.8988931 0.5673697 11.260708 1.1767492 46.87324 -0.007968941703438759 0.14587455987930298
Car 0.0 0 -2.066998243331909 747.3665161132812 161.51800537109375 791.6492309570312 187.4247589111328 3.6412508 1.8007977 1.5746367 11.447394 1.0131818 52.119217 -1.8507925271987915 0.8744804263114929
Car 0.0 0 3.0743699073791504 482.1136779785156 169.6792449951172 562.04052734375 200.638427734375 3.8493848 1.4921718 1.5684676 -4.4362993 1.3395126 35.90783 2.951446056365967 0.8291637897491455
Car 0.0 0 1.2152866125106812 714.6993408203125 155.28985595703125 761.278076171875 191.9628143310547 4.375264 2.4805624 1.8327159 8.975474 1.2928797 51.11934 1.3890938758850098 0.8226045966148376
Car 0.0 0 -2.1585967540740967 785.5038452148438 159.63888549804688 840.036376953125 184.78915405273438 4.2415934 1.7341038 1.7152814 14.52811 0.82328326 52.029312 -1.8863028287887573 0.5412416458129883
Car 0.0 0 2.0190420150756836 0.0 170.588134765625 50.50393295288086 199.22911071777344 3.7378726 1.6552036 1.590795 -35.805664 1.5246136 43.699825 1.3326103687286377 0.48131853342056274
Car 0.0 0 -2.396841287612915 996.4285888671875 155.6363525390625 1052.26708984375 178.67356872558594 3.3923864 1.6682467 1.6747173 30.999136 0.42178345 54.117237 -1.8766510486602783 0.4115791618824005
Car 0.0 0 -2.176159143447876 926.5463256835938 161.9718475341797 979.8479614257812 184.94569396972656 3.7700825 1.5878893 1.5920688 24.574883 0.8361021 51.857147 -1.7336121797561646 0.3254603445529938
Car 0.0 0 -2.2078514099121094 954.2088012695312 158.7194366455078 1004.974365234375 180.4339141845703 3.4604933 1.5561033 1.605668 27.344894 0.5435493 53.542675 -1.735670804977417 0.2895897328853607
