Pedestrian 0.0 0 -0.2282658815383911 983.427734375 167.5367431640625 1044.1976318359375 276.08001708984375 0.7961496 1.8245484 0.6371664 6.950723 1.7355261 12.541415 0.2778127193450928 0.33897584676742554
Pedestrian 0.0 0 2.3989412784576416 831.9719848632812 181.19830322265625 874.1106567382812 251.62704467773438 0.68472654 1.6724715 0.7024923 5.90901 1.8828919 17.701103 2.7211310863494873 0.326418936252594
Pedestrian 0.0 0 0.7906202077865601 448.6510314941406 177.2283172607422 466.06591796875 207.6812286376953 0.78422683 1.7902056 0.65392876 -9.139111 2.054488 43.042576 0.5814001560211182 0.15414807200431824
Pedestrian 0.0 0 0.5880886912345886 483.272705078125 175.02198791503906 501.9200134277344 203.1155242919922 1.0925237 1.8701603 0.5964129 -7.93844 2.0180576 48.603466 0.42618751525878906 0.14254385232925415
Pedestrian 0.0 0 3.6991958618164062 0.0 179.9361572265625 50.96501922607422 253.63722229003906 0.88636136 1.8029951 0.64446497 -14.761506 1.9846907 18.096495 3.0149483680725098 0.1403835117816925
Pedestrian 0.0 0 3.6575586795806885 14.676816940307617 182.89134216308594 74.52397155761719 268.4504089355469 0.77152604 1.6336896 0.5147938 -11.136304 1.8354121 14.160098 2.9911305904388428 0.12599316239356995
Pedestrian 0.0 0 -1.1931354999542236 186.78643798828125 182.56886291503906 210.27816772460938 217.5299835205078 1.5399159 1.8053179 0.5622752 -21.981976 2.3349223 38.503384 -1.7118908166885376 0.11254552006721497
Cyclist 0.0 0 2.8590457439422607 718.2455444335938 151.91656494140625 759.060791015625 193.83175659179688 1.722641 1.8650097 0.5511253 5.744566 0.93376017 32.468292 3.0341620445251465 0.2531787157058716
Cyclist 0.0 0 -1.1961374282836914 186.96885681152344 182.76792907714844 209.71119689941406 217.2882537841797 1.4606645 1.7839413 0.55936843 -21.9834 2.3236187 38.486073 -1.7151142358779907 0.22254151105880737
Cyclist 0.0 0 1.995239019393921 153.5181884765625 193.95010375976562 192.0939178466797 247.05950927734375 1.4669696 1.6317201 0.51967764 -14.283213 2.3422832 23.528486 1.4496442079544067 0.16238246858119965
Cyclist 0.0 0 1.41233229637146 838.7779541015625 180.3435516357422 870.6539306640625 248.60394287109375 0.7144442 1.6201357 0.6300292 5.9174237 1.8075688 17.615667 1.7364075183868408 0.11038805544376373
Cyclist 0.0 0 -0.29705679416656494 982.6011962890625 164.58883666992188 1056.5340576171875 271.6127624511719 0.985519 1.7878026 0.56029916 6.985061 1.6500931 12.42913 0.21494603157043457 0.10543987154960632
Car 0.0 0 1.641018271446228 524.5023803710938 181.62091064453125 560.8509521484375 211.14378356933594 4.298397 1.488929 1.7018255 -3.6986098 1.9997463 39.841656 1.5484508275985718 0.8497214317321777
Car 0.0 0 1.530913233757019 558.2782592773438 181.63525390625 578.4058227539062 198.865966796875 3.918447 1.4309928 1.6228698 -3.7430718 2.2351942 64.01808 1.4725106954574585 0.362771600484848
Car 0.0 0 3.806990385055542 0.0 160.653564453125 92.61018371582031 199.07765197753906 4.4336433 1.5475391 1.7363795 -24.38109 1.056522 29.96447 3.123971462249756 0.17604030668735504
