Pedestrian 0.0 0 -2.2921886444091797 6.495390892028809 153.86642456054688 147.50347900390625 332.33203125 0.9892227 1.7470345 0.70118845 -5.5790315 1.5615194 7.5066323 -2.9313323497772217 0.900060772895813
Pedestrian 0.0 0 0.804416298866272 265.83026123046875 155.56956481933594 339.58624267578125 286.2336120605469 0.7277661 1.7645588 0.62732893 -4.3790927 1.5314981 10.171446 0.3978726863861084 0.4921104907989502
Pedestrian 0.0 0 1.8488959074020386 230.47731018066406 209.22828674316406 252.27142333984375 249.3365936279297 0.73761505 1.7203939 0.6898488 -16.4617 3.363399 32.1529 1.375708818435669 0.22737614810466766
Pedestrian 0.0 0 2.6782002449035645 597.9357299804688 149.4308319091797 621.1741333007812 190.15562438964844 0.89367527 1.8432637 0.59775156 -0.061125163 0.78345525 33.12269 2.6763548851013184 0.21134181320667267
Pedestrian 0.0 0 1.8776485919952393 254.6539764404297 192.2624053955078 270.8835144042969 220.00436401367188 1.1572531 1.711699 0.6124432 -22.160675 2.9659085 45.994984 1.428661584854126 0.1409207433462143
Pedestrian 0.0 0 1.0214357376098633 281.4236755371094 155.22987365722656 317.7549743652344 200.78475952148438 1.5628709 1.7268901 0.5613242 -12.107611 1.0591547 28.028702 0.6136746406555176 0.13027410209178925
Cyclist 0.0 0 0.5807939767837524 214.37338256835938 181.53131103515625 345.77886962890625 285.646240234375 1.9693376 1.7037128 0.7430995 -5.705323 1.8594639 12.404298 0.14969873428344727 0.7751554250717163
Cyclist 0.0 0 -1.5689055919647217 170.83346557617188 183.56173706054688 204.5740966796875 252.6019744873047 1.7596376 1.6934155 0.7337493 -11.126765 1.9887986 18.93277 -2.1002309322357178 0.3807017505168915
Cyclist 0.0 0 1.8849132061004639 254.36141967773438 192.59884643554688 271.15106201171875 220.52174377441406 1.209788 1.7204111 0.6223874 -22.164034 2.997218 46.00142 1.435921549797058 0.3123575747013092
Cyclist 0.0 0 1.0788546800613403 281.3181457519531 155.6927947998047 317.1365661621094 199.6097869873047 1.6123269 1.6620291 0.58386606 -12.124902 1.012925 28.033403 0.6706349849700928 0.28122133016586304
Cyclist 0.0 0 1.8488959074020386 230.47731018066406 209.22828674316406 252.27142333984375 249.3365936279297 0.73761505 1.7203939 0.6898488 -16.4617 3.363399 32.1529 1.375708818435669 0.12259972840547562
Car 0.0 0 2.080641508102417 1104.853271484375 166.0746307373047 1242.0 224.19192504882812 4.0973315 1.5287998 1.6257063 16.204021 1.3508236 20.512028 2.7492406368255615 0.8173685669898987
Car 0.0 0 1.5810520648956299 42.726558685302734 183.73106384277344 75.93671417236328 209.11830139160156 4.349064 1.5255543 1.6756783 -36.261986 2.2761538 47.521507 0.9292418956756592 0.29245203733444214
