Pedestrian 0.0 0 -1.1171915531158447 170.4295196533203 161.33790588378906 227.11216735839844 267.39129638671875 0.6913762 1.800995 0.6224401 -7.229671 1.605787 12.616061 -1.637561321258545 0.2562628388404846
Pedestrian 0.0 0 -0.6114564538002014 1198.8134765625 112.4046401977539 1242.0 211.8612518310547 0.8098942 1.8254315 0.55348057 11.6459255 0.7162987 13.555544 0.0983121395111084 0.14907576143741608
Pedestrian 0.0 0 -0.843896210193634 961.8327026367188 160.0938720703125 997.7470703125 213.30551147460938 0.8409923 1.8429079 0.76352006 13.018385 1.4013374 25.495104 -0.3717864155769348 0.13688375055789948
Pedestrian 0.0 0 -2.5117905139923096 85.63984680175781 163.1068115234375 163.55203247070312 285.2099304199219 0.7161056 1.7493924 0.6415625 -7.2152967 1.6101005 10.668006 -3.10646653175354 0.11260195821523666
Pedestrian 0.0 0 2.9730429649353027 66.64129638671875 133.64779663085938 208.00111389160156 366.8401184082031 0.8798404 1.7413929 0.5799197 -3.912999 1.4489735 5.897986 2.387272834777832 0.11220716685056686
Pedestrian 0.0 0 2.1944096088409424 343.0105285644531 131.4178924560547 399.6268615722656 241.19906616210938 0.7815505 1.7789983 0.55418175 -4.059461 1.1078862 12.145097 1.8718370199203491 0.10292869806289673
Cyclist 0.0 0 -1.8031926155090332 1165.4556884765625 149.13043212890625 1242.0 329.9689025878906 1.5617701 1.6563909 0.50098616 6.158617 1.4394528 7.4170322 -1.1102268695831299 0.15914323925971985
Cyclist 0.0 0 -1.2946317195892334 133.5001678466797 161.15667724609375 188.72906494140625 258.7794189453125 1.5239229 1.992314 0.62028617 -9.689001 1.7539494 15.540727 -1.8521218299865723 0.1359972357749939
Car 0.0 0 1.2987138032913208 713.9385375976562 177.83973693847656 911.6304321289062 306.83331298828125 3.6422453 1.4067439 1.5898877 2.4687014 1.4879073 9.849918 1.544286847114563 0.9273889660835266
Car 0.0 0 -2.0200088024139404 802.0549926757812 190.8372039794922 1242.0 375.0 3.470314 1.4178957 1.5462744 2.508779 1.587826 5.057211 -1.559502363204956 0.9090769290924072
Car 0.0 0 2.18957781791687 564.4098510742188 171.25885009765625 707.4359130859375 235.6419677734375 4.2837296 1.5327725 1.6526419 0.7659889 1.4951547 19.374754 2.229092597961426 0.7121604084968567
