Pedestrian 0.0 0 -2.608981132507324 691.773193359375 168.5116424560547 703.5883178710938 193.40240478515625 0.5527508 1.7742472 0.7239014 6.278169 1.4650753 51.884846 -2.4885644912719727 0.2352382391691208
Pedestrian 0.0 0 1.9055118560791016 179.39686584472656 155.66159057617188 203.50521850585938 199.04019165039062 0.8449956 1.9113616 0.69469017 -18.75332 1.1541822 32.270813 1.3790879249572754 0.2006630152463913
Pedestrian 0.0 0 -1.2656102180480957 296.7078857421875 170.32208251953125 313.4073486328125 203.06288146972656 0.76077706 1.7567683 0.6356958 -16.566292 1.6212714 39.121616 -1.6661725044250488 0.18044665455818176
Pedestrian 0.0 0 2.9011380672454834 765.2384643554688 174.0948486328125 796.9262084960938 229.8117218017578 0.88398707 1.8178324 0.67776585 5.614162 1.8598807 23.896753 3.131887674331665 0.15813586115837097
Pedestrian 0.0 0 -1.9241297245025635 877.2962646484375 136.22222900390625 939.7696533203125 237.73753356933594 0.99511385 1.776698 0.74933755 5.3619947 1.1359348 13.135531 -1.5365698337554932 0.12097050994634628
Pedestrian 0.0 0 1.4469579458236694 705.95458984375 162.172119140625 720.700927734375 195.2316131591797 0.8373158 1.9061066 0.7513975 5.9799128 1.2905806 42.024014 1.5883065462112427 0.11744571477174759
Pedestrian 0.0 0 -3.2858991622924805 899.6987915039062 189.8281707763672 934.2556762695312 266.3042907714844 0.6466684 1.6951027 0.60308623 6.9748516 2.0931609 16.529318 -2.886599063873291 0.11550600826740265
Pedestrian 0.0 0 1.550052285194397 712.571044921875 162.92755126953125 732.5130004882812 204.1347198486328 0.86993533 1.892674 0.898833 5.1995635 1.4371032 33.628567 1.7034549713134766 0.10576968640089035
Cyclist 0.0 0 -2.1927762031555176 1205.14013671875 161.90133666992188 1242.0 217.6131134033203 1.6147152 1.6138757 0.44656554 18.70415 1.2969538 21.722967 -1.4819127321243286 0.12603668868541718
Cyclist 0.0 0 2.044496536254883 139.998046875 179.15859985351562 173.47967529296875 222.4362335205078 1.5096573 1.687446 0.51420987 -18.325535 1.9491339 29.130978 1.4829732179641724 0.1260358691215515
Cyclist 0.0 0 -0.901051938533783 179.9254150390625 200.8538360595703 220.24371337890625 250.1372833251953 1.5173932 1.7092052 0.4548942 -15.191907 2.7760992 26.696754 -1.4184064865112305 0.10807497799396515
Car 0.0 0 -1.5823619365692139 602.2801513671875 178.3235321044922 665.6904296875 240.02423095703125 3.2870893 1.6159917 1.6871961 0.6195022 1.7869759 20.84755 -1.5526548624038696 0.9549834728240967
Car 0.0 0 -2.177657127380371 1209.1971435546875 149.29443359375 1242.0 215.93162536621094 3.5346177 1.7319555 1.6591876 19.19857 1.1199808 20.618053 -1.4278943538665771 0.12951689958572388
Car 0.0 0 1.2299482822418213 28.655906677246094 182.66354370117188 78.55712890625 205.66900634765625 3.8467624 1.5292904 1.6055336 -39.48045 2.2483234 51.1424 0.572533369064331 0.11485844850540161
