Pedestrian 0.0 0 3.6777782440185547 0.0 129.6827392578125 47.02313995361328 237.65562438964844 0.82443494 1.8509334 0.5704861 -10.605972 1.1112245 12.713214 2.9825005531311035 0.22086438536643982
Pedestrian 0.0 0 -3.3583197593688965 887.1552734375 158.49143981933594 964.8206787109375 255.42213439941406 1.2527225 1.7760618 0.5420615 5.8863425 1.5132544 13.603378 -2.9499354362487793 0.15711355209350586
Pedestrian 0.0 0 -1.3245935440063477 547.7953491210938 175.2287139892578 566.654052734375 214.5489501953125 0.94715255 1.7725313 0.6532829 -2.456173 1.8835874 33.109367 -1.398641586303711 0.1559027135372162
Pedestrian 0.0 0 -1.49233078956604 702.73876953125 153.18756103515625 739.857421875 235.82894897460938 1.7116053 1.7156136 0.679788 2.4202967 1.3077015 15.886896 -1.341147780418396 0.14242975413799286
Cyclist 0.0 0 1.1104674339294434 512.616943359375 172.2525634765625 581.5752563476562 265.3525390625 1.7011122 1.691112 0.6355821 -1.2981877 1.6805453 13.994339 1.0179669857025146 0.7788369059562683
Cyclist 0.0 0 -1.49233078956604 702.73876953125 153.18756103515625 739.857421875 235.82894897460938 1.7116053 1.7156136 0.679788 2.4202967 1.3077015 15.886896 -1.341147780418396 0.441160649061203
Cyclist 0.0 0 -3.3583197593688965 887.1552734375 158.49143981933594 964.8206787109375 255.42213439941406 1.2527225 1.7760618 0.5420615 5.8863425 1.5132544 13.603378 -2.9499354362487793 0.11973599344491959
Car 0.0 0 1.7647477388381958 380.2834777832031 189.4127655029297 550.0713500976562 328.5336608886719 3.657253 1.476396 1.5674053 -1.8331896 1.746854 9.929272 1.5821788311004639 0.9602882862091064
Car 0.0 0 -0.546169638633728 684.2890014648438 171.9098358154297 842.858154296875 234.25120544433594 3.6693246 1.4791057 1.6199642 3.8710923 1.4570626 18.49156 -0.33980605006217957 0.7717020511627197
Car 0.0 0 -1.1841968297958374 933.4962158203125 190.015380859375 1242.0 375.0 4.149352 1.4264045 1.6221489 4.185029 1.5774989 4.693112 -0.4559648334980011 0.7136130928993225
Car 0.0 0 -0.6478384137153625 668.011474609375 180.5580291748047 782.0087280273438 223.52703857421875 3.9676595 1.441534 1.5930473 4.187612 1.741583 26.428095 -0.4906918406486511 0.2727735638618469
Car 0.0 0 -0.38988029956817627 0.0 0.0 1242.0 375.0 3.6266806 1.494176 1.6180527 -2.7847679 1.8677244 1.2270625 -1.5456390380859375 0.17357151210308075
