Pedestrian 0.0 0 1.9496198892593384 240.8083038330078 153.23590087890625 265.9215087890625 205.33187866210938 0.63586706 1.9150574 0.65001315 -13.3171215 1.1942505 26.864414 1.4894052743911743 0.45099490880966187
Pedestrian 0.0 0 -2.018601655960083 957.0069580078125 171.7877960205078 1003.1336669921875 233.397216796875 0.9842724 1.8189429 0.90139616 11.121131 1.7878225 21.802528 -1.5469191074371338 0.2915323078632355
Pedestrian 0.0 0 -2.8758506774902344 416.9803161621094 162.18191528320312 433.8853759765625 192.31234741210938 0.8988606 1.8873435 0.63404363 -11.672311 1.2192116 45.51734 -3.126878023147583 0.11941193044185638
Pedestrian 0.0 0 -2.2770791053771973 221.18727111816406 155.30352783203125 253.9933319091797 211.6139678955078 0.7696954 1.8839296 0.64897406 -12.730713 1.2971168 24.582783 -2.7549211978912354 0.10405287891626358
Cyclist 0.0 0 -1.650836706161499 772.359619140625 169.88279724121094 783.6665649414062 199.17449951171875 1.7782489 1.7836896 0.5416514 10.405412 1.603119 44.853928 -1.422884464263916 0.23597252368927002
Cyclist 0.0 0 -2.018601655960083 957.0069580078125 171.7877960205078 1003.1336669921875 233.397216796875 0.9842724 1.8189429 0.90139616 11.121131 1.7878225 21.802528 -1.5469191074371338 0.13320499658584595
Cyclist 0.0 0 3.6916232109069824 0.0 157.95236206054688 61.4268684387207 216.4415283203125 1.6850152 1.8682001 0.6286985 -19.002409 1.3925855 23.465302 3.010929822921753 0.1263895034790039
Cyclist 0.0 0 -1.6080491542816162 789.3204956054688 162.8721160888672 800.3947143554688 193.5060272216797 1.8416289 1.8586808 0.5943988 11.422817 1.2533981 44.738655 -1.3580666780471802 0.10547254979610443
Cyclist 0.0 0 -1.2694330215454102 197.02671813964844 156.63427734375 234.8550262451172 209.3130645751953 1.7714845 1.743011 0.6467349 -13.567827 1.2066987 24.803377 -1.769981861114502 0.10538187623023987
Car 0.0 0 -1.6773366928100586 709.4529418945312 168.8451690673828 739.162353515625 191.1664581298828 3.8160417 1.5057943 1.6551303 7.9505563 1.235715 50.61864 -1.5215418338775635 0.47829166054725647
Car 0.0 0 3.5582151412963867 74.5047378540039 160.1319580078125 247.40415954589844 208.84408569335938 4.7143846 1.597437 1.8760862 -15.399194 1.1805959 24.910252 3.0045299530029297 0.22108259797096252
Car 0.0 0 1.7372187376022339 546.2235717773438 173.8917236328125 589.7242431640625 203.83502197265625 3.8834252 1.4366518 1.5925798 -2.1237829 1.4928008 36.772415 1.679527997970581 0.11741164326667786
Car 0.0 0 1.8725695610046387 0.0 189.0738525390625 100.57942199707031 239.6491241455078 4.076256 1.5273958 1.7130979 -19.639198 2.1487591 25.413698 1.2146480083465576 0.11123978346586227
