Pedestrian 0.0 0 -1.9742079973220825 754.1421508789062 151.54934692382812 832.6187744140625 270.4520263671875 0.9502794 1.7325233 0.8521922 2.8731797 1.2974257 10.996924 -1.7186496257781982 0.7454047203063965
Pedestrian 0.0 0 -0.48245978355407715 671.9441528320312 153.44683837890625 701.5543212890625 217.767578125 0.4955236 1.730503 0.795925 2.3131955 0.9769144 19.783947 -0.3660654127597809 0.5552504658699036
Pedestrian 0.0 0 3.5931386947631836 68.02090454101562 143.71253967285156 183.2390899658203 303.95806884765625 0.89622784 1.7387233 0.6624824 -5.4367204 1.3300725 8.1801405 3.0065512657165527 0.30565187335014343
Pedestrian 0.0 0 1.2418569326400757 638.3811645507812 126.8292007446289 710.5208129882812 276.2483215332031 0.9454823 1.6903994 0.58407015 0.81285506 1.0732524 8.651798 1.3355340957641602 0.2214033454656601
Pedestrian 0.0 0 3.3655622005462646 336.8902282714844 147.60006713867188 368.32574462890625 205.81961059570312 0.841845 1.8083998 0.5202553 -7.8547735 0.7565197 22.615004 3.0312716960906982 0.21683266758918762
Pedestrian 0.0 0 -1.9331090450286865 888.091552734375 145.2015838623047 961.0496215820312 264.318115234375 0.8872791 1.7740469 0.7651591 4.954295 1.2347487 11.15999 -1.515311360359192 0.17857636511325836
Cyclist 0.0 0 1.7915847301483154 432.8192443847656 157.18309020996094 491.4529724121094 251.40081787109375 1.7488145 1.727266 0.764707 -2.7294486 1.2827371 14.051511 1.599727988243103 0.8989860415458679
Cyclist 0.0 0 1.8835227489471436 343.87091064453125 148.3932342529297 422.758056640625 265.7136535644531 1.9401593 1.7021835 0.6330274 -3.4512172 1.223155 11.395405 1.5894438028335571 0.7809619903564453
Car 0.0 0 -1.7716422080993652 713.9053344726562 151.314453125 767.2118530273438 187.4242401123047 3.8771036 1.5765765 1.6732851 6.368762 0.2596129 33.308746 -1.5827186107635498 0.5584055781364441
Car 0.0 0 -1.6513512134552002 582.7513427734375 146.53895568847656 625.6453247070312 185.80250549316406 3.9464614 1.7064863 1.6601219 0.059786398 0.18795669 33.250336 -1.6495531797409058 0.44485190510749817
Car 0.0 0 -2.008115768432617 982.3135986328125 158.985107421875 1110.9283447265625 218.34634399414062 4.0311007 1.5522592 1.5921811 12.720539 0.9646796 20.872168 -1.4607768058776855 0.23777642846107483
Car 0.0 0 -0.6384974122047424 1199.3150634765625 156.25863647460938 1238.0 282.03271484375 3.8399186 1.5021706 1.6102095 10.761228 1.2020464 9.7413845 0.19660186767578125 0.18694467842578888
