Pedestrian 0.0 0 -3.7453391551971436 1069.4449462890625 170.9928436279297 1201.157470703125 309.4645080566406 1.2549406 1.7572055 0.64928436 6.8266163 1.7339451 9.490581 -3.121774435043335 0.5010555386543274
Pedestrian 0.0 0 -1.2243590354919434 801.8545532226562 166.7251434326172 817.3300170898438 198.82260131835938 0.7562983 1.6718508 0.5639468 10.491505 1.3529772 38.051327 -0.9553236961364746 0.26758942008018494
Pedestrian 0.0 0 -1.2904958724975586 381.7251281738281 159.24197387695312 406.5216979980469 202.28024291992188 1.5992752 1.7635115 0.5822621 -9.113352 1.206111 30.365438 -1.5820651054382324 0.13450893759727478
Cyclist 0.0 0 -3.700180768966675 1055.5748291015625 158.4536590576172 1198.6414794921875 296.1602478027344 1.3873068 1.735836 0.6596034 6.691992 1.554673 9.461268 -3.0845696926116943 0.44773030281066895
Cyclist 0.0 0 -1.284803867340088 381.20709228515625 158.9987335205078 406.8826904296875 202.3488311767578 1.6323694 1.7764431 0.6019222 -9.121146 1.2090262 30.383003 -1.5764491558074951 0.21121610701084137
Car 0.0 0 1.6958898305892944 458.96337890625 181.7688751220703 537.9314575195312 240.56048583984375 4.5264864 1.4891816 1.7350153 -3.207696 1.7803491 21.250343 1.5460729598999023 0.9233696460723877
Car 0.0 0 2.20632004737854 0.0 172.91078186035156 331.72845458984375 375.0 4.084399 1.603785 1.6605767 -3.6768184 1.6047086 5.1310434 1.5845509767532349 0.7345601916313171
Car 0.0 0 1.6239655017852783 783.7142944335938 175.07176208496094 806.6232299804688 195.40951538085938 3.6052823 1.539317 1.5651228 14.624439 1.7208545 56.989258 1.8751626014709473 0.3231327533721924
Car 0.0 0 -0.9381269216537476 662.7222900390625 170.32994079589844 707.6634521484375 190.8432159423828 3.7669053 1.5751739 1.6450033 5.9783225 1.3817139 57.350506 -0.8342602252960205 0.20327386260032654
Car 0.0 0 0.8256982564926147 660.7964477539062 177.81512451171875 709.1405639648438 197.43374633789062 4.421857 1.6480873 1.7239994 6.592837 2.1046054 64.05394 0.9282634258270264 0.20141004025936127
