Pedestrian 0.0 0 0.5219751596450806 694.528076171875 164.3013458251953 714.653564453125 211.7362060546875 0.6619227 1.9001664 0.4742144 3.7980542 1.5579184 29.290096 0.650925874710083 0.5426135659217834
Pedestrian 0.0 0 0.04747041314840317 619.6121215820312 176.32778930664062 637.5121459960938 204.7497100830078 1.1285337 1.8170487 0.58058715 1.1689374 2.04306 46.537277 0.07258343696594238 0.5421368479728699
Pedestrian 0.0 0 2.372833013534546 443.9679260253906 177.6180419921875 465.61346435546875 216.01666259765625 0.68623036 1.7294527 0.68663347 -7.1565676 1.9514465 33.089058 2.1598317623138428 0.4619210958480835
Pedestrian 0.0 0 0.7367942929267883 687.2364501953125 165.98507690429688 711.5536499023438 213.70919799804688 0.8461962 1.8658338 0.4946995 3.509716 1.5976428 28.688557 0.8585278987884521 0.454433798789978
Cyclist 0.0 0 1.9411262273788452 444.8445739746094 178.4843292236328 464.91278076171875 215.86856079101562 0.86354256 1.6837642 0.6318407 -7.154115 1.9462569 33.114273 1.7283531427383423 0.24717816710472107
Cyclist 0.0 0 0.04747041314840317 619.6121215820312 176.32778930664062 637.5121459960938 204.7497100830078 1.1285337 1.8170487 0.58058715 1.1689374 2.04306 46.537277 0.07258343696594238 0.18950434029102325
Car 0.0 0 2.0176358222961426 167.6148681640625 183.6483917236328 385.2065124511719 301.0369567871094 3.7521648 1.4889232 1.6165154 -5.044721 1.6882573 11.397986 1.6009546518325806 0.9271877408027649
Car 0.0 0 1.835968255996704 366.4943542480469 187.80091857910156 463.7104187011719 251.8700408935547 3.6611378 1.4098095 1.4985079 -4.940738 1.832795 18.564554 1.5758593082427979 0.9145969152450562
Car 0.0 0 -2.1620194911956787 851.9614868164062 142.6700897216797 1242.0 375.0 3.9728749 1.4982172 1.641845 2.717783 1.4183046 3.91509 -1.5552092790603638 0.9047866463661194
Car 0.0 0 2.2312700748443604 0.0 202.0721435546875 244.47979736328125 375.0 4.067225 1.5092052 1.6452318 -5.057772 1.8466651 6.273841 1.552779197692871 0.828813374042511
Car 0.0 0 1.7238820791244507 519.0884399414062 174.5314178466797 557.2854614257812 207.78025817871094 3.7379427 1.7943436 1.6119903 -4.0713515 1.8945558 41.03917 1.6249991655349731 0.7786219120025635
Car 0.0 0 -1.7176289558410645 713.4832153320312 177.02304077148438 822.0460205078125 261.9082336425781 3.7121184 1.4720896 1.5736518 2.9978557 1.5677468 14.593628 -1.5150251388549805 0.7548883557319641
Car 0.0 0 -1.8443838357925415 737.726318359375 154.91737365722656 977.5704956054688 327.9340515136719 4.2823544 1.7200211 1.6919361 2.7893376 1.5420645 9.325607 -1.5537481307983398 0.7276380062103271
