Pedestrian 0.0 0 3.7256383895874023 0.0 177.24342346191406 59.05165481567383 252.1588134765625 0.9997256 1.8297982 0.92519337 -14.780866 1.9439287 18.189844 3.0432682037353516 0.2253701239824295
Pedestrian 0.0 0 -0.6857887506484985 819.1696166992188 130.53384399414062 861.888427734375 211.1883544921875 0.7214076 1.8375398 0.61946464 5.332599 0.8737239 16.857243 -0.37941044569015503 0.20627492666244507
Pedestrian 0.0 0 -3.0699496269226074 680.593994140625 169.47744750976562 703.91357421875 213.11697387695312 0.84130985 1.6344477 0.5748059 3.081854 1.5083421 27.380693 -2.9578657150268555 0.19881291687488556
Cyclist 0.0 0 -1.2665435075759888 274.65252685546875 143.56039428710938 301.8929443359375 188.05020141601562 1.6941065 1.814965 0.5655544 -13.539466 0.6202884 30.306509 -1.6866923570632935 0.27287888526916504
Car 0.0 0 -1.5397545099258423 587.9136352539062 173.0150909423828 647.2015380859375 228.83673095703125 3.3140504 1.5806456 1.6831616 0.2346757 1.5863223 22.128706 -1.5291498899459839 0.9587368369102478
Car 0.0 0 -1.7644639015197754 673.3804931640625 175.6917724609375 728.9754638671875 213.9486846923828 3.4968405 1.4464394 1.5869098 3.6016836 1.5693041 29.345375 -1.6423404216766357 0.8939792513847351
Car 0.0 0 -2.1031575202941895 1010.15283203125 153.6354217529297 1104.1893310546875 199.27052307128906 3.9018931 1.8824703 1.7678589 19.496471 1.0900524 31.728123 -1.5521548986434937 0.7288090586662292
Car 0.0 0 -1.9888557195663452 955.1895141601562 166.03285217285156 1022.3794555664062 195.60427856445312 3.9837203 1.4471681 1.5884036 19.474775 1.1137128 37.34557 -1.5081762075424194 0.6821998953819275
Car 0.0 0 -1.9282402992248535 869.5674438476562 159.9393768310547 911.0244750976562 181.74813842773438 3.5858824 1.4953855 1.5860355 19.839142 0.6102117 51.273876 -1.559056043624878 0.4336824119091034
Car 0.0 0 1.1860337257385254 921.2770385742188 172.03697204589844 982.177001953125 199.01840209960938 4.3516865 1.4796394 1.6650116 19.662731 1.4351926 41.784164 1.625868320465088 0.18273741006851196
