Pedestrian 0.0 0 0.40104350447654724 275.34918212890625 155.14901733398438 369.75970458984375 298.6656188964844 0.9504264 1.7643275 0.62289405 -3.69574 1.5470283 9.18774 0.018601655960083008 0.30899664759635925
Pedestrian 0.0 0 1.1576147079467773 643.9923095703125 169.9068603515625 656.730712890625 193.58212280273438 0.9459621 1.7736065 0.6354854 3.0252202 1.5531815 54.604755 1.2129602432250977 0.2632535696029663
Pedestrian 0.0 0 2.2188756465911865 719.6726684570312 169.95071411132812 751.5360717773438 226.6075897216797 0.76244 1.7839932 0.69095945 3.998768 1.6929334 23.22953 2.3893465995788574 0.23294679820537567
Pedestrian 0.0 0 -2.4690847396850586 163.69993591308594 132.9901580810547 306.23101806640625 326.8164978027344 1.0141124 1.7314309 0.6573732 -3.6006975 1.3756893 6.8608623 -2.952388286590576 0.18236273527145386
Pedestrian 0.0 0 1.2039058208465576 873.1663208007812 152.06166076660156 942.7109375 260.2502746582031 1.6854728 1.8000505 0.5689929 5.214372 1.4544637 12.850133 1.5893880128860474 0.1564043015241623
Pedestrian 0.0 0 -2.0289855003356934 19.299100875854492 120.6867904663086 102.96106719970703 264.6760559082031 0.6589009 1.8075284 0.6511822 -7.268762 1.15302 9.492744 -2.6824703216552734 0.12421561032533646
Pedestrian 0.0 0 -2.5729076862335205 390.36407470703125 125.25546264648438 464.4788513183594 261.05950927734375 0.7838735 1.7617724 0.5786437 -2.515035 1.144639 9.754588 -2.8252429962158203 0.10512898862361908
Pedestrian 0.0 0 2.9996883869171143 650.0684814453125 167.67640686035156 664.5853881835938 195.23655700683594 0.94543636 1.916625 0.54518557 3.280101 1.556915 50.483547 3.064570903778076 0.10494561493396759
Cyclist 0.0 0 1.2039058208465576 873.1663208007812 152.06166076660156 942.7109375 260.2502746582031 1.6854728 1.8000505 0.5689929 5.214372 1.4544637 12.850133 1.5893880128860474 0.2670705318450928
Car 0.0 0 1.5484495162963867 528.4962768554688 180.35609436035156 576.0819702148438 224.41952514648438 4.3156247 1.3950416 1.5576876 -2.1653323 1.6871363 25.827831 1.4648079872131348 0.9218453168869019
