Pedestrian 0.0 0 -1.7653958797454834 923.0416870117188 153.59503173828125 944.140380859375 217.769287109375 0.512 1.8057928 0.45819545 9.188667 1.264225 20.60118 -1.3458514213562012 0.4693875014781952
Pedestrian 0.0 0 -1.7867798805236816 866.6415405273438 155.79734802246094 905.6260986328125 229.5698699951172 0.94058174 1.8135263 0.7338627 6.923953 1.3945861 18.253418 -1.4242240190505981 0.38440170884132385
Pedestrian 0.0 0 0.7211369872093201 2.008380889892578 118.67790222167969 59.57676696777344 215.7684326171875 0.6296743 1.8006368 0.5734615 -11.023338 0.79624707 13.678808 0.04282712936401367 0.30081865191459656
Pedestrian 0.0 0 -0.6054995059967041 1081.1663818359375 46.5731086730957 1242.0 328.5686950683594 0.824897 1.7457298 0.54351294 3.639277 0.9643297 4.755156 0.047742605209350586 0.2737456262111664
Cyclist 0.0 0 1.0809729099273682 1169.23583984375 121.4405746459961 1242.0 230.58885192871094 1.7876441 1.7230347 0.6118758 10.344501 0.9117708 12.32536 1.7792139053344727 0.3636055886745453
Cyclist 0.0 0 -1.6662437915802002 1049.246337890625 110.77963256835938 1100.01953125 201.0904083251953 1.7726632 1.7394512 0.7050099 9.476484 0.5442116 14.844223 -1.098069667816162 0.2940264940261841
Car 0.0 0 -0.3540039658546448 792.2181396484375 175.2386016845703 1242.0 335.3020935058594 4.3096547 1.4441607 1.6071198 4.1728106 1.4734625 7.6477137 0.1454768180847168 0.9460155963897705
Car 0.0 0 -0.10019510984420776 669.3118896484375 166.1786651611328 876.7422485351562 242.68167114257812 4.183373 1.5475318 1.6541303 3.3578405 1.4128586 15.646867 0.11120009422302246 0.9278756380081177
Car 0.0 0 -1.687685489654541 641.0380249023438 176.64442443847656 683.8098754882812 212.6568603515625 3.2822692 1.5486076 1.5723503 2.3146067 1.7314261 33.053936 -1.617774486541748 0.8217352628707886
Car 0.0 0 2.2369747161865234 0.0 199.66259765625 344.1385803222656 375.0 3.983038 1.4706318 1.620108 -2.7922144 1.6706821 3.3589306 1.5434490442276 0.7028517723083496
Car 0.0 0 2.0173373222351074 174.69119262695312 191.9344482421875 359.9472351074219 298.0399475097656 3.2752006 1.4677995 1.5503596 -5.648119 1.8349355 12.219221 1.5843576192855835 0.6420941948890686
Car 0.0 0 1.6884851455688477 508.2082824707031 181.54103088378906 565.8351440429688 226.33152770996094 4.2368693 1.4781835 1.6378435 -2.667395 1.8265579 26.770107 1.589172124862671 0.42134517431259155
Car 0.0 0 2.294722557067871 0.0 210.1836700439453 234.19320678710938 375.0 3.4931579 1.394985 1.5441283 -5.820592 1.8847352 7.6577463 1.6447936296463013 0.303687185049057
