Car 0.0 0 -1.7148715257644653 683.177490234375 175.52792358398438 774.1155395507812 245.51239013671875 3.8957834 1.5488304 1.6699203 2.7998981 1.6234152 18.070951 -1.5611546039581299 0.9460943341255188
Car 0.0 0 2.116244316101074 0.0 196.82664489746094 329.3675842285156 375.0 3.6958401 1.4417715 1.5720767 -3.9339228 1.7096695 6.1857677 1.5498000383377075 0.9283025860786438
Car 0.0 0 1.908892035484314 246.75450134277344 185.22169494628906 451.0582580566406 303.9516296386719 4.3409843 1.4696448 1.6678103 -3.9313114 1.7055707 11.561422 1.5811203718185425 0.9076396226882935
Car 0.0 0 1.8319838047027588 448.3009033203125 174.53526306152344 532.8710327148438 231.68698120117188 3.9105434 1.6173772 1.6487573 -3.6715817 1.6750417 22.563585 1.6706761121749878 0.8956509828567505
Car 0.0 0 1.9246137142181396 927.5076904296875 162.69313049316406 1050.2440185546875 234.4441680908203 3.2613308 1.5238775 1.5227902 8.912273 1.308435 16.978922 2.4079840183258057 0.8806257843971252
Car 0.0 0 1.8174172639846802 1053.79541015625 151.66482543945312 1198.7158203125 238.61155700683594 3.810444 1.6533042 1.665144 11.161714 1.2507471 15.583982 2.438952922821045 0.8606411218643188
Car 0.0 0 1.9959276914596558 867.4317626953125 167.88865661621094 974.7552490234375 229.54095458984375 3.2498655 1.543738 1.4852248 8.490845 1.4197668 19.707405 2.4027390480041504 0.7876653671264648
Car 0.0 0 -3.284348249435425 728.3082885742188 166.48167419433594 810.1321411132812 201.76284790039062 3.924304 1.7748396 1.6884187 8.133816 1.4546338 37.27794 -3.069521427154541 0.7681712508201599
Car 0.0 0 2.2984490394592285 838.3487548828125 164.1126251220703 951.8448486328125 216.97772216796875 3.2852786 1.5587857 1.5232698 8.926812 1.3013946 22.69375 2.673218250274658 0.6353068947792053
Car 0.0 0 2.3629159927368164 814.1937866210938 168.06121826171875 912.8738403320312 214.95510864257812 3.1608028 1.5689436 1.4811558 8.911621 1.4089481 25.48369 2.6993227005004883 0.5794885754585266
