Pedestrian 0.0 0 2.804783344268799 663.5225830078125 167.23291015625 680.2476196289062 193.0688934326172 1.1091813 1.872546 0.51331127 4.4895377 1.4654967 52.679737 2.889801263809204 0.1283208131790161
Pedestrian 0.0 0 -0.799248218536377 147.78778076171875 160.38540649414062 178.17112731933594 217.10348510742188 0.58760536 1.9252568 0.6696458 -15.436144 1.5023767 24.848011 -1.3551265001296997 0.12622876465320587
Pedestrian 0.0 0 2.295560836791992 24.742481231689453 152.21751403808594 91.71857452392578 252.1508331298828 0.7474765 1.7576345 0.62765974 -10.042046 1.3950362 13.082513 1.640894889831543 0.11132197827100754
Pedestrian 0.0 0 2.96085262298584 698.1813354492188 157.48529052734375 718.3650512695312 198.83853149414062 0.80461615 1.830122 0.5619093 4.346118 1.1503252 32.22894 3.094895362854004 0.1025952398777008
Cyclist 0.0 0 2.048218250274658 201.72080993652344 142.92726135253906 242.06317138671875 197.81507873535156 1.4403992 1.7783182 0.59288436 -12.989259 0.8090755 24.099575 1.5538727045059204 0.13282781839370728
Cyclist 0.0 0 2.032304525375366 336.2059020996094 184.3590545654297 355.4858703613281 214.4562225341797 1.3216337 1.7822734 0.57547724 -16.111874 2.4942758 43.939526 1.6808454990386963 0.10233750939369202
Car 0.0 0 -1.5241215229034424 564.558837890625 179.43264770507812 617.6072998046875 229.8414764404297 3.343373 1.5653937 1.6490221 -0.6273403 1.8048577 24.533354 -1.5496869087219238 0.9494649171829224
Car 0.0 0 -2.066507339477539 929.20068359375 168.2359619140625 999.5257568359375 196.98330688476562 4.0818477 1.4424846 1.5881841 18.664862 1.2111188 38.275047 -1.6127877235412598 0.8841755986213684
Car 0.0 0 1.7463055849075317 493.5517272949219 182.7711944580078 527.3753051757812 207.67117309570312 3.55246 1.5134476 1.5928427 -6.4876494 2.1859877 47.097084 1.6094164848327637 0.8214824795722961
Car 0.0 0 -2.0811612606048584 988.5503540039062 151.24932861328125 1086.9407958984375 199.13845825195312 4.341319 1.993821 1.885451 18.917336 1.0946879 32.227303 -1.5503575801849365 0.20638594031333923
Car 0.0 0 1.3607673645019531 621.7971801757812 180.51715087890625 651.0511474609375 199.77284240722656 3.9742603 1.506443 1.6416426 2.1454842 2.1686575 60.21621 1.3963819742202759 0.1275315135717392
