Car 0.0 0 -1.6186083555221558 588.897705078125 176.52996826171875 636.4609985351562 220.40692138671875 3.7062478 1.5989038 1.6884006 0.0037131596 1.7541014 28.498693 -1.6184780597686768 0.9505760073661804
Car 0.0 0 1.8296058177947998 363.2408447265625 185.88409423828125 443.6763916015625 236.5653533935547 3.6838937 1.4312441 1.5901102 -6.579357 1.8838303 23.183516 1.5530818700790405 0.9170979857444763
Car 0.0 0 -1.2217000722885132 831.1229858398438 159.02706909179688 1095.463134765625 327.29681396484375 3.784393 1.5815156 1.639663 4.32459 1.4519184 8.676009 -0.7592901587486267 0.8742552995681763
Car 0.0 0 -1.0749107599258423 736.0779418945312 172.93507385253906 891.6875610351562 245.25497436523438 4.1385255 1.4134691 1.5590086 4.608912 1.4158672 16.128462 -0.796566367149353 0.8313195109367371
Car 0.0 0 1.816465139389038 439.9606018066406 176.28842163085938 478.6758117675781 198.6336669921875 4.4592576 1.576689 1.7995198 -11.218484 1.8442472 53.869316 1.611146092414856 0.7894903421401978
Car 0.0 0 -0.9944429993629456 680.3435668945312 174.87669372558594 779.7431640625 218.74949645996094 4.203985 1.491528 1.6123663 4.4872975 1.5729328 26.814276 -0.828632116317749 0.7834427356719971
Car 0.0 0 -1.0265510082244873 787.5494995117188 176.7694549560547 1000.6690063476562 280.6065673828125 3.900391 1.5129216 1.6459919 4.9417486 1.5909946 12.483553 -0.6496180295944214 0.7027108669281006
Car 0.0 0 -1.37209951877594 498.61212158203125 181.48118591308594 528.3131713867188 200.79603576660156 3.725997 1.3889792 1.5613664 -7.4149094 2.0758262 55.501743 -1.5049108266830444 0.5886274576187134
Car 0.0 0 -1.3567990064620972 948.4492797851562 178.25601196289062 1242.0 375.0 3.5612335 1.4742497 1.5941488 4.058816 1.5277125 5.328696 -0.7058579921722412 0.4332081973552704
Car 0.0 0 -0.9935165643692017 655.8770141601562 179.07553100585938 733.8637084960938 213.9877471923828 4.020066 1.485045 1.6750784 3.9570756 1.7923126 33.510674 -0.8759768605232239 0.43197521567344666
Car 0.0 0 1.7323774099349976 464.7364807128906 179.3358917236328 491.8133239746094 198.3259735107422 3.936385 1.503578 1.6216148 -11.02449 2.0649426 60.4633 1.5520250797271729 0.41808122396469116
