Pedestrian 0.0 0 0.11977927386760712 517.3046875 160.4558868408203 539.999267578125 202.5802459716797 0.90644026 1.8002387 0.6334061 -3.3133879 0.9451053 30.533659 0.011686325073242188 0.5857953429222107
Pedestrian 0.0 0 0.6298891305923462 420.65985107421875 163.1578826904297 450.9790954589844 210.18568420410156 0.9068171 1.8273036 0.73828155 -6.717403 1.1549644 27.982994 0.39429402351379395 0.5761600136756897
Pedestrian 0.0 0 0.9570335149765015 288.0513916015625 177.32052612304688 312.6394958496094 215.81170654296875 0.86379474 1.7390214 0.65916216 -13.99986 1.5968347 32.445976 0.5496852397918701 0.45172318816185
Pedestrian 0.0 0 -1.8249057531356812 476.2446594238281 161.37794494628906 494.8629150390625 204.27330017089844 0.7448353 1.7812986 0.6055789 -5.0631037 0.9887098 29.820187 -1.9930896759033203 0.410130113363266
Pedestrian 0.0 0 -1.9819738864898682 131.75267028808594 153.0576934814453 151.7009735107422 188.55772399902344 0.76986074 1.9232104 0.66306937 -25.42677 0.43792826 38.78753 -2.5622336864471436 0.3855709433555603
Pedestrian 0.0 0 -2.2975265979766846 456.2921142578125 169.40687561035156 474.6197509765625 204.7103271484375 0.62634206 1.7008171 0.6172263 -6.823611 1.1678249 34.49372 -2.4928269386291504 0.3213614225387573
Pedestrian 0.0 0 3.227642774581909 407.37310791015625 165.859130859375 433.333251953125 210.29872131347656 0.9999961 1.8232561 0.56103474 -7.6856074 1.2240633 29.3647 2.9716553688049316 0.2977471351623535
Cyclist 0.0 0 -0.24564054608345032 723.2698974609375 154.8709259033203 767.8521118164062 195.24417114257812 1.8564875 1.7853785 0.6357388 6.260333 0.6534817 31.626097 -0.050218529999256134 0.8731548190116882
Cyclist 0.0 0 0.0195009708404541 785.3748168945312 150.33526611328125 833.8504028320312 194.94650268554688 1.775542 1.6848123 0.62339526 7.861268 0.54710495 27.258173 0.30028223991394043 0.8439807891845703
Cyclist 0.0 0 -0.7085211277008057 313.08038330078125 170.6734619140625 364.58795166015625 222.4384307861328 1.6964835 1.7728175 0.6542855 -9.461163 1.4378175 25.110664 -1.0688502788543701 0.7768754363059998
Cyclist 0.0 0 -0.491879940032959 617.4640502929688 161.47991943359375 651.6651000976562 194.3570556640625 1.8221093 1.8000964 0.6311742 1.6406198 0.7601026 39.388165 -0.45025140047073364 0.7021158933639526
Cyclist 0.0 0 -1.1848609447479248 131.2401580810547 153.26394653320312 151.6207275390625 188.55926513671875 0.7540361 1.9144744 0.70399743 -25.435644 0.4385492 38.78445 -1.7653172016143799 0.10413191467523575
Car 0.0 0 -1.4310719966888428 464.2223815917969 170.82257080078125 529.3214721679688 219.23724365234375 3.72489 1.4730608 1.6219692 -3.5232148 1.1801752 23.377993 -1.5806528329849243 0.9664014577865601
Car 0.0 0 -3.6859986782073975 988.5377807617188 144.7529296875 1087.925048828125 174.26429748535156 4.470569 1.5986856 1.7729752 24.177832 -0.35555503 39.571594 -3.137537717819214 0.777155339717865
Car 0.0 0 -3.5679290294647217 906.1227416992188 161.33761596679688 984.3600463867188 188.3922882080078 3.5829945 1.4708915 1.5740918 18.839792 0.4304838 39.260086 -3.120513677597046 0.5394463539123535
