Pedestrian 0.0 0 3.563129186630249 0.0 160.52720642089844 38.82646560668945 242.13827514648438 0.8071249 1.8632858 0.91936475 -14.227292 1.5822076 17.022795 2.8669493198394775 0.2970876097679138
Pedestrian 0.0 0 3.495272159576416 19.466543197631836 136.98178100585938 57.88557052612305 209.08163452148438 0.6455789 1.863916 0.54505104 -15.093228 0.93691015 19.01 2.824223518371582 0.2661217153072357
Pedestrian 0.0 0 2.647219657897949 917.430908203125 112.63471984863281 1016.4026489257812 265.334228515625 0.9645594 1.827528 0.52014464 4.339152 1.1071736 8.912472 3.1003024578094482 0.26361751556396484
Cyclist 0.0 0 1.9115146398544312 333.5968017578125 173.78036499023438 388.42926025390625 251.77403259277344 1.984281 1.8098469 0.65254587 -6.1405435 1.8342856 17.758856 1.5786099433898926 0.852222204208374
Car 0.0 0 2.23138427734375 0.0 198.73907470703125 206.82981872558594 347.3635559082031 3.7477384 1.3825883 1.5772889 -7.0669456 1.782129 9.2443075 1.5786898136138916 0.8926464915275574
Car 0.0 0 1.8559844493865967 476.6269226074219 181.10174560546875 519.220703125 207.6440887451172 3.640355 1.4586291 1.5318 -6.622345 1.9693213 42.737953 1.7022547721862793 0.8199610114097595
Car 0.0 0 1.812805414199829 499.8105163574219 174.1645965576172 539.1107177734375 199.36038208007812 4.192468 1.5798115 1.617944 -5.9551435 1.6706645 47.641853 1.6884522438049316 0.6450608372688293
Car 0.0 0 -1.6485062837600708 654.325927734375 172.8776092529297 681.3785400390625 195.4416961669922 3.7338927 1.5374755 1.6156542 4.028325 1.539564 51.033222 -1.5697342157363892 0.49550744891166687
Car 0.0 0 -1.6174148321151733 613.7030029296875 173.419189453125 638.4429931640625 194.73626708984375 3.6045952 1.4902946 1.6226279 1.108025 1.5330962 52.359608 -1.596256136894226 0.36217179894447327
Car 0.0 0 1.2410730123519897 354.29302978515625 183.1187744140625 413.05712890625 215.95921325683594 4.0085144 1.5231028 1.6488581 -11.651373 2.0780387 36.877743 0.9350519180297852 0.23389054834842682
