Pedestrian 0.0 0 1.288326621055603 730.22021484375 158.15731811523438 759.1528930664062 216.62237548828125 1.3976907 1.7448394 0.50370896 4.094424 1.3065877 22.25152 1.4702975749969482 0.35329410433769226
Pedestrian 0.0 0 -0.5929376482963562 0.0 173.3779754638672 121.99706268310547 375.0 0.821222 1.612467 0.55135936 -2.7385964 1.6154066 3.0859895 -1.3187638521194458 0.19562743604183197
Cyclist 0.0 0 1.740427851676941 435.289306640625 170.39122009277344 479.48004150390625 253.73281860351562 1.8652219 1.7647475 0.6701805 -3.4525454 1.7129564 16.221012 1.5307133197784424 0.891652524471283
Cyclist 0.0 0 -1.292561650276184 642.3989868164062 165.26414489746094 658.3121948242188 192.54901123046875 1.9011769 1.8432528 0.59776556 2.7613242 1.3308712 49.73743 -1.237100601196289 0.382193386554718
Cyclist 0.0 0 1.2909573316574097 729.8348388671875 157.8752899169922 759.569091796875 216.91477966308594 1.467924 1.7593957 0.5119509 4.094408 1.3133836 22.254778 1.4729015827178955 0.32130298018455505
Car 0.0 0 1.828532338142395 467.2784423828125 176.35342407226562 526.8720703125 211.13209533691406 4.274842 1.4702137 1.6689274 -5.14502 1.6421236 33.156727 1.674587368965149 0.926533579826355
Car 0.0 0 1.9200921058654785 245.8528289794922 186.7838592529297 414.9571533203125 277.98785400390625 4.4697433 1.4585105 1.6900748 -5.3933764 1.7813883 14.461821 1.5631296634674072 0.9000720977783203
Car 0.0 0 -1.5087673664093018 645.8053588867188 171.090087890625 686.407958984375 204.82705688476562 3.9541206 1.5556293 1.7422293 2.762196 1.4746526 35.347027 -1.4307807683944702 0.8566905856132507
Car 0.0 0 -2.1392831802368164 946.6873168945312 151.37998962402344 1063.242431640625 200.21107482910156 4.0063863 1.564857 1.6542332 13.583194 0.87705207 25.178593 -1.6445573568344116 0.1925174444913864
Car 0.0 0 1.9055958986282349 625.5052490234375 178.14271545410156 667.7761840820312 202.40576171875 3.663081 1.4463478 1.5685229 2.338683 1.7975391 45.869377 1.9565374851226807 0.16582609713077545
Car 0.0 0 -1.2816228866577148 689.3038940429688 174.16481018066406 733.7332763671875 199.54298400878906 4.0027647 1.4814805 1.6412464 6.274626 1.5666173 44.502506 -1.1415512561798096 0.16390927135944366
