Pedestrian 0.0 0 -2.2362148761749268 266.2278747558594 162.07199096679688 308.922607421875 234.22817993164062 0.79364383 1.7282268 0.59397304 -7.838869 1.2884558 17.376709 -2.65999436378479 0.7268811464309692
Pedestrian 0.0 0 -2.3770549297332764 121.35051727294922 177.64804077148438 174.40576171875 257.5617980957031 0.8157097 1.7518922 0.59451824 -10.291239 1.6909863 15.863769 -2.9525339603424072 0.6690469980239868
Pedestrian 0.0 0 -0.05900317430496216 389.0751953125 150.19064331054688 438.9097900390625 243.4090576171875 0.9596451 1.873815 0.6493428 -4.0109234 1.2661837 14.668862 -0.32591021060943604 0.6585341095924377
Pedestrian 0.0 0 0.3949275612831116 587.196044921875 155.28285217285156 626.0542602539062 231.3437042236328 0.7296086 1.7846973 0.68784785 0.0057326593 1.1946052 17.04315 0.3952639102935791 0.6502462029457092
Pedestrian 0.0 0 0.4413307309150696 167.12786865234375 179.43763732910156 213.5655059814453 247.90672302246094 0.8560026 1.6780859 0.5283549 -10.367197 1.6536467 17.62558 -0.09035997092723846 0.5052359700202942
Pedestrian 0.0 0 -2.321821689605713 148.40708923339844 178.10316467285156 198.19357299804688 247.30210876464844 0.8962663 1.7805597 0.69685775 -11.414795 1.7204764 18.64359 -2.8712098598480225 0.48053866624832153
Pedestrian 0.0 0 -2.8122286796569824 370.04632568359375 171.21694946289062 408.4225158691406 232.1591033935547 0.9210475 1.7967339 0.7147968 -6.4984574 1.5246104 21.212679 -3.109498977661133 0.46588292717933655
Pedestrian 0.0 0 -1.2566001415252686 193.43930053710938 153.4298095703125 211.2122039794922 188.41566467285156 0.63602227 2.033156 0.74685955 -23.622963 0.46138436 41.471195 -1.7743843793869019 0.45269638299942017
Pedestrian 0.0 0 0.14103227853775024 292.0356750488281 159.114501953125 347.8433837890625 245.75694274902344 1.0377225 1.8180139 0.662604 -6.1844726 1.3709046 15.277671 -0.24360918998718262 0.3237171471118927
Cyclist 0.0 0 -0.44001495838165283 1115.5350341796875 131.03115844726562 1211.8450927734375 205.42039489746094 1.8410275 1.8518492 0.63394403 14.243353 0.6219651 18.111835 0.22638511657714844 0.9538781642913818
Cyclist 0.0 0 -0.5619336366653442 858.1735229492188 149.89138793945312 906.1029052734375 193.94712829589844 1.7711011 1.7660222 0.5989618 11.262568 0.5405373 28.79849 -0.18913882970809937 0.8212265968322754
Cyclist 0.0 0 -1.3826507329940796 884.9038696289062 143.60336303710938 918.3201904296875 194.5962677001953 1.708325 1.7556137 0.79799914 10.587111 0.48684692 25.2702 -0.985910177230835 0.7673127055168152
Cyclist 0.0 0 1.8359074592590332 371.2732238769531 170.6834259033203 405.5352783203125 233.23141479492188 1.0119649 1.8276544 0.74410295 -6.5080237 1.5423806 21.17305 1.5377002954483032 0.21382108330726624
Cyclist 0.0 0 0.2160191833972931 384.8180847167969 149.4339599609375 442.7774353027344 240.06301879882812 1.0431364 1.8304204 0.6567347 -3.984342 1.2046113 14.629143 -0.04988770931959152 0.14534811675548553
Cyclist 0.0 0 -1.4168486595153809 155.32350158691406 178.6454315185547 191.664794921875 247.42042541503906 0.908363 1.7604605 0.6891194 -11.404233 1.7145792 18.645435 -1.9657807350158691 0.14271117746829987
Cyclist 0.0 0 0.14103227853775024 292.0356750488281 159.114501953125 347.8433837890625 245.75694274902344 1.0377225 1.8180139 0.662604 -6.1844726 1.3709046 15.277671 -0.24360918998718262 0.11902270466089249
Car 0.0 0 -1.2465198040008545 262.9907531738281 178.28086853027344 464.3090515136719 300.8093566894531 3.672581 1.4281956 1.5795592 -3.2313046 1.4040127 10.083701 -1.5566293001174927 0.9726907014846802
Car 0.0 0 -0.6624489426612854 1072.2572021484375 145.18394470214844 1210.0201416015625 187.6510009765625 3.8213816 1.4916277 1.5787311 19.352287 0.2527017 25.649675 -0.01608385518193245 0.6500637531280518
Car 0.0 0 1.6109495162963867 466.9648132324219 167.21792602539062 492.4229736328125 189.36642456054688 3.9550788 1.5225799 1.6413726 -8.938223 0.610821 50.6702 1.4363458156585693 0.6317689418792725
