Pedestrian 0.0 0 1.0184564590454102 935.8651123046875 106.13298797607422 1004.0601806640625 228.05686950683594 0.77473754 1.8756143 0.6644685 5.6759243 0.8495705 11.513961 1.4764564037322998 0.4802016615867615
Pedestrian 0.0 0 -3.6544928550720215 1142.819580078125 101.00102996826172 1223.2059326171875 231.94786071777344 0.68053883 1.7795725 0.5942072 7.9889536 0.8034457 10.148755 -2.987614631652832 0.2588965892791748
Pedestrian 0.0 0 1.0561176538467407 1026.268798828125 104.68943786621094 1096.6859130859375 229.2495574951172 0.7171547 1.8452792 0.64362854 6.849367 0.8358224 11.0575075 1.6107025146484375 0.23458833992481232
Pedestrian 0.0 0 0.14127087593078613 843.2733154296875 168.3054962158203 864.4424438476562 205.8560028076172 0.87428284 1.7526406 0.5955783 11.500213 1.5407007 34.136974 0.4662139415740967 0.16069699823856354
Cyclist 0.0 0 -1.820509433746338 754.7274169921875 172.3533935546875 768.636474609375 199.6026153564453 1.8203566 1.6704609 0.41217875 9.45066 1.6401296 45.148003 -1.6141626834869385 0.19417378306388855
Cyclist 0.0 0 2.0611395835876465 0.0 177.2122344970703 29.738628387451172 227.5732421875 1.3784406 1.6342769 0.59357053 -20.309238 1.7857178 24.27473 1.3644522428512573 0.16507162153720856
Cyclist 0.0 0 -1.741952657699585 905.5980834960938 121.29891967773438 946.3621215820312 191.23782348632812 1.8000623 1.7976301 0.7067474 8.46614 0.47287503 19.500868 -1.3323644399642944 0.15542924404144287
Cyclist 0.0 0 -1.1552419662475586 151.23997497558594 172.26101684570312 177.9642333984375 204.6627197265625 1.8015605 1.6899873 0.53514874 -23.823341 1.659417 38.55977 -1.7086678743362427 0.14445452392101288
Car 0.0 0 -1.5897845029830933 574.9415893554688 172.2322235107422 634.1307373046875 230.53280639648438 4.4875855 1.6394173 1.6669581 -0.26963767 1.6222911 22.555456 -1.6017383337020874 0.9411916732788086
Car 0.0 0 -1.0774006843566895 166.04856872558594 173.60606384277344 235.74832153320312 203.747802734375 3.726246 1.5036464 1.6180638 -21.473337 1.5455382 37.965546 -1.5921423435211182 0.9055607914924622
Car 0.0 0 -0.9906972050666809 57.912994384765625 172.63223266601562 159.43472290039062 211.51712036132812 3.9749916 1.5410814 1.6190195 -21.162977 1.5326501 30.600227 -1.5957602262496948 0.8997682929039001
Car 0.0 0 2.332826614379883 0.0 176.86892700195312 27.939855575561523 233.40472412109375 4.1054845 1.602106 1.6449114 -20.948662 1.7408873 22.805876 1.5898492336273193 0.3131374418735504
Car 0.0 0 -2.175276279449463 760.2626342773438 180.5812530517578 823.596923828125 208.87469482421875 3.782249 1.4698788 1.584404 10.149828 1.9275486 40.650143 -1.9305918216705322 0.1580079197883606
