Pedestrian 0.0 0 -0.9308631420135498 879.7857666015625 127.30622100830078 926.242431640625 215.59185791015625 0.6688024 1.8192531 0.641614 6.1662307 0.8810332 15.313634 -0.5480633974075317 0.26197174191474915
Pedestrian 0.0 0 -0.5396455526351929 1093.77099609375 178.744873046875 1151.81201171875 267.7698669433594 0.7507101 1.710643 0.559076 10.036985 1.8295404 14.209452 0.07533597946166992 0.22053556144237518
Pedestrian 0.0 0 -0.5879687666893005 922.7496337890625 179.53976440429688 975.0781860351562 265.61651611328125 0.76459956 1.6928434 0.5786073 6.79272 1.831556 14.584809 -0.15210333466529846 0.20441225171089172
Pedestrian 0.0 0 0.40351492166519165 117.36138916015625 176.6497039794922 162.84877014160156 237.14102172851562 0.9798467 1.7741879 0.61225563 -14.099763 1.8901969 21.594934 -0.1749102622270584 0.18707941472530365
Pedestrian 0.0 0 0.2694338262081146 350.6590881347656 173.99285888671875 377.6300964355469 215.02047729492188 0.99679065 1.7751123 0.5879338 -10.788061 1.8257933 31.556768 -0.059972815215587616 0.14632827043533325
Pedestrian 0.0 0 -1.532393455505371 831.2887573242188 157.56423950195312 845.161865234375 195.6494140625 0.92682934 1.8193247 0.6077942 11.037443 1.0892929 35.00377 -1.2269401550292969 0.14428827166557312
Cyclist 0.0 0 0.9598159790039062 804.3615112304688 181.630615234375 826.1918334960938 208.87652587890625 1.4659132 1.6741489 0.59287626 12.941818 2.2391913 45.63116 1.2361764907836914 0.38441017270088196
Cyclist 0.0 0 -1.5565741062164307 148.8930206298828 177.64996337890625 180.8900604248047 242.78419494628906 1.7969196 1.6947709 0.721134 -12.288493 1.8335636 19.868263 -2.1104846000671387 0.3235893249511719
Cyclist 0.0 0 -2.510315418243408 833.9697265625 144.61500549316406 893.9774169921875 203.779052734375 1.7881145 1.7777263 0.5506153 7.8751564 0.9295757 22.56988 -2.174600124359131 0.23864653706550598
Cyclist 0.0 0 -2.046926498413086 942.234130859375 178.46705627441406 996.1807250976562 251.24032592773438 1.6988157 1.6439853 0.41904676 8.523953 1.7854409 17.28177 -1.588706374168396 0.15130287408828735
Cyclist 0.0 0 -0.7356548309326172 985.2340698242188 181.99581909179688 1051.0562744140625 240.71788024902344 1.7500151 1.7292211 0.66231376 12.34939 2.0138993 21.921665 -0.22262617945671082 0.1342008411884308
Car 0.0 0 1.845797061920166 326.8879089355469 186.52206420898438 500.4811096191406 295.9647216796875 4.2183895 1.4167186 1.6495743 -3.0665407 1.684739 11.998197 1.5955703258514404 0.9536097049713135
Car 0.0 0 1.0225931406021118 898.4201049804688 176.39044189453125 972.508056640625 208.7826690673828 3.871319 1.5168432 1.6006798 16.220608 1.704784 36.24808 1.4433567523956299 0.18951722979545593
Car 0.0 0 -1.6856582164764404 384.6064758300781 159.7618865966797 428.39105224609375 195.7681884765625 3.9483738 1.7158333 1.6823479 -10.385934 1.0923038 36.526997 -1.9626829624176025 0.14324098825454712
