Pedestrian 0.0 0 -2.0229485034942627 1046.6551513671875 117.31578826904297 1098.695556640625 203.8699188232422 0.91615725 1.9202683 0.65686405 10.646589 0.5200928 16.178198 -1.4409122467041016 0.473319947719574
Pedestrian 0.0 0 -3.042689561843872 530.80517578125 164.650390625 553.4581909179688 198.68934631347656 1.1746234 1.8307446 0.5514762 -3.4127045 0.9796971 38.304436 -3.131549119949341 0.4132480323314667
Pedestrian 0.0 0 0.22039875388145447 790.7015380859375 155.80638122558594 812.4009399414062 191.06893920898438 1.0289263 1.881912 0.5788708 10.617473 0.5654566 38.22714 0.4913170337677002 0.32260632514953613
Pedestrian 0.0 0 -1.934558391571045 892.74951171875 142.48780822753906 921.9593505859375 194.70738220214844 1.3822618 1.7896644 0.4836822 10.619083 0.48844725 24.926977 -1.5318344831466675 0.2878247797489166
Pedestrian 0.0 0 -2.5805611610412598 214.0969696044922 162.0900421142578 230.64874267578125 189.104248046875 0.8055157 1.8136263 0.5680241 -25.850975 0.5789716 47.773075 -3.076561212539673 0.24849200248718262
Pedestrian 0.0 0 -1.2583057880401611 472.3718566894531 167.47032165527344 491.1722717285156 200.46885681152344 1.5806026 1.7620485 0.55332357 -6.7236657 1.0676998 38.571037 -1.430890679359436 0.14483900368213654
Cyclist 0.0 0 -0.13336330652236938 626.6182250976562 164.17501831054688 659.113525390625 195.95928955078125 1.7956051 1.8061788 0.6073472 2.1587589 0.8798775 40.548546 -0.08017465472221375 0.8920891880989075
Cyclist 0.0 0 0.0252142995595932 686.8573608398438 161.4292755126953 722.4198608398438 196.0471649169922 1.8333622 1.7947416 0.62506354 5.221824 0.80744994 37.110382 0.1650071144104004 0.7910394668579102
Cyclist 0.0 0 -1.1115901470184326 355.023193359375 178.01698303222656 387.288330078125 218.27920532226562 1.7741684 1.7262086 0.6348965 -10.331872 1.6212279 31.231815 -1.43107008934021 0.734329879283905
Cyclist 0.0 0 -0.5885179042816162 554.9575805664062 166.40017700195312 582.3152465820312 193.84251403808594 1.775 1.7862465 0.5988745 -2.4006066 0.86980695 46.787556 -0.6397815942764282 0.7005401849746704
Cyclist 0.0 0 -1.902311086654663 892.5518798828125 144.1797332763672 923.2094116210938 196.20074462890625 1.6310549 1.7715348 0.48423347 10.624136 0.5362114 24.903814 -1.4990803003311157 0.34275439381599426
Cyclist 0.0 0 1.9462254047393799 533.5535278320312 165.084228515625 551.5335083007812 198.45201110839844 1.2821844 1.7766196 0.540095 -3.3902814 0.95723736 38.332176 1.858010172843933 0.27281689643859863
Cyclist 0.0 0 -1.2583057880401611 472.3718566894531 167.47032165527344 491.1722717285156 200.46885681152344 1.5806026 1.7620485 0.55332357 -6.7236657 1.0676998 38.571037 -1.430890679359436 0.2584567368030548
Cyclist 0.0 0 0.2160232663154602 790.033203125 155.81858825683594 812.2003784179688 190.94500732421875 1.0551493 1.8748647 0.5823734 10.596885 0.55890733 38.237637 0.4863708019256592 0.14851298928260803
Car 0.0 0 -1.4630999565124512 500.811279296875 176.43739318847656 545.3239135742188 209.344970703125 3.6695898 1.4261451 1.6470698 -3.7243462 1.2515535 32.477142 -1.5772771835327148 0.9331120252609253
Car 0.0 0 2.4660966396331787 1033.65478515625 132.04754638671875 1224.0 192.60520935058594 4.1236176 1.502098 1.6574229 13.692001 0.3018587 18.436815 3.1048736572265625 0.9060100317001343
Car 0.0 0 -0.4888840913772583 911.7553100585938 150.16131591796875 984.670654296875 175.11502075195312 4.212463 1.6742994 1.7139761 23.641426 -0.37734354 48.775032 -0.03754844889044762 0.6557348966598511
