Pedestrian 0.0 0 -2.023303747177124 929.075439453125 136.87689208984375 1018.7857666015625 272.97271728515625 0.8212067 1.6717436 0.7422223 4.5990467 1.2301738 9.2738285 -1.5629280805587769 0.7988560199737549
Cyclist 0.0 0 1.8797805309295654 369.0442810058594 171.55580139160156 439.6956481933594 279.3132629394531 1.8144833 1.7382284 0.6641418 -3.586623 1.717645 12.553333 1.6014840602874756 0.9509541392326355
Cyclist 0.0 0 2.175662040710449 91.55599212646484 176.5611114501953 310.4353332519531 375.0 1.7194366 1.650692 0.7049567 -3.2940772 1.6860986 5.928989 1.6685384511947632 0.8749152421951294
Car 0.0 0 -1.870539903640747 731.3137817382812 175.40802001953125 924.2503051757812 304.07086181640625 3.3436816 1.4782809 1.5876472 2.7607374 1.5202295 10.050898 -1.6024751663208008 0.9454309940338135
Car 0.0 0 2.009897232055664 170.87953186035156 190.13101196289062 383.8795471191406 305.03729248046875 3.9180639 1.4739523 1.6141545 -5.2187104 1.8048667 11.824809 1.5942718982696533 0.9151567816734314
Car 0.0 0 -1.7546275854110718 683.0516967773438 163.7420654296875 797.5255126953125 251.23902893066406 3.7870705 1.6020062 1.6501982 2.530407 1.435531 15.116147 -1.5887677669525146 0.9092587232589722
Car 0.0 0 1.6535561084747314 526.8855590820312 167.57704162597656 553.9649047851562 193.45889282226562 3.93013 1.8038667 1.6349009 -5.030459 1.4364399 52.26138 1.55759596824646 0.8392472863197327
Car 0.0 0 1.8304548263549805 395.07574462890625 177.27682495117188 475.71185302734375 230.21031188964844 3.7229865 1.4833958 1.5244535 -5.3672256 1.6326671 22.41125 1.5953940153121948 0.8386744260787964
Car 0.0 0 1.7565586566925049 451.2206726074219 178.31216430664062 504.0692138671875 216.42587280273438 3.6201084 1.4370991 1.4846096 -5.3941965 1.6746315 29.536577 1.575921654701233 0.7081266045570374
Car 0.0 0 1.8915600776672363 312.6764221191406 182.1164093017578 441.6171875 255.29270935058594 4.232718 1.4562868 1.6206993 -5.3565574 1.7025557 17.024595 1.5867300033569336 0.704334020614624
Car 0.0 0 -1.6812423467636108 663.3683471679688 161.11929321289062 741.0455322265625 229.23155212402344 4.140991 1.7367033 1.708037 2.4574254 1.4378538 20.472889 -1.5617806911468506 0.6993464231491089
Car 0.0 0 2.128303289413452 0.0 196.02590942382812 213.06051635742188 375.0 3.6085029 1.41087 1.5501155 -5.4574776 1.6933811 6.9038396 1.4593825340270996 0.6673638820648193
