Pedestrian 0.0 0 0.5458087921142578 415.7503662109375 174.30520629882812 438.9047546386719 211.93421936035156 0.91120523 1.8202051 0.6195227 -8.9890585 1.8925557 35.36237 0.29688262939453125 0.4009585678577423
Car 0.0 0 1.8203377723693848 323.0696716308594 187.7881317138672 434.1374206542969 260.6526184082031 3.7009609 1.4322724 1.5910561 -5.307858 1.8205516 16.847662 1.5151313543319702 0.9356313943862915
Car 0.0 0 1.9954005479812622 122.89852905273438 192.98211669921875 283.2436218261719 269.1387023925781 4.2177887 1.4155343 1.6182464 -9.240637 1.9428711 16.721025 1.4905359745025635 0.9210190176963806
Car 0.0 0 2.1992552280426025 243.67086791992188 185.44676208496094 363.93890380859375 237.78990173339844 3.909799 1.4900104 1.6345923 -9.932224 1.939337 23.632244 1.801386833190918 0.8712262511253357
Car 0.0 0 -1.5153220891952515 658.5623168945312 175.10275268554688 692.4991455078125 203.7347412109375 3.5542684 1.4573433 1.6291898 3.5351532 1.5847783 38.894516 -1.4246803522109985 0.8707289695739746
Car 0.0 0 -1.3931697607040405 626.2135620117188 170.37562561035156 661.5899047851562 196.3677978515625 3.8245862 1.6557667 1.7039875 2.266662 1.4982456 48.015118 -1.3459975719451904 0.6651803255081177
Car 0.0 0 2.1527419090270996 0.0 192.95823669433594 156.91700744628906 324.4322814941406 4.2005706 1.5190101 1.6485411 -9.043651 1.8911452 11.168995 1.4721081256866455 0.6541562676429749
Car 0.0 0 -1.5006022453308105 677.2760620117188 171.82456970214844 704.52294921875 195.14395141601562 3.6995747 1.5653965 1.6378717 5.653747 1.4966499 50.400455 -1.3888927698135376 0.3730592727661133
Car 0.0 0 2.2167115211486816 1120.824951171875 141.19955444335938 1242.0 189.55819702148438 4.125652 1.5822718 1.6524462 20.00611 0.5469117 24.913458 2.893293619155884 0.3256085515022278
Car 0.0 0 -0.7814778089523315 1049.6368408203125 143.6054229736328 1195.7950439453125 187.4451904296875 4.6279907 1.5886405 1.764541 19.376795 0.52910566 27.396177 -0.16588200628757477 0.310769259929657
Car 0.0 0 -0.519011378288269 794.345947265625 166.50559997558594 852.0438842773438 183.0625762939453 4.7000513 1.4426135 1.7039292 18.948334 0.8898337 64.234856 -0.23216161131858826 0.30071520805358887
Car 0.0 0 -0.9083809852600098 1182.61865234375 146.5222930908203 1242.0 195.88656616210938 4.3876677 1.4411436 1.6559902 20.268526 0.672772 22.248096 -0.16950909793376923 0.29670366644859314
