Pedestrian 0.0 0 -2.364173650741577 591.0140991210938 139.6352081298828 727.1544799804688 348.1806640625 0.8629838 1.6384256 0.80095536 0.44386205 1.3109108 6.229445 -2.293041706085205 0.8850501775741577
Pedestrian 0.0 0 -2.7318286895751953 418.751953125 155.6491241455078 527.311279296875 312.6271667480469 0.996408 1.644553 0.68725276 -1.456649 1.3750924 7.9706473 -2.912585735321045 0.8785158395767212
Pedestrian 0.0 0 -1.5946754217147827 342.4299621582031 166.2406463623047 398.9335632324219 296.1134948730469 0.9084987 1.6621614 0.6978335 -3.1837358 1.4681996 9.735499 -1.910736322402954 0.7214420437812805
Pedestrian 0.0 0 -0.25073355436325073 573.8555297851562 158.3775634765625 677.9581909179688 328.0933532714844 0.9640824 1.6989369 0.67086405 0.19522007 1.4688375 7.6228375 -0.22512924671173096 0.6667363047599792
Pedestrian 0.0 0 -1.9444246292114258 556.20458984375 159.79185485839844 633.5657958984375 288.8864440917969 0.98944265 1.7564514 0.8084032 -0.15574038 1.4624153 10.381985 -1.9594244956970215 0.6215235590934753
Pedestrian 0.0 0 -2.3297994136810303 456.19244384765625 166.55056762695312 542.0029907226562 303.4152526855469 0.9513813 1.6692811 0.6105416 -1.3736261 1.4882898 9.292374 -2.476559638977051 0.6208245754241943
Pedestrian 0.0 0 -1.8264837265014648 487.5599670410156 157.51492309570312 531.10791015625 252.83609008789062 0.82352555 1.6778735 0.59805566 -1.7333267 1.256955 13.135898 -1.957679271697998 0.6183521747589111
Pedestrian 0.0 0 -1.6715449094772339 423.689453125 162.50257873535156 469.6697692871094 267.3200988769531 0.83958733 1.6194855 0.64028615 -2.5509453 1.3272662 11.594763 -1.8881032466888428 0.6135926246643066
Pedestrian 0.0 0 -1.2298634052276611 277.96124267578125 160.07022094726562 335.14215087890625 256.12469482421875 0.956829 1.842577 0.7783072 -5.879932 1.4327528 14.274134 -1.6206110715866089 0.5954199433326721
Pedestrian 0.0 0 1.4306821823120117 391.1556396484375 172.25314331054688 438.4283752441406 266.6403503417969 0.7500334 1.6784555 0.7446613 -3.4933984 1.5152942 13.261243 1.1731047630310059 0.5711513757705688
Pedestrian 0.0 0 1.221548318862915 394.5611572265625 161.7422637939453 426.2035217285156 226.2578887939453 0.63830525 1.7888556 0.68995464 -5.4510636 1.2421746 20.37429 0.9601249694824219 0.5695199370384216
Pedestrian 0.0 0 1.2163351774215698 366.552490234375 165.40670776367188 417.0196838378906 257.98919677734375 0.8971635 1.7593836 0.68794566 -4.193478 1.4548135 14.21344 0.929438591003418 0.4873165190219879
Pedestrian 0.0 0 -1.8464330434799194 505.68255615234375 164.62777709960938 572.1905517578125 282.9959716796875 0.92722386 1.5951599 0.71441007 -0.94999224 1.3691103 10.238952 -1.9389503002166748 0.4632408618927002
Pedestrian 0.0 0 2.6033310890197754 723.70703125 148.2193145751953 759.7449340820312 205.0966339111328 0.9831279 1.8572339 0.6508557 4.6449356 0.77159995 23.926449 2.7950799465179443 0.43658339977264404
Pedestrian 0.0 0 3.7298107147216797 0.0 161.85012817382812 54.96208190917969 275.05224609375 0.56365854 1.7100313 0.53594875 -8.999473 1.4145054 11.14109 3.0503480434417725 0.37297481298446655
Pedestrian 0.0 0 1.6157095432281494 666.9823608398438 160.7786102294922 682.939697265625 206.57882690429688 0.7432595 1.7077602 0.56952703 2.7669084 0.93615294 27.191236 1.7171179056167603 0.3385891914367676
Pedestrian 0.0 0 -1.4503592252731323 552.2664184570312 165.56005859375 562.9193115234375 193.4235076904297 1.4673387 1.7419844 0.50491464 -2.774542 0.74616784 45.654152 -1.5110576152801514 0.1658688634634018
Pedestrian 0.0 0 -0.646290123462677 0.0 204.0753631591797 166.98094177246094 374.0 1.3113004 1.467633 0.5059973 -3.060719 1.6082606 3.730312 -1.3334063291549683 0.10194163024425507
Cyclist 0.0 0 1.4808813333511353 515.4745483398438 161.24478149414062 534.4421997070312 203.16119384765625 1.9088595 1.8057349 0.66614914 -3.4259024 0.9341156 31.943962 1.3740423917770386 0.7307834029197693
Cyclist 0.0 0 -1.6976667642593384 562.1673583984375 166.25279235839844 579.399658203125 210.40467834472656 1.574986 1.6831297 0.47683215 -1.2308486 1.1029099 28.197826 -1.741289496421814 0.7101837396621704
Cyclist 0.0 0 -0.646290123462677 0.0 204.0753631591797 166.98094177246094 374.0 1.3113004 1.467633 0.5059973 -3.060719 1.6082606 3.730312 -1.3334063291549683 0.3638450503349304
Cyclist 0.0 0 -1.4581942558288574 552.3790283203125 165.54493713378906 562.8253173828125 193.38897705078125 1.5839847 1.740517 0.4904218 -2.7765713 0.7439 45.70386 -1.5188710689544678 0.35224059224128723
Cyclist 0.0 0 -1.230168104171753 275.0666198730469 158.1099090576172 337.439453125 255.54513549804688 1.1011394 1.8586323 0.82829183 -5.879469 1.4137098 14.270682 -1.6209732294082642 0.12287034094333649
Cyclist 0.0 0 -1.9963886737823486 464.78961181640625 165.13673400878906 536.9574584960938 301.13079833984375 0.92398816 1.6738508 0.60262936 -1.3723946 1.4737866 9.390396 -2.141510009765625 0.10036186128854752
Car 0.0 0 1.5553823709487915 424.8509521484375 171.02099609375 502.8786315917969 239.4636688232422 4.316646 1.4808102 1.6773764 -3.4837437 1.2553144 17.824272 1.3623661994934082 0.788369357585907
Car 0.0 0 -1.6288431882858276 623.0697631835938 179.54737854003906 677.7911987304688 227.15635681152344 3.724409 1.4577482 1.5801955 1.531406 1.3990765 23.859165 -1.5647459030151367 0.37016627192497253
