Pedestrian 0.0 0 -2.535672903060913 269.5191955566406 179.6796417236328 328.8438720703125 263.6637268066406 0.85915375 1.6647345 0.7152977 -6.2803025 1.6501027 14.444554 -2.9458038806915283 0.3434339463710785
Pedestrian 0.0 0 1.2773785591125488 789.5195922851562 161.8029327392578 805.68408203125 196.3422393798828 0.59998006 1.8284975 0.68748266 10.265804 0.8400926 37.735355 1.5429975986480713 0.2732800543308258
Pedestrian 0.0 0 -0.31874144077301025 999.0358276367188 113.70548248291016 1059.6141357421875 244.40098571777344 0.58651686 1.7485386 0.50667584 5.802267 0.8565852 9.765061 0.2173924446105957 0.247780442237854
Cyclist 0.0 0 -1.6778711080551147 984.0313110351562 145.92002868652344 1026.4854736328125 214.84999084472656 1.7241902 1.7146797 0.7824342 10.427718 0.8560751 18.529865 -1.1652902364730835 0.8449723720550537
Cyclist 0.0 0 -0.0348266065120697 771.7093505859375 156.96212768554688 803.8721313476562 188.11398315429688 1.7643157 1.7645772 0.57140815 10.456962 0.432675 40.51494 0.21776223182678223 0.7831258773803711
Cyclist 0.0 0 -2.1102123260498047 875.1058349609375 150.7935791015625 905.513671875 186.71298217773438 1.77477 1.6580015 0.493509 13.503935 0.28823978 33.546684 -1.727516770362854 0.4000706672668457
Cyclist 0.0 0 1.954667091369629 270.2716979980469 178.58697509765625 325.18463134765625 264.7652893066406 0.8186654 1.7089517 0.7805896 -6.301238 1.6726449 14.436087 1.5431028604507446 0.10704447329044342
Car 0.0 0 -0.2943933308124542 797.7076416015625 161.44271850585938 943.7164916992188 207.5941619873047 4.3476605 1.5073597 1.677307 8.913213 0.886471 24.056503 0.06043648719787598 0.9398765563964844
Car 0.0 0 1.8662139177322388 286.2230224609375 177.45216369628906 347.84375 212.50660705566406 4.3798676 1.6956017 1.7412834 -14.763768 1.5496173 36.454285 1.4814097881317139 0.8385801315307617
Car 0.0 0 -0.8363328576087952 0.0 206.48275756835938 299.7262268066406 370.0 3.7315931 1.4359655 1.6254278 -3.1382477 1.632329 3.4196818 -1.578842282295227 0.837931215763092
Car 0.0 0 1.4873607158660889 434.8184814453125 173.38621520996094 467.7675476074219 200.2047882080078 3.9601192 1.5591266 1.6367289 -9.4424305 1.1469353 43.23326 1.2723307609558105 0.8065589070320129
Car 0.0 0 3.1647236347198486 356.02032470703125 172.16732788085938 414.6711730957031 195.86659240722656 3.8600829 1.6145602 1.6790396 -15.3336 1.0481914 49.49996 2.864327907562256 0.2343980371952057
