Pedestrian 0.0 0 -2.2258479595184326 890.4613647460938 136.56756591796875 1042.6961669921875 365.9977111816406 0.8507697 1.6649374 0.69914633 2.7811513 1.347839 5.610988 -1.7656770944595337 0.7710201740264893
Pedestrian 0.0 0 3.5643749237060547 175.9296417236328 142.5826873779297 315.5704345703125 319.6015319824219 1.0721549 1.7462887 0.7950118 -3.7680266 1.3739299 7.3931146 3.0930237770080566 0.7516501545906067
Pedestrian 0.0 0 1.1024177074432373 1061.2169189453125 121.0732192993164 1216.2762451171875 353.6275939941406 0.77864 1.7676989 0.7424064 4.291835 1.3176923 5.8151956 1.7382190227508545 0.6101944446563721
Pedestrian 0.0 0 -2.9128739833831787 979.4006958007812 141.4691162109375 1172.68212890625 370.0 0.8430476 1.6632428 0.75247985 2.8286698 1.4567083 4.3323307 -2.3344480991363525 0.36336278915405273
Pedestrian 0.0 0 0.008431553840637207 839.7745971679688 171.7576141357422 876.487060546875 246.73507690429688 0.8515699 1.8324815 0.9678148 6.3634605 1.6204125 17.876284 0.350416898727417 0.21163520216941833
Pedestrian 0.0 0 -0.6767371892929077 1106.507080078125 139.9505615234375 1189.5198974609375 253.24180603027344 0.8666385 1.8028315 0.6426455 8.832515 1.1592133 11.578553 -0.02507273107767105 0.21107347309589386
Pedestrian 0.0 0 -3.723959445953369 1044.238525390625 144.4198760986328 1116.935302734375 257.3744812011719 0.78269434 1.8140812 0.61956525 7.78673 1.2362789 11.662674 -3.135267734527588 0.14657147228717804
Pedestrian 0.0 0 -1.4339942932128906 609.4904174804688 180.9431610107422 648.8016967773438 267.0502624511719 0.9689703 1.718556 0.6913553 0.4706312 1.729694 14.647697 -1.4018752574920654 0.11869177967309952
Pedestrian 0.0 0 -0.9282634854316711 64.53815460205078 157.6318359375 137.43235778808594 254.12417602539062 0.9461682 1.7372794 0.67880374 -9.436247 1.3271949 13.205431 -1.5487033128738403 0.1127772256731987
Cyclist 0.0 0 -3.7716269493103027 1104.61572265625 140.4067840576172 1197.708984375 254.38446044921875 1.0256435 1.8131992 0.64087623 8.878282 1.1770366 11.575796 -3.1173534393310547 0.11185620725154877
Car 0.0 0 -0.9915018081665039 283.67413330078125 199.5955047607422 409.2349548339844 260.2724609375 3.6770618 1.4541602 1.605249 -7.2643213 2.0535402 20.15644 -1.3374087810516357 0.12437095493078232
