Pedestrian 0.0 0 -1.752349853515625 825.5768432617188 176.21435546875 922.81201171875 334.11669921875 0.674881 1.6112275 0.8722008 2.767317 1.6497048 7.7796116 -1.4105936288833618 0.7620406746864319
Car 0.0 0 -1.5659204721450806 598.0130615234375 180.1947784423828 659.176513671875 226.6367950439453 3.276708 1.2271236 1.6620619 0.5033835 1.4605944 21.248867 -1.542235016822815 0.9493193030357361
Car 0.0 0 -1.9029899835586548 779.1863403320312 182.03076171875 944.3765869140625 281.36669921875 3.6961727 1.4583302 1.5914263 4.202953 1.6450832 12.79323 -1.585569143295288 0.9364456534385681
Car 0.0 0 -1.7689379453659058 738.6105346679688 181.62315368652344 833.726806640625 246.6167755126953 3.707802 1.4045513 1.5709369 4.216788 1.6462313 17.975252 -1.5385159254074097 0.9338048696517944
Car 0.0 0 -2.2476303577423096 363.4629821777344 175.54063415527344 516.0902099609375 245.78140258789062 3.5970461 1.4706622 1.5755925 -4.100983 1.5405853 16.958078 -2.484905481338501 0.9241901636123657
Car 0.0 0 -2.1359667778015137 908.4242553710938 169.5237274169922 1242.0 375.0 4.4570413 1.5645301 1.671152 4.1155086 1.5476062 5.9987974 -1.5346609354019165 0.8396651148796082
Car 0.0 0 2.18758487701416 0.0 182.79556274414062 181.7048797607422 303.0721130371094 3.506261 1.4207839 1.5477369 -8.109081 1.5916885 10.594995 1.5343198776245117 0.7832719683647156
Car 0.0 0 -1.7062190771102905 56.74116516113281 178.79734802246094 303.8856201171875 375.0 3.9191096 1.533919 1.6617129 -4.783412 1.6141524 7.6565576 -2.264636516571045 0.7398417592048645
Car 0.0 0 2.161104440689087 117.59357452392578 176.8785400390625 311.6254577636719 261.1916198730469 3.9088125 1.4833205 1.5870272 -7.970618 1.5781324 14.907904 1.670116901397705 0.7328248620033264
Car 0.0 0 2.14198899269104 245.77178955078125 167.9117889404297 387.9136047363281 231.12205505371094 4.171529 1.573176 1.6783772 -8.054401 1.4505323 20.162075 1.761928677558899 0.6237835884094238
Car 0.0 0 -1.7534470558166504 711.23046875 166.7432861328125 787.4517822265625 225.83441162109375 3.9698467 1.74694 1.7011015 4.3525105 1.5666441 23.31497 -1.5688884258270264 0.6144787073135376
Car 0.0 0 2.12264347076416 47.22652816772461 173.78692626953125 195.26727294921875 229.65362548828125 4.1010427 1.452318 1.6314973 -13.995458 1.4823971 20.90403 1.53267502784729 0.5982909202575684
Car 0.0 0 -2.141206741333008 459.2828674316406 172.09255981445312 549.3331298828125 213.11798095703125 3.993739 1.4973717 1.5865272 -4.257833 1.4699378 28.35711 -2.2902438640594482 0.5815432071685791
