Pedestrian 0.0 0 0.019806236028671265 334.8927307128906 187.80714416503906 369.14801025390625 278.1581115722656 0.5980452 1.6462542 0.6315282 -4.9322634 1.9381492 13.669873 -0.3264685869216919 0.17056189477443695
Pedestrian 0.0 0 0.04945657029747963 526.0382690429688 183.29583740234375 564.3010864257812 247.20643615722656 0.96279716 1.6218843 0.5858121 -1.7226498 1.8977684 18.723276 -0.04229092225432396 0.16488388180732727
Pedestrian 0.0 0 -3.0574586391448975 584.0023803710938 181.63772583007812 625.7964477539062 247.7183074951172 0.9857382 1.5886265 0.5603857 -0.16743472 1.8088738 17.743813 -3.06689453125 0.13363905251026154
Cyclist 0.0 0 -1.5883204936981201 593.5143432617188 181.02001953125 617.8260498046875 248.12901306152344 0.9526415 1.5891882 0.5757697 -0.16308011 1.7952081 17.685375 -1.5975414514541626 0.16052553057670593
Car 0.0 0 -1.432326316833496 977.4854125976562 178.63514709472656 1076.0780029296875 253.70558166503906 3.3203752 1.5719527 1.589861 9.932406 1.7243952 17.180838 -0.9081583023071289 0.8269540667533875
Car 0.0 0 1.7203537225723267 889.87890625 178.4776611328125 937.2107543945312 210.1046905517578 4.0098305 1.4815887 1.6409069 15.44419 1.7846582 36.697556 2.1187045574188232 0.7506577372550964
Car 0.0 0 1.67338228225708 1045.4503173828125 179.7771453857422 1086.1187744140625 208.03631591796875 3.591142 1.5229961 1.6312315 26.35843 1.9422407 41.738293 2.236654043197632 0.32878223061561584
Car 0.0 0 -1.4981374740600586 948.0216674804688 181.77529907226562 978.9053344726562 204.22088623046875 4.1384306 1.4547824 1.654992 24.84792 2.1095347 50.71927 -1.0425937175750732 0.3060353398323059
Car 0.0 0 -1.6320054531097412 1130.2725830078125 159.1468505859375 1184.06201171875 200.93911743164062 3.8006783 1.7299381 1.6555799 24.080853 1.1629059 31.905712 -0.9854710102081299 0.18126296997070312
Car 0.0 0 -1.4557433128356934 994.32275390625 186.789794921875 1078.9483642578125 247.3203887939453 3.6820023 1.571149 1.7749857 12.811403 2.0284107 21.650902 -0.9214298725128174 0.1689055860042572
