Pedestrian 0.0 0 1.1966454982757568 702.141357421875 149.35472106933594 755.9219360351562 248.52239990234375 0.82773924 1.6728011 0.6696409 2.1180785 1.1490785 12.395155 1.365890383720398 0.7866385579109192
Pedestrian 0.0 0 -1.6810356378555298 632.059326171875 140.86045837402344 681.21337890625 250.65257263183594 0.89248127 1.7421403 0.71073544 0.792747 1.1148101 11.675131 -1.6132391691207886 0.7797475457191467
Pedestrian 0.0 0 0.9107085466384888 796.2212524414062 139.37005615234375 908.2916259765625 311.0769348144531 0.9074364 1.6436671 0.6752434 2.4791858 1.251647 7.3023806 1.2380021810531616 0.7483741641044617
Pedestrian 0.0 0 1.2246156930923462 576.5385131835938 128.63671875 628.5169677734375 241.76849365234375 0.9057771 1.7666348 0.5727494 -0.09783095 0.9584091 11.560259 1.2161531448364258 0.7461422085762024
Pedestrian 0.0 0 -1.4364876747131348 299.10675048828125 143.99607849121094 323.17645263671875 204.55564880371094 0.7198644 1.7884165 0.58021545 -8.879299 0.7119646 21.297817 -1.8314871788024902 0.36950385570526123
Pedestrian 0.0 0 2.854553461074829 424.8884582519531 145.2126007080078 455.7657165527344 190.03382873535156 1.1365787 1.8357494 0.5798541 -6.89014 0.39196736 29.486517 2.6250014305114746 0.28744542598724365
Pedestrian 0.0 0 -0.7872920632362366 100.77118682861328 145.0238494873047 171.1954803466797 261.3257751464844 0.730535 1.8753126 0.6584875 -7.87328 1.3049304 11.818199 -1.3749712705612183 0.2795998454093933
Pedestrian 0.0 0 1.777927041053772 336.1829833984375 150.08053588867188 360.4167175292969 205.796630859375 0.6831618 1.8069749 0.62541157 -8.48772 0.8219612 23.30835 1.4287030696868896 0.21955016255378723
Pedestrian 0.0 0 -1.1863479614257812 0.0 157.3155975341797 37.99156188964844 226.65989685058594 1.7079214 1.8033483 0.57547015 -16.233677 1.2020093 19.283442 -1.8860888481140137 0.21927061676979065
Pedestrian 0.0 0 1.8476886749267578 390.3085632324219 139.70339965820312 416.5297546386719 191.02420043945312 0.98378474 1.8693943 0.6953637 -7.500337 0.38487017 26.242178 1.5692983865737915 0.19626237452030182
Pedestrian 0.0 0 1.787217378616333 482.107666015625 147.9513702392578 501.44232177734375 187.044921875 1.5094019 1.8008871 0.59216166 -5.3462844 0.30295467 33.336456 1.6281979084014893 0.1765870302915573
Pedestrian 0.0 0 -1.1096312999725342 307.1615905761719 138.8191375732422 353.3157958984375 204.57066345214844 1.7154524 1.8150551 0.5361471 -7.93293 0.66604275 20.391323 -1.4806491136550903 0.12762437760829926
Cyclist 0.0 0 -1.1918697357177734 0.0 157.65362548828125 38.90550994873047 227.5389862060547 1.7893751 1.8144453 0.573206 -16.226322 1.2228693 19.291685 -1.8911768198013306 0.47086113691329956
Cyclist 0.0 0 -1.1041944026947021 305.067626953125 138.55197143554688 354.72021484375 205.15232849121094 1.874575 1.831421 0.55357426 -7.9404593 0.6794844 20.39732 -1.4754334688186646 0.3177069425582886
Cyclist 0.0 0 2.25551700592041 425.15521240234375 145.23867797851562 455.0205993652344 190.36309814453125 1.2121333 1.8392278 0.5780926 -6.891598 0.4035011 29.485096 2.025907516479492 0.2338676005601883
Cyclist 0.0 0 1.765466332435608 482.2505798339844 151.9419403076172 501.1331481933594 190.90956115722656 1.5872587 1.7881699 0.58306587 -5.3351283 0.47913736 33.24401 1.6063393354415894 0.23313459753990173
Cyclist 0.0 0 2.2112066745758057 551.8612670898438 147.65957641601562 582.0288696289062 185.41281127929688 1.6037863 1.7689011 0.61140966 -1.8337848 0.23163682 33.960407 2.157261371612549 0.2234485000371933
Car 0.0 0 1.8843122720718384 0.0 67.5976791381836 268.9952087402344 370.0 3.9146836 1.6562644 1.6058025 -3.3220499 1.2792621 4.478091 1.2460507154464722 0.2348359078168869
