Pedestrian 0.0 0 1.8231192827224731 409.6860046386719 158.0658416748047 429.6452331542969 196.7206573486328 0.9174334 1.9276325 0.7712341 -9.644431 1.1905372 36.439957 1.5643852949142456 0.36361873149871826
Cyclist 0.0 0 -1.9191272258758545 766.56103515625 161.82606506347656 792.0419311523438 199.19692993164062 1.8740535 1.775127 0.60493445 8.2145 1.2516549 35.23688 -1.6900955438613892 0.8955593109130859
Cyclist 0.0 0 -1.8431981801986694 759.9076538085938 164.94442749023438 778.0852661132812 197.20652770996094 1.8288394 1.7451261 0.5068291 8.758031 1.3176389 39.954075 -1.627408742904663 0.6086316108703613
Cyclist 0.0 0 0.9801024198532104 837.3654174804688 165.9803009033203 864.0081787109375 198.11346435546875 1.6396083 1.734723 0.5775423 13.2341385 1.3640016 39.816902 1.300990104675293 0.24399463832378387
Car 0.0 0 3.4511964321136475 308.97802734375 183.13160705566406 422.5616149902344 226.85147094726562 3.4212158 1.4450395 1.5590271 -8.454979 1.8134897 25.032106 3.125462293624878 0.8790485262870789
Car 0.0 0 -2.912661552429199 416.3555908203125 174.88796997070312 494.9781799316406 205.88189697265625 3.905151 1.6443255 1.6847311 -8.392275 1.7578679 39.270504 -3.123198986053467 0.7982696890830994
Car 0.0 0 0.06420636922121048 483.6645812988281 178.78884887695312 532.5717163085938 198.0435333251953 3.7975092 1.5064605 1.5646722 -8.175167 1.99104 57.943214 -0.0759577676653862 0.6754419207572937
Car 0.0 0 3.339698076248169 343.71441650390625 182.29885864257812 447.0404052734375 223.43746948242188 3.5597804 1.4993098 1.5644451 -8.205416 1.8741287 27.664703 3.051361322402954 0.4127502143383026
Car 0.0 0 -1.5525283813476562 602.4837036132812 176.5795440673828 620.2335815429688 191.6265411376953 3.466884 1.3497722 1.595475 0.12920056 1.7068604 67.33725 -1.5506097078323364 0.2892266511917114
Car 0.0 0 0.3968783915042877 279.9404602050781 173.82958984375 360.60906982421875 201.7078857421875 3.9165394 1.5437051 1.6229174 -16.395552 1.6004384 40.850975 0.01520848274230957 0.24487556517124176
