Pedestrian 0.0 0 -1.6162488460540771 717.8511962890625 163.92469787597656 735.5573120117188 209.0968475341797 0.6374791 1.7974501 0.6744708 4.6547346 1.4425013 29.062891 -1.4574368000030518 0.43134990334510803
Pedestrian 0.0 0 -1.3770649433135986 185.7094268798828 146.6301727294922 232.28936767578125 214.36000061035156 1.7071688 1.7638664 0.80157214 -10.980735 1.0812858 19.723698 -1.8850589990615845 0.1807350367307663
Cyclist 0.0 0 -1.3770649433135986 185.7094268798828 146.6301727294922 232.28936767578125 214.36000061035156 1.7071688 1.7638664 0.80157214 -10.980735 1.0812858 19.723698 -1.8850589990615845 0.7150812149047852
Car 0.0 0 -1.9092603921890259 770.4801635742188 202.1831512451172 1112.8858642578125 375.0 3.854006 1.3280625 1.5657004 2.6298056 1.6859634 6.8448906 -1.54244863986969 0.953620195388794
Car 0.0 0 -1.7323477268218994 677.05224609375 180.5074462890625 749.2926025390625 234.4674835205078 3.7574675 1.4668378 1.5781163 3.0136864 1.7212309 22.048292 -1.5965038537979126 0.9163187742233276
Car 0.0 0 -1.8231050968170166 714.4265747070312 180.923583984375 880.6976318359375 294.45794677734375 3.96052 1.4970974 1.6149435 2.787028 1.6516867 11.791598 -1.5910074710845947 0.9079132080078125
Car 0.0 0 -1.7004514932632446 657.8681640625 177.98963928222656 714.63525390625 223.8240203857422 3.656828 1.5366774 1.5936712 2.6811628 1.7385104 26.453226 -1.5994415283203125 0.7647199630737305
Car 0.0 0 1.6700255870819092 552.69384765625 180.4468231201172 579.536865234375 202.44390869140625 3.575894 1.45946 1.546956 -3.0944552 2.0150104 50.940186 1.6093533039093018 0.7458336353302002
Car 0.0 0 0.2639929950237274 366.7596740722656 183.76754760742188 422.86181640625 202.02108764648438 4.202483 1.4720182 1.6098 -17.90554 2.3939786 60.06948 -0.025701854377985 0.6745203733444214
Car 0.0 0 0.09132115542888641 435.7441711425781 183.94842529296875 489.3443908691406 203.38392639160156 4.2431474 1.558452 1.6562961 -12.269997 2.4994414 60.11617 -0.11001816391944885 0.6729797124862671
Car 0.0 0 -1.5431233644485474 595.0001220703125 177.6514892578125 619.2538452148438 199.69549560546875 3.6582227 1.5106574 1.652706 -0.20507158 1.8697084 52.09629 -1.5470597743988037 0.49090683460235596
