Pedestrian 0.0 0 2.8317997455596924 805.714599609375 161.2802734375 868.8482666015625 251.52650451660156 1.0429611 1.7441449 0.6373141 4.4757576 1.2826877 14.210284 3.136929750442505 0.17966699600219727
Cyclist 0.0 0 -1.6084554195404053 660.3438110351562 184.80154418945312 676.6195678710938 233.11529541015625 1.7913771 1.6240288 0.49355897 2.0672126 1.6112391 25.065804 -1.526170253753662 0.38156628608703613
Car 0.0 0 -1.5911238193511963 580.951416015625 175.65362548828125 621.2124633789062 211.48045349121094 3.8684435 1.5982463 1.7980893 -0.39367127 1.1728108 34.026524 -1.6026928424835205 0.9607930183410645
Car 0.0 0 -0.990866482257843 0.0 185.24234008789062 186.6685791015625 261.0350036621094 3.9079947 1.4684956 1.5956194 -11.253923 1.4702898 15.906875 -1.606600284576416 0.900808572769165
Car 0.0 0 -0.8395708203315735 0.0 196.77626037597656 143.42398071289062 361.0433349609375 3.7866309 1.4705377 1.6604786 -7.6627603 1.6404293 8.594193 -1.567737102508545 0.7664516568183899
Car 0.0 0 -1.4783403873443604 629.7978515625 172.1090087890625 659.7916870117188 196.79005432128906 3.74915 1.5319713 1.6038109 2.413409 0.7195605 46.58655 -1.426581859588623 0.33425483107566833
Car 0.0 0 -1.2888920307159424 428.78521728515625 178.152587890625 483.05059814453125 208.82582092285156 3.8561592 1.4494642 1.6474026 -7.5557423 1.1168282 35.94999 -1.4960505962371826 0.18279774487018585
Car 0.0 0 -1.4442663192749023 535.6821899414062 177.00738525390625 569.61279296875 203.182861328125 3.5101252 1.5009549 1.5957687 -3.2833054 1.0314056 43.009865 -1.5204569101333618 0.1753530651330948
Car 0.0 0 -1.1458425521850586 231.89859008789062 181.98760986328125 361.7686462402344 244.37014770507812 3.816468 1.4322082 1.612777 -7.846065 1.3592275 18.425873 -1.548405647277832 0.15079015493392944
Car 0.0 0 -1.1217689514160156 668.2181396484375 167.1876220703125 718.1980590820312 194.13552856445312 3.7823436 1.5951816 1.594619 5.3143578 0.52914107 44.572144 -1.003098726272583 0.14411883056163788
