Pedestrian 0.0 0 1.4312973022460938 209.155517578125 132.77761840820312 245.3999786376953 207.49697875976562 0.9545703 1.8219894 0.6784043 -9.69645 0.8451077 18.177046 0.9412531852722168 0.49142521619796753
Cyclist 0.0 0 -1.696218729019165 1184.558837890625 101.1354751586914 1242.0 262.1814270019531 1.660845 1.8001096 0.4963875 7.453396 0.99882543 8.894904 -0.9987678527832031 0.5970658659934998
Car 0.0 0 -0.44685035943984985 791.259033203125 182.4722900390625 1032.110595703125 269.119140625 3.928996 1.5178133 1.6220754 5.593054 1.7141875 13.772415 -0.061091724783182144 0.9505319595336914
Car 0.0 0 -1.6918021440505981 640.7286987304688 184.34349060058594 693.6190185546875 223.40240478515625 3.8392618 1.3607533 1.5954392 2.1262536 1.8419305 28.2384 -1.616647481918335 0.9228971600532532
Car 0.0 0 3.6814000606536865 0.0 177.62559509277344 271.1617736816406 329.62957763671875 4.113532 1.5474367 1.6283743 -6.463868 1.6105759 8.44942 3.0283632278442383 0.880470871925354
Car 0.0 0 3.639280319213867 14.380941390991211 190.27780151367188 320.73193359375 297.2762756347656 3.692888 1.4660548 1.5836697 -6.6389475 1.7541107 11.039291 3.097837448120117 0.8525968194007874
Car 0.0 0 0.2850699722766876 314.470458984375 181.39974975585938 469.35369873046875 235.25440979003906 4.187635 1.544965 1.6359074 -6.5449457 1.813315 21.792469 -0.00669011939316988 0.849248468875885
Car 0.0 0 3.5918803215026855 127.96275329589844 189.4923095703125 374.91619873046875 272.7474060058594 3.8588066 1.4321454 1.5290148 -6.626673 1.7616739 13.495733 3.1354424953460693 0.814308762550354
Car 0.0 0 0.808684766292572 0.0 217.49545288085938 191.4351806640625 375.0 4.0944457 1.5174181 1.6640476 -6.0682144 1.9438083 6.0129995 0.01871633529663086 0.7610598802566528
Car 0.0 0 1.6723088026046753 550.7840576171875 180.31857299804688 577.9063110351562 201.6047821044922 3.8919716 1.4470396 1.5816576 -3.3080955 2.010033 52.40761 1.6092699766159058 0.39907869696617126
Car 0.0 0 3.2789385318756104 430.7398986816406 178.46624755859375 518.1201782226562 211.433349609375 3.9153745 1.5183121 1.6113446 -6.4544516 1.793503 34.43248 3.0936365127563477 0.38290098309516907
