Pedestrian 0.0 0 1.8130052089691162 6.239563465118408 171.68040466308594 44.94584274291992 228.64837646484375 1.5976871 1.6716855 0.5526915 -17.784 1.2756331 21.931078 1.131650686264038 0.12063459306955338
Pedestrian 0.0 0 1.6650232076644897 493.21563720703125 180.0787811279297 514.1827392578125 228.62890625 1.5797356 1.6265877 0.57532686 -3.6312637 1.4556159 24.883667 1.5201164484024048 0.12021620571613312
Cyclist 0.0 0 1.6571599245071411 493.0523986816406 179.32005310058594 513.8566284179688 227.6470947265625 1.524675 1.6188424 0.5855589 -3.6359727 1.4224833 24.854448 1.511899709701538 0.4586092531681061
Cyclist 0.0 0 1.8086655139923096 6.521676540374756 171.52027893066406 44.656776428222656 228.4955291748047 1.5779935 1.6724162 0.5497292 -17.781954 1.2715406 21.92768 1.1272914409637451 0.3903748393058777
Car 0.0 0 -1.5934044122695923 577.8169555664062 175.1741943359375 635.9653930664062 225.10948181152344 3.4313776 1.5077623 1.7583565 -0.11529729 1.2056975 23.440828 -1.5983229875564575 0.9667173027992249
Car 0.0 0 -1.2067668437957764 222.74343872070312 189.2106170654297 408.8275451660156 292.9684143066406 3.7717047 1.4504921 1.6249729 -4.714935 1.5293126 12.083543 -1.5787919759750366 0.9522663950920105
Car 0.0 0 -0.9312917590141296 0.0 190.29359436035156 196.91676330566406 312.0974426269531 4.3307295 1.475403 1.6634315 -8.422477 1.5700462 11.059664 -1.5821434259414673 0.8584899306297302
Car 0.0 0 -1.4471794366836548 497.5603942871094 175.59222412109375 540.4912109375 208.63519287109375 3.7808223 1.4815071 1.5688406 -4.188557 1.0511627 34.118237 -1.5693341493606567 0.7674070596694946
Car 0.0 0 -1.4990723133087158 382.8121337890625 179.6620635986328 425.4399719238281 214.8444061279297 3.6958506 1.4611539 1.5553756 -8.990817 1.2316378 31.81798 -1.7744628190994263 0.6084443926811218
Car 0.0 0 -1.2970407009124756 324.8030700683594 184.60926818847656 399.6075439453125 230.1830291748047 3.6467016 1.4733897 1.5400437 -8.517984 1.4549155 25.098543 -1.6242247819900513 0.40624967217445374
Car 0.0 0 -0.7130923271179199 0.0 196.55169677734375 86.4931869506836 284.3672180175781 3.8156784 1.4290447 1.6122831 -12.691654 1.6857073 14.204945 -1.442286491394043 0.34532833099365234
Car 0.0 0 -1.5999850034713745 575.1643676757812 176.55857849121094 611.3810424804688 209.9382781982422 3.5269644 1.4490925 1.5495265 -0.7424758 1.074398 33.004635 -1.6224772930145264 0.3187520503997803
