Pedestrian 0.0 0 1.2539974451065063 760.1793212890625 173.99703979492188 782.8383178710938 222.1901092529297 0.73362994 1.6987523 0.5916446 5.7360682 1.7406795 25.843452 1.4724111557006836 0.6346648931503296
Pedestrian 0.0 0 -0.3219687342643738 1018.199462890625 156.32672119140625 1077.2322998046875 240.08859252929688 0.8879947 1.7020718 0.66754997 9.083022 1.3665893 15.081822 0.22010326385498047 0.38386380672454834
Pedestrian 0.0 0 2.7018954753875732 836.3261108398438 164.55712890625 871.845947265625 213.70774841308594 1.070316 1.7756739 0.619773 8.893312 1.4762892 26.433706 3.026437997817993 0.19403575360774994
Pedestrian 0.0 0 0.9205410480499268 709.7638549804688 172.29248046875 727.265380859375 203.09437561035156 0.6685812 1.8681074 0.8248777 6.621257 1.83441 44.249336 1.0690741539001465 0.18577225506305695
Pedestrian 0.0 0 2.880267381668091 720.8764038085938 168.24136352539062 735.796142578125 192.8818359375 1.0181569 1.8555745 0.50689936 8.9325075 1.5085729 54.636032 3.0423247814178467 0.17178776860237122
Cyclist 0.0 0 -1.7239806652069092 675.3291625976562 174.20547485351562 689.32470703125 200.19554138183594 1.8524894 1.8520914 0.7361821 5.2220945 1.9524798 52.458153 -1.6247597932815552 0.33715128898620605
Cyclist 0.0 0 -0.1761830449104309 1167.7071533203125 168.56785583496094 1227.6346435546875 226.6886749267578 1.5476094 1.9979601 0.6563401 20.669098 1.8509778 25.462746 0.5056748390197754 0.12459573149681091
Cyclist 0.0 0 -0.6806808710098267 1011.7716064453125 156.2230987548828 1074.650634765625 239.19869995117188 0.9376682 1.6949251 0.63727885 9.017108 1.3555672 15.118106 -0.14287996292114258 0.1212063878774643
Cyclist 0.0 0 2.090538263320923 114.09083557128906 182.43658447265625 143.32144165039062 216.55126953125 1.5548313 1.7215159 0.5737706 -25.136642 2.2324955 37.65007 1.5018630027770996 0.11317528039216995
Cyclist 0.0 0 2.6192896366119385 837.7210083007812 160.76541137695312 871.17919921875 210.13113403320312 0.9939112 1.7817581 0.59991974 8.907323 1.3458024 26.431263 2.944336175918579 0.1013839840888977
Car 0.0 0 2.08555006980896 150.6465301513672 182.78700256347656 261.4721984863281 233.64451599121094 3.8987534 1.6189696 1.7437271 -14.276419 1.9998965 25.6861 1.5782623291015625 0.9397695660591125
Car 0.0 0 0.9632476568222046 1125.143310546875 192.7180938720703 1188.774169921875 216.0502166748047 3.885501 1.4647325 1.6259216 38.263973 2.9132767 50.62732 1.6104484796524048 0.19370749592781067
Car 0.0 0 2.087491989135742 171.33030700683594 186.09417724609375 248.78634643554688 217.2809600830078 4.210532 1.4619042 1.6800997 -20.839909 2.1934912 37.731155 1.5828644037246704 0.13589952886104584
Car 0.0 0 2.1028738021850586 125.36698150634766 179.21456909179688 194.9608917236328 208.85922241210938 3.8109283 1.5662012 1.6378983 -25.423046 1.9438229 40.868797 1.546387791633606 0.13407427072525024
