Pedestrian 0.0 0 -1.6877431869506836 1092.2354736328125 155.83689880371094 1173.224609375 325.91033935546875 0.59050906 1.6778407 0.61552185 5.3737555 1.5103183 7.5225897 -1.0674517154693604 0.6887487173080444
Pedestrian 0.0 0 -0.5538772344589233 780.8564453125 170.45211791992188 810.5178833007812 212.14483642578125 0.9495365 1.6521977 0.6629468 7.4306307 1.5573742 29.048532 -0.3034467399120331 0.4892137050628662
Pedestrian 0.0 0 1.4037789106369019 969.2889404296875 169.8393096923828 1001.3204345703125 239.8776092529297 0.81973 1.7406127 0.594908 9.518138 1.6660486 18.410212 1.8809363842010498 0.2840399444103241
Pedestrian 0.0 0 2.0319676399230957 71.22994995117188 194.19937133789062 90.32393646240234 223.3158416748047 0.72841686 1.7972486 0.724627 -33.454666 3.158331 45.572975 1.3987270593643188 0.26215866208076477
Pedestrian 0.0 0 -1.6380373239517212 898.2601928710938 139.38531494140625 918.8723754882812 195.32293701171875 0.54395556 1.9220481 0.6275134 10.357281 0.77240336 25.147295 -1.2473448514938354 0.20927108824253082
Cyclist 0.0 0 -1.8137179613113403 759.343505859375 181.2515411376953 773.0732421875 209.4267120361328 1.4967674 1.6030585 0.4365514 9.107351 2.104007 42.25458 -1.6014302968978882 0.227230042219162
Car 0.0 0 -1.6003892421722412 598.3399658203125 180.1372528076172 626.712158203125 207.70387268066406 3.6276252 1.6349488 1.6790234 0.09245129 2.1141331 45.59748 -1.5983617305755615 0.8650857210159302
Car 0.0 0 1.9754822254180908 416.68280029296875 188.4649200439453 464.3560791015625 212.01138305664062 4.063235 1.4592785 1.7392378 -11.647442 2.5819535 49.719105 1.7453670501708984 0.4780164361000061
Car 0.0 0 1.7804784774780273 474.79705810546875 186.390380859375 509.9477233886719 208.66217041015625 3.7799392 1.4120876 1.6556733 -8.138484 2.386982 50.015747 1.6191737651824951 0.2980216443538666
Car 0.0 0 -1.2645968198776245 331.2066955566406 188.14830017089844 430.5384826660156 246.05458068847656 4.0706987 1.4834405 1.6739422 -6.7652974 1.9848001 21.595415 -1.5681873559951782 0.2405598908662796
Car 0.0 0 -0.8434383869171143 0.0 191.09043884277344 95.9889144897461 257.6123962402344 4.0796313 1.4461036 1.6415923 -15.813697 1.9758048 18.877542 -1.5407475233078003 0.18694283068180084
