Pedestrian 0.0 0 -2.027899742126465 992.6903076171875 159.4184112548828 1083.2901611328125 305.7760925292969 0.7493641 1.6558292 0.6519622 5.1097245 1.4073588 8.524704 -1.4879200458526611 0.8162556886672974
Pedestrian 0.0 0 2.3340165615081787 199.32864379882812 149.53297424316406 321.42449951171875 343.4924621582031 0.6581325 1.6801246 0.7852566 -3.194569 1.4046023 6.6544724 1.8864449262619019 0.7400071620941162
Pedestrian 0.0 0 -3.140834331512451 780.8464965820312 170.75949096679688 811.3822021484375 242.45037841796875 0.6692458 1.6198207 0.6515957 4.469227 1.3783582 16.629478 -2.8782849311828613 0.6856956481933594
Pedestrian 0.0 0 2.068053960800171 494.62005615234375 179.3129425048828 521.6995849609375 226.75534057617188 0.77070653 1.803235 0.76510876 -3.6249402 1.7211335 27.797628 1.9383810758590698 0.58261638879776
Pedestrian 0.0 0 -1.8751739263534546 808.8767700195312 168.91799926757812 843.1295166015625 244.42245483398438 0.59124285 1.6364902 0.5692668 4.9163814 1.3650119 15.8633585 -1.5746407508850098 0.5057000517845154
Pedestrian 0.0 0 2.00240159034729 503.6073913574219 174.2373504638672 524.8202514648438 217.3949737548828 0.7706863 1.7100303 0.5795009 -3.5248065 1.4232696 28.915329 1.8810991048812866 0.4665023982524872
Pedestrian 0.0 0 -1.0572108030319214 853.1775512695312 186.2863311767578 919.8423461914062 297.5335388183594 0.7480726 1.6827028 0.71015024 4.4874163 1.7634952 11.418147 -0.6827470660209656 0.38558870553970337
Pedestrian 0.0 0 2.6732065677642822 690.4089965820312 172.16909790039062 716.0989379882812 215.1012420654297 0.81920415 1.7605653 0.7269081 4.22291 1.3789121 29.931026 2.8133695125579834 0.3273566961288452
Pedestrian 0.0 0 -3.20436692237854 768.9821166992188 157.28726196289062 887.4771728515625 374.0 0.86548024 1.6677722 0.8235381 1.7694561 1.4872285 5.8943686 -2.912731885910034 0.31295326352119446
Pedestrian 0.0 0 -0.5607424378395081 883.8775634765625 164.17169189453125 943.0050659179688 230.70135498046875 1.3391834 1.7205957 0.5583402 8.193877 1.2736235 18.952782 -0.1526786834001541 0.30310171842575073
Pedestrian 0.0 0 -0.35101282596588135 610.877197265625 184.0723114013672 631.51025390625 219.80038452148438 0.8088217 1.7061179 0.69731784 0.9460205 1.8333677 34.824974 -0.3238545060157776 0.27896028757095337
Pedestrian 0.0 0 -3.1960535049438477 666.2308959960938 174.7620849609375 689.24755859375 203.43312072753906 1.4670403 1.8631579 0.5907552 4.997246 1.4259981 47.010357 -3.0901503562927246 0.2726403474807739
Pedestrian 0.0 0 -2.008596897125244 391.1256408691406 172.18258666992188 454.2034606933594 260.37115478515625 1.7735586 1.7743074 0.60518235 -3.8744652 1.5880897 15.327959 -2.2561819553375244 0.20668376982212067
Cyclist 0.0 0 -2.149014949798584 860.9685668945312 159.23716735839844 1056.6690673828125 374.0 1.80446 1.7284812 0.48785588 2.7391798 1.5775094 5.8414316 -1.7105367183685303 0.5875186920166016
Cyclist 0.0 0 -2.0125091075897217 392.6245422363281 175.2455291748047 455.3796691894531 262.05133056640625 1.772147 1.7515078 0.59681576 -3.8550704 1.6265527 15.365607 -2.2583248615264893 0.4067884683609009
Cyclist 0.0 0 -1.2838386297225952 230.27395629882812 172.04550170898438 248.3818359375 199.62261962890625 1.668924 1.7442715 0.5962826 -23.325588 1.1469853 46.306904 -1.750455617904663 0.3752272427082062
Cyclist 0.0 0 -0.550717830657959 881.2600708007812 164.37498474121094 944.8565673828125 231.8681640625 1.4678125 1.7454383 0.5518061 8.18313 1.3037431 18.951973 -0.14311639964580536 0.28088149428367615
Cyclist 0.0 0 -1.5401053428649902 613.64990234375 184.15882873535156 628.5870361328125 219.80677795410156 0.8942493 1.703036 0.6987171 0.9504472 1.8346583 34.850834 -1.5128402709960938 0.19787828624248505
Cyclist 0.0 0 -3.1960535049438477 666.2308959960938 174.7620849609375 689.24755859375 203.43312072753906 1.4670403 1.8631579 0.5907552 4.997246 1.4259981 47.010357 -3.0901503562927246 0.10276618599891663
Car 0.0 0 1.6814167499542236 550.4768676757812 168.62461853027344 603.7139282226562 215.52870178222656 4.734361 2.0651915 2.009862 -1.0799732 1.4992394 34.064793 1.6497238874435425 0.7500500679016113
Car 0.0 0 1.556577205657959 624.1300048828125 173.89083862304688 645.7362670898438 194.70140075683594 3.861865 1.5464886 1.6016108 2.5719304 0.98161364 55.334564 1.6030234098434448 0.3788384199142456
