Pedestrian 0.0 0 -3.3552119731903076 828.4725341796875 118.85784149169922 888.2359008789062 222.4661865234375 0.90689915 1.8179916 0.6183039 4.414452 0.8708913 13.016368 -3.0282390117645264 0.32083210349082947
Pedestrian 0.0 0 -1.559290885925293 890.17431640625 136.0813751220703 917.6029052734375 200.63674926757812 1.6865429 1.7864643 0.7076561 8.464176 0.7692003 20.879126 -1.174147129058838 0.17486567795276642
Pedestrian 0.0 0 1.358323097229004 852.9920654296875 129.01858520507812 897.5704956054688 211.6743927001953 1.0540085 1.8914818 0.7825435 6.21499 0.88871753 17.084124 1.7072275876998901 0.15123595297336578
Pedestrian 0.0 0 1.9776430130004883 351.8607482910156 189.45640563964844 384.794677734375 236.89886474609375 1.2294451 1.6503928 0.7063179 -8.803044 2.2681718 26.188488 1.653367042541504 0.12838761508464813
Cyclist 0.0 0 -1.570401668548584 889.387939453125 137.06971740722656 918.1482543945312 201.69287109375 1.7396985 1.7854038 0.74090946 8.449123 0.79711634 20.877151 -1.1858444213867188 0.27356281876564026
Cyclist 0.0 0 1.9027475118637085 352.4845886230469 189.5176239013672 383.0787353515625 237.57908630371094 1.5106469 1.6521155 0.5905941 -8.784781 2.272399 26.082747 1.577876329421997 0.14465954899787903
Cyclist 0.0 0 1.3685086965560913 851.9197387695312 130.50656127929688 894.1047973632812 211.81045532226562 1.0918231 1.8688366 0.7354394 6.1950183 0.89580435 17.175388 1.7146763801574707 0.11577637493610382
Cyclist 0.0 0 -0.22883078455924988 827.7994995117188 119.40160369873047 892.6525268554688 223.50576782226562 0.992599 1.8272694 0.6010222 4.4454155 0.88941383 13.010658 0.10040831565856934 0.10173214226961136
Car 0.0 0 -1.780686378479004 546.7256469726562 172.52879333496094 580.5485229492188 195.9801788330078 3.7093647 1.6334766 1.7039965 -3.423243 1.611182 52.271473 -1.8460826873779297 0.6625856757164001
Car 0.0 0 -1.6523596048355103 429.3776550292969 176.20785522460938 457.94842529296875 199.25498962402344 3.856057 1.4967406 1.5964803 -11.482406 1.737051 49.54051 -1.8801161050796509 0.21007341146469116
