Pedestrian 0.0 0 2.775736093521118 510.2735900878906 175.8253936767578 552.5980224609375 238.81411743164062 0.9424062 1.7185422 0.84571314 -2.002514 1.5648767 20.185152 2.6768524646759033 0.6682628393173218
Pedestrian 0.0 0 -1.1789889335632324 257.2723388671875 156.0503387451172 393.7673034667969 374.0 0.85980076 1.7355307 0.82546675 -2.3696632 1.5349271 6.1383104 -1.5474073886871338 0.45514529943466187
Pedestrian 0.0 0 2.884507656097412 727.0872802734375 165.28688049316406 765.2465209960938 238.69227600097656 0.7444347 1.7128439 0.6663229 3.4056504 1.3357315 17.114153 3.0809378623962402 0.2238662838935852
Pedestrian 0.0 0 -0.2255430817604065 782.6929321289062 144.12628173828125 830.7362060546875 214.50848388671875 1.0739192 1.7679617 0.59396124 5.2051845 0.8303382 18.36534 0.05063819885253906 0.16886432468891144
Pedestrian 0.0 0 1.4303275346755981 701.6220703125 159.96141052246094 738.7783813476562 244.9106903076172 1.806199 1.7330748 0.5375898 2.5125241 1.2949004 15.560545 1.5904134511947632 0.16609445214271545
Pedestrian 0.0 0 1.4023737907409668 0.0 105.68941497802734 95.99491119384766 314.6808776855469 0.7243354 1.8088197 0.74395347 -5.331673 1.1540635 6.7333302 0.7326326370239258 0.13482342660427094
Pedestrian 0.0 0 -2.3483657836914062 407.33740234375 150.2664031982422 432.3721008300781 196.396484375 0.84753364 1.9185854 0.60489386 -7.68787 0.62053806 30.351833 -2.596440076828003 0.11352700740098953
Pedestrian 0.0 0 -3.4064877033233643 782.719482421875 160.75381469726562 819.595703125 225.81427001953125 0.8097372 1.6939895 0.5994348 5.2442007 1.1549896 19.00228 -3.1372129917144775 0.11119644343852997
Pedestrian 0.0 0 2.1645920276641846 171.80099487304688 127.2483139038086 246.04977416992188 258.2337646484375 0.68701094 1.7690573 0.6401415 -5.532945 1.0376719 10.070323 1.6621860265731812 0.11081865429878235
Cyclist 0.0 0 3.2825162410736084 403.92742919921875 154.9901885986328 504.09075927734375 250.02197265625 1.8057086 1.7631652 0.57667154 -2.8217742 1.2725805 13.669257 3.0789437294006348 0.30297601222991943
Cyclist 0.0 0 1.4303275346755981 701.6220703125 159.96141052246094 738.7783813476562 244.9106903076172 1.806199 1.7330748 0.5375898 2.5125241 1.2949004 15.560545 1.5904134511947632 0.29760369658470154
Cyclist 0.0 0 1.3020107746124268 785.0369873046875 143.62237548828125 825.5371704101562 216.05555725097656 1.7115607 1.7657019 0.55498683 5.1553507 0.84355205 18.365345 1.5756784677505493 0.19232513010501862
Cyclist 0.0 0 1.9427484273910522 254.1708526611328 157.56222534179688 394.2085876464844 374.0 0.970769 1.7341546 0.821285 -2.3724046 1.5472404 6.134796 1.5737487077713013 0.17602570354938507
