Pedestrian 0.0 0 -2.0189125537872314 1163.7896728515625 140.04025268554688 1212.65087890625 223.61766052246094 0.6766804 1.7859572 0.60065544 12.610317 1.0851214 15.812557 -1.345705509185791 0.17642277479171753
Pedestrian 0.0 0 1.0403175354003906 997.017578125 159.34451293945312 1022.2314453125 199.5277099609375 0.75418574 1.8672311 0.7588128 18.73837 1.2398307 33.912357 1.5451185703277588 0.13931937515735626
Pedestrian 0.0 0 -0.8914688229560852 788.6688232421875 139.5753173828125 816.8665771484375 198.0157928466797 0.68842995 1.9023502 0.605921 6.3485675 0.81942326 23.932507 -0.6321711540222168 0.1271335333585739
Pedestrian 0.0 0 -0.5290569067001343 857.0076293945312 153.13497924804688 900.1163330078125 229.02122497558594 0.7453964 1.7688787 0.6310908 6.343265 1.3095942 17.19181 -0.1755831092596054 0.12364587187767029
Pedestrian 0.0 0 1.2915823459625244 952.5020751953125 149.65164184570312 1005.60205078125 249.8671112060547 0.75783604 1.8163011 0.7012655 6.8451085 1.3961402 13.512603 1.7604738473892212 0.12095186859369278
Cyclist 0.0 0 1.3090426921844482 629.4022216796875 177.89796447753906 645.7930297851562 204.65487670898438 1.8764168 1.7617183 0.6432176 1.8294348 2.1105666 48.86254 1.3464657068252563 0.7212543487548828
Car 0.0 0 -1.599169373512268 578.1219482421875 182.62892150878906 606.6051635742188 210.84791564941406 3.7887158 1.6930151 1.723359 -1.2061297 2.3505344 46.567486 -1.6250642538070679 0.8858107328414917
Car 0.0 0 -0.4774055778980255 225.10133361816406 168.47189331054688 288.1083679199219 190.70327758789062 3.9800744 1.621249 1.6460806 -26.772776 1.3020363 54.704838 -0.9325406551361084 0.20049060881137848
Car 0.0 0 2.271977186203003 56.05418014526367 190.37905883789062 148.92025756835938 224.1060028076172 4.252043 1.6361593 1.8492144 -27.681328 2.6491196 39.487514 1.6605706214904785 0.15903790295124054
Car 0.0 0 1.7602818012237549 435.04205322265625 195.47805786132812 473.21502685546875 220.92901611328125 4.277615 1.450799 1.6614183 -10.153752 2.9963405 47.11986 1.548039436340332 0.13668768107891083
Car 0.0 0 0.1552683711051941 893.7049560546875 165.24513244628906 940.835693359375 183.08670043945312 3.5794516 1.5145895 1.5615861 26.739141 0.8690215 62.858765 0.557464599609375 0.12357114255428314
Car 0.0 0 1.8223912715911865 484.2294921875 187.74530029296875 518.224853515625 209.21844482421875 3.7447445 1.4592943 1.6208916 -8.077228 2.607629 53.675632 1.6730297803878784 0.11075153201818466
Car 0.0 0 1.775687575340271 394.4759521484375 189.23464965820312 453.7736511230469 230.3021240234375 3.6651201 1.4214472 1.5396177 -7.2636957 2.1073072 28.326254 1.5246665477752686 0.10950968414545059
