Pedestrian 0.0 0 1.3629430532455444 672.7324829101562 181.72607421875 695.682373046875 230.1002655029297 0.83647627 1.7081748 0.6656424 2.6338959 2.0349596 26.093039 1.4635447263717651 0.22484536468982697
Pedestrian 0.0 0 -1.6838605403900146 733.7740478515625 167.89730834960938 746.4519653320312 200.3697052001953 1.6716948 1.7838235 0.51211953 7.2583523 1.5118926 40.48443 -1.506457805633545 0.15723110735416412
Pedestrian 0.0 0 -0.2649894952774048 1104.2025146484375 197.86314392089844 1171.5426025390625 291.39617919921875 0.9284655 1.7127484 0.56205606 10.075109 2.2086406 13.866214 0.36336278915405273 0.15586335957050323
Pedestrian 0.0 0 -0.7539759874343872 799.2715454101562 156.27415466308594 825.1760864257812 203.4421844482422 0.79976135 1.8689535 0.6153065 8.097463 1.2123632 29.044952 -0.48208898305892944 0.1359710693359375
Pedestrian 0.0 0 -1.7513439655303955 775.1376953125 165.32334899902344 801.5274658203125 209.8189697265625 0.8924451 1.8551772 0.93831927 7.502523 1.5415561 30.55432 -1.5105607509613037 0.10455475747585297
Pedestrian 0.0 0 -2.0374109745025635 1084.5145263671875 144.5872039794922 1143.3092041015625 246.7791290283203 0.66323745 1.7451577 0.61374587 8.797373 1.2627963 12.69022 -1.4312360286712646 0.10024474561214447
Cyclist 0.0 0 -1.5379488468170166 859.1193237304688 152.94178771972656 883.61083984375 210.75234985351562 1.7445003 1.7942555 0.6906534 8.417739 1.1766019 23.329597 -1.1916693449020386 0.5009881258010864
Cyclist 0.0 0 -1.6895595788955688 733.866455078125 168.0618896484375 746.5896606445312 200.3479766845703 1.6365601 1.7737608 0.5094264 7.262252 1.5108458 40.46955 -1.5119996070861816 0.35564985871315
Cyclist 0.0 0 -0.2539141774177551 1098.048828125 194.21580505371094 1203.4456787109375 289.7337646484375 1.485276 1.7014918 0.6383577 10.162369 2.1240127 13.681967 0.3849349021911621 0.14548438787460327
Car 0.0 0 1.9958313703536987 236.31959533691406 184.2720184326172 328.6429748535156 231.83242797851562 4.3520284 1.7617098 1.8537827 -13.497211 2.270469 29.947119 1.5723942518234253 0.9234819412231445
Car 0.0 0 1.8509197235107422 348.4599914550781 191.73880004882812 384.9058837890625 212.65457153320312 4.1796865 1.4895047 1.6545571 -19.309189 3.0463724 57.34265 1.5261121988296509 0.14354480803012848
Car 0.0 0 2.298954963684082 69.5226058959961 198.52203369140625 157.55819702148438 231.19117736816406 3.8359542 1.5030085 1.7468623 -26.32924 2.9400258 38.369267 1.6975466012954712 0.11543059349060059
Car 0.0 0 -1.4884061813354492 728.2349243164062 175.59182739257812 758.3905639648438 201.30979919433594 3.6396437 1.4998146 1.5344265 8.212932 1.6762714 44.449753 -1.3056979179382324 0.10152339935302734
