Pedestrian 0.0 0 1.199620246887207 706.997314453125 178.5155029296875 756.1604614257812 271.6664123535156 0.83646727 1.8260761 0.7307662 2.4127288 1.9454887 14.68555 1.3624582290649414 0.21551071107387543
Pedestrian 0.0 0 -0.2757483124732971 767.0691528320312 154.73548889160156 813.1760864257812 228.99412536621094 0.9376441 1.7631506 0.66040194 4.303905 1.333314 17.475061 -0.03426594287157059 0.2061215490102768
Pedestrian 0.0 0 1.812758207321167 317.1340637207031 152.0860595703125 340.7620544433594 205.56082153320312 0.7347614 1.8081261 0.59939855 -9.698331 1.106264 24.797731 1.439949870109558 0.1943293660879135
Pedestrian 0.0 0 1.5785715579986572 260.3398742675781 132.9007110595703 290.1839904785156 206.1275634765625 1.2384183 1.8446164 0.6875005 -8.801429 0.83853364 18.879156 1.142329216003418 0.12596501410007477
Cyclist 0.0 0 -1.5800857543945312 258.0871887207031 148.46688842773438 288.5363464355469 222.21731567382812 1.8356898 1.8083414 0.6824422 -8.768355 1.210734 18.664202 -2.0192790031433105 0.20645470917224884
Car 0.0 0 1.7710109949111938 240.3131866455078 185.3326416015625 411.24267578125 315.59991455078125 3.668869 1.6002355 1.7281834 -4.2285705 1.8277705 11.183658 1.4095230102539062 0.8065908551216125
Car 0.0 0 2.9533209800720215 575.7778930664062 170.89950561523438 659.58056640625 201.0499725341797 4.6754603 1.7193087 1.7859911 0.3909068 1.6082131 42.437523 2.9625320434570312 0.7966518998146057
Car 0.0 0 1.6862072944641113 433.883056640625 179.54559326171875 463.5886535644531 202.63853454589844 4.014848 1.5113134 1.5788978 -11.273948 1.9993284 50.501503 1.4665688276290894 0.37223297357559204
Car 0.0 0 1.2683610916137695 541.7052001953125 176.08241271972656 567.9854736328125 191.61795043945312 3.3487015 1.4171216 1.5550174 -5.271696 1.7318912 68.42384 1.1914682388305664 0.1634521782398224
Car 0.0 0 -2.2573745250701904 757.42138671875 156.10105895996094 810.7960205078125 181.1967010498047 4.5080223 1.9862548 1.8342142 14.2825 0.6606602 59.533466 -2.0219173431396484 0.155495747923851
Car 0.0 0 -1.1335866451263428 748.7813720703125 175.28488159179688 791.66552734375 196.54916381835938 3.791828 1.4762805 1.5936617 11.668555 1.6603329 52.533466 -0.9150183200836182 0.1514550745487213
