Pedestrian 0.0 0 1.3533085584640503 647.3556518554688 159.0423126220703 678.8016357421875 228.79884338378906 0.8665884 1.7687296 0.6404557 1.5625217 1.2004782 18.68352 1.4367454051971436 0.8064002990722656
Pedestrian 0.0 0 -1.3976545333862305 378.5852966308594 167.02964782714844 408.9883117675781 220.50494384765625 1.054067 1.7718728 0.8236373 -7.056922 1.2934916 24.367617 -1.6795451641082764 0.7931167483329773
Pedestrian 0.0 0 -1.422163963317871 93.2471694946289 155.1004638671875 172.25234985351562 328.5685729980469 0.6364915 1.7973785 0.63964224 -5.1572304 1.5252047 7.863257 -2.002650737762451 0.7023117542266846
Pedestrian 0.0 0 -1.8903460502624512 0.0 151.861328125 136.61622619628906 374.0 0.6776049 1.6041586 0.63823724 -3.3304958 1.4477836 4.275489 -2.5521342754364014 0.6193399429321289
Pedestrian 0.0 0 -1.6299536228179932 207.3775177001953 164.26629638671875 300.9117126464844 355.69464111328125 0.8846132 1.6891198 0.75215596 -3.4028108 1.5384355 6.9061894 -2.087759494781494 0.5090721845626831
Pedestrian 0.0 0 1.1841174364089966 182.05479431152344 158.58261108398438 244.5814666748047 300.6319885253906 0.5439708 1.6751441 0.5081248 -4.8220263 1.4062319 8.837296 0.6846239566802979 0.5043253898620605
Pedestrian 0.0 0 1.4787265062332153 682.9959106445312 148.45582580566406 711.248046875 219.23519897460938 0.8903639 1.8075187 0.65080136 2.463124 0.9648359 18.79906 1.6090081930160522 0.4649623930454254
Pedestrian 0.0 0 1.0523808002471924 81.68423461914062 161.1207733154297 158.65237426757812 291.76513671875 0.6554754 1.7677628 0.6674527 -6.8465767 1.4933335 10.16171 0.45948195457458496 0.44294145703315735
Pedestrian 0.0 0 1.2198742628097534 727.0377197265625 167.65487670898438 770.9307861328125 249.88636779785156 0.8638217 1.7273567 0.6730337 3.1489468 1.437759 15.564445 1.4194964170455933 0.41255345940589905
Pedestrian 0.0 0 1.9708218574523926 112.58987426757812 168.51025390625 188.9817352294922 320.980712890625 0.6172635 1.7885023 0.59952116 -5.535919 1.6374768 8.776677 1.4080959558486938 0.3970552384853363
Pedestrian 0.0 0 3.119783401489258 466.1145324707031 169.19837951660156 483.19610595703125 199.61227416992188 0.99803513 1.8107044 0.53309506 -7.6101456 1.0790843 43.12264 2.9451050758361816 0.3790569305419922
Pedestrian 0.0 0 1.3279836177825928 0.0 170.23785400390625 66.50065612792969 317.5626525878906 0.49143672 1.8068975 0.7014423 -7.430563 1.6701102 9.235463 0.6504631042480469 0.3638286590576172
Pedestrian 0.0 0 2.75107741355896 501.4322814941406 168.18899536132812 531.0999145507812 216.2592010498047 0.93914366 1.7793149 0.6371573 -3.2339745 1.2876471 27.0936 2.6322765350341797 0.2791396677494049
Pedestrian 0.0 0 0.08367985486984253 65.55696868896484 192.50416564941406 101.01201629638672 253.2703399658203 0.7756844 1.7030234 0.75459814 -15.052102 2.0314827 20.841902 -0.5417931079864502 0.2774331271648407
Cyclist 0.0 0 1.592267394065857 423.49981689453125 160.320556640625 470.7328796386719 256.3166809082031 1.7651875 1.7301283 0.83781046 -3.0046217 1.3496832 13.890073 1.3792352676391602 0.9331082701683044
Cyclist 0.0 0 1.6177831888198853 469.8348388671875 169.70098876953125 479.42718505859375 199.85386657714844 1.2686374 1.784258 0.5103493 -7.6127586 1.0868338 43.165604 1.4432165622711182 0.4372127056121826
Cyclist 0.0 0 1.9484326839447021 502.37408447265625 168.213623046875 528.1306762695312 216.21603393554688 0.8809576 1.77683 0.68995786 -3.265982 1.2860669 27.100727 1.828498363494873 0.11488896608352661
Cyclist 0.0 0 1.2198742628097534 727.0377197265625 167.65487670898438 770.9307861328125 249.88636779785156 0.8638217 1.7273567 0.6730337 3.1489468 1.437759 15.564445 1.4194964170455933 0.1009393185377121
Car 0.0 0 1.8483302593231201 211.36056518554688 183.0633544921875 404.1363830566406 299.24127197265625 4.351329 1.491128 1.668662 -4.4528804 1.522341 11.519689 1.4794763326644897 0.9184790849685669
Car 0.0 0 -1.723462700843811 0.0 163.22418212890625 82.60369110107422 221.3325653076172 4.938687 1.8177835 2.0805073 -19.88129 1.2471757 24.90703 -2.3971173763275146 0.3574318587779999
