Pedestrian 0.0 0 -1.175441861152649 150.4810028076172 154.5872802734375 290.3344421386719 362.93505859375 0.9149147 1.7199801 0.81695265 -3.4095795 1.4991955 6.420818 -1.6635960340499878 0.8372378349304199
Pedestrian 0.0 0 -3.1509783267974854 736.3974609375 172.63368225097656 776.5079956054688 258.06805419921875 0.81236935 1.7609122 0.7181933 3.2436855 1.579404 15.235949 -2.941213369369507 0.8208016157150269
Pedestrian 0.0 0 -1.3055424690246582 467.0155334472656 181.01109313964844 496.98614501953125 232.56393432617188 0.9565999 1.8749356 0.8781278 -4.442101 1.8582009 26.642416 -1.4707531929016113 0.7078070640563965
Pedestrian 0.0 0 -2.161162853240967 1067.9630126953125 150.0090789794922 1213.0185546875 347.28814697265625 0.78495735 1.6402445 0.7105973 4.696291 1.3798064 6.377707 -1.5264484882354736 0.6984476447105408
Pedestrian 0.0 0 -1.6257070302963257 850.4830932617188 155.45370483398438 875.5376586914062 215.42750549316406 0.89298344 1.736192 0.6478381 7.7242856 0.98330986 21.313568 -1.2780181169509888 0.6655411124229431
Pedestrian 0.0 0 -0.7330751419067383 1141.1845703125 152.39788818359375 1226.2578125 248.20079040527344 1.0599046 1.775845 0.70565856 11.043478 1.2376585 13.693887 -0.05441172793507576 0.6617295742034912
Pedestrian 0.0 0 -2.513096332550049 732.9785766601562 168.40676879882812 872.115966796875 374.0 0.82433367 1.6876479 0.696414 1.5534106 1.5937599 5.764651 -2.2498769760131836 0.6422592401504517
Pedestrian 0.0 0 -1.469362735748291 465.2228698730469 175.8894500732422 484.8815612792969 222.9824981689453 0.8698735 1.7935263 0.66675055 -4.9068584 1.5808749 27.813128 -1.6439882516860962 0.5182213187217712
Pedestrian 0.0 0 -1.6521137952804565 756.0191650390625 170.1072998046875 786.3357543945312 242.90658569335938 0.7162072 1.6132234 0.61122996 3.811392 1.3619819 16.314903 -1.4226155281066895 0.4740581214427948
Pedestrian 0.0 0 -2.0593063831329346 1001.0362548828125 174.55706787109375 1044.0191650390625 250.1265106201172 0.754405 1.6185449 0.5189315 9.19752 1.4710693 15.76982 -1.531304955482483 0.39452001452445984
Pedestrian 0.0 0 -1.9836125373840332 318.7584533691406 177.70999145507812 379.11761474609375 276.34423828125 0.9870561 1.6941779 0.6842774 -4.591972 1.630359 12.929735 -2.32486629486084 0.3875875174999237
Pedestrian 0.0 0 -1.0024502277374268 879.2771606445312 189.44265747070312 967.4437255859375 334.3913879394531 0.7010066 1.7453457 0.77880174 4.079672 1.8543962 9.221927 -0.5859442353248596 0.3744312822818756
Pedestrian 0.0 0 0.13155478239059448 638.3385620117188 176.9145965576172 655.321044921875 205.9791259765625 0.9917741 1.8033206 0.5947518 2.8490505 1.51955 44.954548 0.19484639167785645 0.36750921607017517
Pedestrian 0.0 0 1.7790629863739014 563.5319213867188 176.76800537109375 584.7379150390625 218.41244506835938 0.8686599 1.8058617 0.77177036 -1.2109263 1.6016248 31.640497 1.7408102750778198 0.3548896908760071
Pedestrian 0.0 0 2.2695653438568115 878.836669921875 165.60311889648438 944.3609008789062 236.56370544433594 1.5261718 1.6259197 0.585963 7.336595 1.2628849 17.061155 2.675678253173828 0.24117054045200348
Cyclist 0.0 0 2.273885488510132 877.0491943359375 166.14634704589844 946.1344604492188 237.42684936523438 1.6438043 1.6309342 0.5837115 7.337521 1.2808454 17.060585 2.68005633354187 0.5249345898628235
Cyclist 0.0 0 -2.0429139137268066 877.5733642578125 187.04454040527344 969.8795776367188 324.93743896484375 0.948834 1.6668698 0.72364795 4.0600224 1.7431542 9.214682 -1.6279014348983765 0.3582308292388916
Cyclist 0.0 0 -1.866730809211731 321.9889831542969 178.04248046875 377.1170349121094 276.9151306152344 0.94482964 1.6988585 0.6877035 -4.5804687 1.6407305 12.924313 -2.2073264122009277 0.21082031726837158
Cyclist 0.0 0 -1.7302087545394897 846.8712768554688 156.35867309570312 876.7221069335938 216.42164611816406 0.9039057 1.7421482 0.69660616 7.697026 1.0140505 21.341711 -1.384072184562683 0.16836047172546387
Cyclist 0.0 0 -1.8907719850540161 742.2973022460938 170.4080047607422 865.36328125 374.0 0.8913588 1.6461344 0.7033374 1.5489081 1.5650359 5.805757 -1.6300560235977173 0.13701419532299042
Cyclist 0.0 0 -0.7201774716377258 1140.8695068359375 152.50827026367188 1226.700439453125 249.15261840820312 1.075663 1.7931345 0.701761 11.047751 1.2564863 13.698216 -0.04147946462035179 0.10009302943944931
Car 0.0 0 1.6962460279464722 507.17864990234375 169.32997131347656 567.28125 222.2241973876953 4.834022 2.1518083 2.045923 -2.7456555 1.6577086 31.675278 1.6097807884216309 0.8447822332382202
Car 0.0 0 1.7183080911636353 575.4807739257812 171.89683532714844 611.4906005859375 203.1626434326172 4.423063 1.9827045 1.7691358 -0.4679007 1.3744403 47.862274 1.708532452583313 0.38661953806877136
