Pedestrian 0.0 0 -1.7060301303863525 932.8363647460938 153.1284637451172 964.3710327148438 220.48805236816406 0.7393322 1.845247 0.7034694 9.5002775 0.9673817 20.146854 -1.2653993368148804 0.2495536506175995
Pedestrian 0.0 0 -0.3174057602882385 1000.1685791015625 120.81609344482422 1057.1754150390625 238.1597442626953 0.62803894 1.8598039 0.66461045 6.8334 0.8402523 11.779568 0.20825743675231934 0.22589673101902008
Cyclist 0.0 0 -1.477821946144104 867.3505859375 161.42495727539062 885.432373046875 204.06881713867188 1.8511882 1.855605 0.59262156 12.023212 0.82150644 32.238853 -1.1208570003509521 0.3752262592315674
Cyclist 0.0 0 2.412714958190918 425.63641357421875 185.23036193847656 459.32952880859375 223.90321350097656 1.4031923 1.6377139 0.5684627 -7.1944656 1.6394967 31.175829 2.1859147548675537 0.20884540677070618
Car 0.0 0 -1.4795942306518555 725.9215087890625 181.15188598632812 785.2386474609375 228.62814331054688 3.9038649 1.5989735 1.7792141 5.4429483 1.4632382 26.33315 -1.2757688760757446 0.9384652972221375
Car 0.0 0 -1.33431077003479 193.22145080566406 202.43209838867188 252.93338012695312 235.55960083007812 4.155962 1.3807757 1.5937122 -18.388151 2.2604742 34.468597 -1.8243787288665771 0.7517598867416382
Car 0.0 0 -1.20191490650177 796.1127319335938 179.71836853027344 837.341552734375 201.1397247314453 3.7314548 1.4959285 1.6395648 15.178118 1.1131626 52.176933 -0.918830156326294 0.5401235222816467
Car 0.0 0 -1.4421385526657104 244.9959716796875 191.60684204101562 285.69317626953125 221.93130493164062 3.6426926 1.6695437 1.7158155 -20.174578 2.065554 42.413227 -1.8861310482025146 0.47937270998954773
Car 0.0 0 -1.3582611083984375 268.932373046875 183.50030517578125 307.51263427734375 209.4810791015625 3.9814036 1.784622 1.7258185 -22.855803 1.6679223 51.49923 -1.7759543657302856 0.3364744186401367
Car 0.0 0 -0.43888798356056213 809.0933227539062 187.80506896972656 937.2392578125 232.18853759765625 3.8267214 1.4678164 1.6352295 9.085091 1.5620822 24.868214 -0.08862244337797165 0.24582894146442413
