Pedestrian 0.0 0 2.2365448474884033 412.5458679199219 177.47219848632812 449.71600341796875 228.94329833984375 0.9521836 1.8003237 0.903911 -6.475004 1.9708538 25.965181 1.992156744003296 0.36356121301651
Pedestrian 0.0 0 1.091004490852356 467.9766845703125 164.39013671875 501.1408996582031 226.3004913330078 1.2416561 1.9895544 0.5690876 -4.199565 1.7179173 23.850449 0.9167120456695557 0.24052807688713074
Cyclist 0.0 0 0.9787786602973938 466.7035217285156 166.20339965820312 508.73272705078125 228.69146728515625 1.5988188 2.0003934 0.57379675 -4.1024437 1.7878495 23.871742 0.8085875511169434 0.3894523084163666
Cyclist 0.0 0 -1.965549111366272 679.7276611328125 159.32200622558594 721.1970825195312 214.08811950683594 1.708359 1.7525141 0.76721066 2.9450297 1.3198487 24.012379 -1.8435122966766357 0.23545774817466736
Car 0.0 0 -1.8415613174438477 249.95806884765625 188.6366729736328 353.587646484375 251.35910034179688 3.7433615 1.4830232 1.6920155 -8.678206 1.9653864 20.045439 -2.250126838684082 0.9002425074577332
Car 0.0 0 -1.8008882999420166 223.40374755859375 188.26449584960938 296.5285949707031 238.4085693359375 3.331709 1.5431894 1.5597085 -12.254413 2.1174128 25.082647 -2.255343198776245 0.7160980701446533
Car 0.0 0 -1.7207105159759521 163.55889892578125 187.65931701660156 209.66058349609375 217.8883056640625 3.8210976 1.4838346 1.6107101 -23.162325 2.3326538 39.356117 -2.252654790878296 0.6407327651977539
Car 0.0 0 -1.8917720317840576 189.5435028076172 191.1827392578125 264.3068542480469 232.33822631835938 3.606112 1.4387889 1.555707 -15.282233 2.2125087 28.636084 -2.3819918632507324 0.48385167121887207
Car 0.0 0 -1.4713575839996338 17.48792839050293 175.81527709960938 74.92747497558594 217.79202270507812 3.656683 1.70375 1.6231655 -24.609743 1.8416927 31.54153 -2.1339287757873535 0.4367382526397705
Car 0.0 0 -1.641933798789978 127.14183807373047 184.68438720703125 154.5228271484375 205.2196502685547 3.6239035 1.5641806 1.6247154 -38.486336 2.5656672 59.121433 -2.218991279602051 0.2688235938549042
