Pedestrian 0.0 0 0.287619948387146 330.9426574707031 183.72921752929688 357.0296325683594 234.9840545654297 0.673269 1.6569169 0.5660528 -8.460094 1.7320197 23.546982 -0.05730316415429115 0.26620376110076904
Pedestrian 0.0 0 -0.543391227722168 1017.7328491210938 133.18997192382812 1073.0391845703125 215.80735778808594 0.8459202 1.7820019 0.5988026 9.714438 0.741213 15.794185 0.008031368255615234 0.23947781324386597
Pedestrian 0.0 0 1.0304224491119385 1131.4132080078125 131.43101501464844 1176.8404541015625 209.3379364013672 0.6749872 1.9249557 0.6527934 13.897512 0.689019 18.11871 1.684731125831604 0.2078181356191635
Cyclist 0.0 0 -3.636678695678711 1007.8543701171875 132.48941040039062 1069.75244140625 216.2373046875 0.996105 1.8071607 0.6050271 9.585972 0.75080794 15.824849 -3.092038869857788 0.16380850970745087
Car 0.0 0 -1.4101377725601196 453.0226745605469 175.76589965820312 545.18310546875 240.17042541503906 3.9909048 1.4021846 1.6114603 -2.422246 1.2785684 17.651056 -1.5465154647827148 0.9459860324859619
Car 0.0 0 -1.5529168844223022 603.4929809570312 172.68161010742188 641.4059448242188 207.9741668701172 3.9723005 1.4906642 1.6028382 0.9669777 1.1191732 32.360096 -1.5230439901351929 0.8570966720581055
Car 0.0 0 -1.4694844484329224 519.4029541015625 174.46939086914062 567.6448364257812 214.60597229003906 3.407401 1.4819422 1.5545763 -2.2389572 1.2233938 28.24063 -1.548600435256958 0.8566526770591736
Car 0.0 0 -1.5413371324539185 565.4185180664062 169.73089599609375 595.5093994140625 197.389892578125 4.091717 1.5692698 1.6741142 -1.2041976 0.90233135 42.800056 -1.569465160369873 0.6123546361923218
Car 0.0 0 -1.5445173978805542 655.5730590820312 157.77304077148438 677.615234375 178.1766815185547 3.8354793 1.5399985 1.639656 5.209597 -0.27188277 56.869785 -1.4531666040420532 0.3252061605453491
Car 0.0 0 -1.3631008863449097 626.18408203125 176.52432250976562 654.4011840820312 194.6205291748047 4.181899 1.4811987 1.5660266 3.365518 1.0744227 61.01666 -1.3079993724822998 0.2587430477142334
Car 0.0 0 -1.4997137784957886 589.9389038085938 168.25071716308594 610.6825561523438 184.96878051757812 3.8174915 1.4283905 1.5636591 -0.039978947 0.29681873 63.330925 -1.50034499168396 0.23818175494670868
Car 0.0 0 2.1810569763183594 0.0 137.4102783203125 257.5878601074219 355.7343444824219 4.1008053 1.8114475 1.604407 -5.657275 1.4470208 8.011504 1.5662195682525635 0.1956867277622223
