Pedestrian 0.0 0 0.7286567091941833 83.81861877441406 175.33364868164062 106.52924346923828 212.85162353515625 0.64418566 1.8018323 0.6271611 -25.038994 1.9238172 35.04207 0.10823822021484375 0.36515456438064575
Cyclist 0.0 0 1.0461909770965576 1125.0306396484375 173.20249938964844 1208.514892578125 282.1572265625 1.6823475 2.1296952 0.60557187 11.459792 2.1377113 14.979483 1.6992436647415161 0.228948175907135
Car 0.0 0 -1.2862377166748047 303.59747314453125 188.7623748779297 465.6247253417969 294.7945251464844 3.7922046 1.5149717 1.709926 -3.8311665 1.8390697 12.778949 -1.5775136947631836 0.9426154494285583
Car 0.0 0 -1.4524301290512085 457.46636962890625 185.19903564453125 497.9926452636719 215.55796813964844 3.4895346 1.4265057 1.6532198 -6.797953 2.0932384 37.152195 -1.633404016494751 0.9423059225082397
Car 0.0 0 1.9566909074783325 245.7568817138672 186.489990234375 317.6811218261719 220.84925842285156 4.5319815 1.5373441 1.720377 -16.48689 2.2691529 36.403313 1.531431794166565 0.8723369836807251
Car 0.0 0 -1.5966756343841553 554.1764526367188 181.5231170654297 580.8262939453125 205.01455688476562 3.8180883 1.3957156 1.6011 -2.792189 1.9759727 46.29197 -1.6569195985794067 0.867061197757721
Car 0.0 0 2.05365252494812 147.14517211914062 184.77490234375 261.40692138671875 240.4375457763672 3.8159626 1.6198314 1.6938488 -13.249061 2.0445027 23.750364 1.5448050498962402 0.8630298376083374
Car 0.0 0 1.88900887966156 404.8963928222656 184.19309997558594 434.81781005859375 201.42796325683594 3.7203116 1.4966521 1.607631 -17.656061 2.580977 67.06752 1.631591558456421 0.3397836685180664
Car 0.0 0 1.6636251211166382 639.5343017578125 180.56398010253906 664.8052368164062 202.0989227294922 3.9532828 1.616469 1.6608576 3.3813431 2.2559016 57.725815 1.7221342325210571 0.28757625818252563
Car 0.0 0 -0.273770272731781 987.4384155273438 168.62486267089844 1108.6318359375 209.8651123046875 3.6768308 1.5119 1.6132033 16.677273 1.3572143 27.713928 0.2679460048675537 0.23221749067306519
