Pedestrian 0.0 0 0.7967999577522278 0.0 112.91297149658203 74.30671691894531 279.917236328125 0.6716981 1.8139819 0.65183824 -6.7238593 1.163267 8.195248 0.10970830917358398 0.30644500255584717
Pedestrian 0.0 0 0.30879896879196167 401.6259460449219 147.5847625732422 463.6473388671875 258.6036071777344 0.8588446 1.8320851 0.6847295 -3.0566049 1.415438 12.273833 0.06472945213317871 0.230781689286232
Pedestrian 0.0 0 2.719858169555664 736.2594604492188 157.82974243164062 759.7880859375 197.82032775878906 0.9843788 1.9373181 0.570718 6.7204638 1.2098355 35.34333 2.9077630043029785 0.17721620202064514
Pedestrian 0.0 0 1.597335696220398 451.4333801269531 157.63665771484375 486.3528747558594 247.3596649169922 0.99650824 1.7753394 0.681025 -2.936846 1.4745932 14.822685 1.401737093925476 0.15021860599517822
Pedestrian 0.0 0 0.5787351131439209 551.483642578125 153.15406799316406 580.5980834960938 207.80494689941406 0.8183613 1.8181486 0.5475509 -1.5334485 1.1631211 24.44171 0.5160782337188721 0.13094033300876617
Pedestrian 0.0 0 -0.776594340801239 859.1715087890625 140.2538604736328 914.9512329101562 214.04702758789062 1.0650272 1.7921095 0.7796746 6.8933625 1.0007545 18.090849 -0.4125376343727112 0.1226871907711029
Pedestrian 0.0 0 -2.359684467315674 267.1546936035156 115.19856262207031 380.01239013671875 320.8727722167969 0.68697435 1.669618 0.6010196 -2.5326123 1.2019417 6.264632 -2.7438676357269287 0.12019013613462448
Pedestrian 0.0 0 -1.6655076742172241 690.5567626953125 171.95510864257812 701.7406005859375 197.15625 0.80833894 1.7259914 0.69260037 5.91681 1.6647851 49.82658 -1.5473130941390991 0.11966338008642197
Pedestrian 0.0 0 1.5429012775421143 542.5635986328125 153.19883728027344 562.1770629882812 214.0088348388672 0.79888684 1.7279854 0.5426751 -1.7237617 1.1698196 20.927402 1.4607181549072266 0.11147741973400116
Cyclist 0.0 0 -1.7712326049804688 846.8841552734375 146.6077880859375 884.7255249023438 221.13099670410156 1.7335882 1.7503856 0.54097366 6.2533593 1.1342782 17.840153 -1.4340931177139282 0.13456612825393677
Car 0.0 0 1.5604395866394043 585.5543823242188 173.42584228515625 624.3251953125 209.77622985839844 4.118743 1.4562017 1.5575904 -0.2852664 1.4828069 31.041616 1.5512499809265137 0.9353562593460083
Car 0.0 0 -2.492983341217041 1010.7168579101562 185.7388458251953 1242.0 375.0 3.5868554 1.4880838 1.5648946 5.6799607 1.6418775 6.669758 -1.7875616550445557 0.20109887421131134
