Car 0.0 0 -1.772220492362976 728.7564697265625 186.20701599121094 829.8829345703125 256.9989318847656 3.7424085 1.4488864 1.6182894 3.8936648 1.8055282 17.362856 -1.5516176223754883 0.9671205282211304
Car 0.0 0 -1.605303406715393 590.4819946289062 187.3422088623047 655.8554077148438 240.34181213378906 3.2951057 1.2939948 1.6813725 0.25471812 1.7332574 20.189898 -1.592687964439392 0.9511942863464355
Car 0.0 0 -1.724705457687378 696.59033203125 178.4830780029297 766.2572631835938 230.38941955566406 4.441645 1.6012979 1.6893904 4.049774 1.8138204 24.966038 -1.5638947486877441 0.891685962677002
Car 0.0 0 -2.0626156330108643 235.8970184326172 181.91366577148438 436.1734924316406 284.1147766113281 3.720113 1.4288859 1.5737084 -4.774395 1.6052754 12.211114 -2.435328722000122 0.8478968143463135
Car 0.0 0 -2.0917675495147705 315.205810546875 180.21279907226562 485.1741943359375 260.6226806640625 4.0235906 1.4313555 1.6208597 -4.5572042 1.6066033 15.173689 -2.3835325241088867 0.8197528719902039
Car 0.0 0 2.240480899810791 0.0 159.82241821289062 150.40870666503906 269.7109375 4.0643015 1.8345805 1.6658319 -11.14455 1.617377 14.075439 1.5707768201828003 0.7121196985244751
Car 0.0 0 -2.279447078704834 413.637939453125 180.15875244140625 536.4835205078125 234.94703674316406 3.8517396 1.5427018 1.6855373 -4.332258 1.7914202 22.669659 -2.4682741165161133 0.7000236511230469
Car 0.0 0 -1.7567646503448486 134.16172790527344 173.4413604736328 349.8748779296875 336.0400390625 3.6491947 1.5796878 1.6900339 -4.7667704 1.5889428 8.974176 -2.245032548904419 0.6901403665542603
Car 0.0 0 -2.329599618911743 493.9602355957031 179.42440795898438 566.2498779296875 210.7281036376953 3.585249 1.4478911 1.5130237 -4.0346985 1.790344 35.831528 -2.4417293071746826 0.6189123392105103
Car 0.0 0 -1.583277940750122 599.3173217773438 178.00729370117188 637.1972045898438 213.5943603515625 3.5334442 1.5229197 1.6481339 0.31328598 1.7727395 33.15647 -1.5738295316696167 0.6054186224937439
Car 0.0 0 -1.6793383359909058 667.6758422851562 171.20648193359375 704.7227172851562 201.45086669921875 3.895123 1.6873007 1.7337168 4.3732815 1.5957456 42.20318 -1.576082468032837 0.5570812225341797
Car 0.0 0 2.1594736576080322 176.22811889648438 175.51947021484375 282.908203125 217.0441436767578 3.9896774 1.4560157 1.6773151 -14.475311 1.5661299 27.635696 1.6769754886627197 0.5404455661773682
