Pedestrian 0.0 0 0.08439821004867554 765.2437744140625 147.47337341308594 807.0253295898438 227.94346618652344 0.88985604 1.817556 0.68967336 4.0482726 1.2446489 16.762154 0.32137298583984375 0.1931188404560089
Pedestrian 0.0 0 -0.6013374328613281 692.733642578125 152.05169677734375 714.3265380859375 193.30215454101562 0.7737097 1.9280919 0.66579884 4.3922176 0.9561275 34.195415 -0.47359222173690796 0.1724652647972107
Pedestrian 0.0 0 1.0428906679153442 657.5193481445312 173.17904663085938 678.8173217773438 202.21377563476562 1.6427814 1.8083296 0.6009367 3.6536999 1.8297244 45.82571 1.122452735900879 0.12347327172756195
Pedestrian 0.0 0 0.0023575127124786377 408.1211242675781 161.2017059326172 433.6954040527344 212.07164001464844 0.9055188 1.8536533 0.68799305 -7.04891 1.4294122 26.736643 -0.25541919469833374 0.12333200871944427
Cyclist 0.0 0 1.6972362995147705 497.6318359375 178.5386199951172 510.8427734375 206.94570922851562 1.5310441 1.7323154 0.63037646 -6.633216 2.0939224 45.078312 1.5511360168457031 0.15658098459243774
Cyclist 0.0 0 1.0341674089431763 657.736572265625 173.42381286621094 678.762939453125 202.22511291503906 1.607107 1.7933952 0.59044653 3.658064 1.8306055 45.810955 1.1138496398925781 0.15643590688705444
Car 0.0 0 1.7529562711715698 423.4241943359375 185.40249633789062 510.9834289550781 249.594970703125 3.6732228 1.4124506 1.5467829 -3.5863585 1.7656039 18.438747 1.5608536005020142 0.9289212822914124
Car 0.0 0 3.339592456817627 0.0 184.0145263671875 185.56405639648438 301.70404052734375 4.1627784 1.5437131 1.7315396 -9.292622 1.7490623 11.519907 2.6608052253723145 0.9243404865264893
Car 0.0 0 2.89996600151062 428.9529724121094 178.2191925048828 505.7898864746094 206.66651916503906 4.0477543 1.5410255 1.5869293 -8.182702 1.8598821 41.254425 2.704160213470459 0.7059194445610046
Car 0.0 0 1.6437451839447021 528.7597045898438 179.9357452392578 557.4767456054688 204.2234649658203 4.037927 1.5441042 1.6573228 -4.5399904 2.0462706 49.090424 1.551525354385376 0.43881353735923767
