Pedestrian 0.0 0 1.2883987426757812 756.6593627929688 123.24603271484375 804.3568115234375 224.61529541015625 0.8345747 1.7388513 0.61235595 2.9620397 0.888252 12.807771 1.515671968460083 0.5668312907218933
Pedestrian 0.0 0 1.6929377317428589 173.2398681640625 175.64805603027344 230.2222900390625 298.9268798828125 0.6665415 1.6383096 0.6152178 -5.71459 1.6791734 10.031499 1.1751223802566528 0.49658694863319397
Cyclist 0.0 0 1.5698477029800415 573.8475952148438 174.42727661132812 583.163330078125 200.36593627929688 1.8745631 1.8025697 0.64846283 -2.265712 1.9166582 51.20581 1.5256294012069702 0.6940925121307373
Cyclist 0.0 0 1.6149322986602783 561.8270263671875 174.13232421875 572.573974609375 200.9610595703125 2.0717738 1.8503995 0.668233 -3.0405517 1.9427869 50.902405 1.5552701950073242 0.4519326686859131
Car 0.0 0 -1.8470391035079956 734.5955200195312 179.56500244140625 924.682373046875 313.79608154296875 3.1650748 1.4717304 1.563414 2.67771 1.5766647 9.653934 -1.576470971107483 0.9394048452377319
Car 0.0 0 -0.9867027997970581 0.0 215.82606506347656 282.57537841796875 375.0 3.491966 1.4141035 1.5787292 -4.190274 1.8638602 5.763651 -1.615332007408142 0.9309383034706116
Car 0.0 0 -1.6889292001724243 661.4354248046875 175.06454467773438 719.2655639648438 222.66851806640625 3.5784762 1.5466703 1.5960718 2.7138395 1.6303807 25.40576 -1.5825128555297852 0.9283857941627502
Car 0.0 0 1.7275203466415405 457.6049499511719 182.0386962890625 514.6637573242188 225.4759063720703 3.920667 1.5712827 1.6592449 -4.9262276 1.9646504 28.901339 1.5586930513381958 0.92681884765625
Car 0.0 0 -1.2403292655944824 310.7594909667969 179.65269470214844 461.0105895996094 276.80120849609375 4.054365 1.6913497 1.7131056 -4.4741607 1.8515886 14.906298 -1.531925916671753 0.8303205966949463
Car 0.0 0 1.6697373390197754 511.7436218261719 181.63571166992188 544.8731079101562 208.98294067382812 4.032768 1.5676501 1.6499671 -5.045842 2.136605 44.687996 1.5573008060455322 0.7366164922714233
Car 0.0 0 -1.4653490781784058 632.6710815429688 176.40391540527344 655.339111328125 193.8368377685547 3.8337705 1.5162592 1.6661208 3.0997 1.8493162 65.59876 -1.4181318283081055 0.3997441828250885
