Pedestrian 0.0 0 -2.736528158187866 533.6268310546875 173.49827575683594 553.5089111328125 215.29598999023438 0.65021044 1.6996007 0.55387074 -2.775226 1.7268149 29.711338 -2.8296642303466797 0.2999032139778137
Pedestrian 0.0 0 -3.486326217651367 1117.2606201171875 179.92832946777344 1175.0076904296875 252.31724548339844 0.9637959 1.8679332 0.9881886 14.305486 2.0640092 19.347391 -2.849642753601074 0.29143303632736206
Pedestrian 0.0 0 -1.760765552520752 1005.5552368164062 166.3774871826172 1044.97802734375 236.01593017578125 1.0765175 1.8145517 0.72687113 11.11622 1.646153 19.425138 -1.2409932613372803 0.196099191904068
Pedestrian 0.0 0 -0.6146048307418823 1082.9287109375 167.55691528320312 1146.8389892578125 242.50990295410156 0.9724061 1.8727978 0.9496806 12.880216 1.7408016 18.503809 -0.006511512212455273 0.16384220123291016
Pedestrian 0.0 0 0.08958405256271362 142.08642578125 159.7259979248047 220.7731475830078 321.99407958984375 0.7210157 1.7545907 0.6393238 -4.9286923 1.6129967 8.24369 -0.44927114248275757 0.15629123151302338
Cyclist 0.0 0 -1.9248905181884766 835.892578125 149.97618103027344 895.5671997070312 240.87181091308594 2.09821 1.8788007 0.54040897 5.5661845 1.4062771 15.965298 -1.5894253253936768 0.9657022953033447
Cyclist 0.0 0 -1.760765552520752 1005.5552368164062 166.3774871826172 1044.97802734375 236.01593017578125 1.0765175 1.8145517 0.72687113 11.11622 1.646153 19.425138 -1.2409932613372803 0.11828991770744324
Car 0.0 0 -1.5866212844848633 571.2076416015625 174.22662353515625 667.43212890625 265.8321533203125 3.1715307 1.6718374 1.763798 0.10577835 1.7033997 14.806721 -1.5794774293899536 0.9277937412261963
Car 0.0 0 -1.611328125 594.304443359375 169.7005157470703 616.2034912109375 188.2312469482422 3.631158 1.4577421 1.6278365 -0.43651256 1.2100263 58.610374 -1.618775725364685 0.42639824748039246
Car 0.0 0 -1.5943821668624878 592.5257568359375 177.93991088867188 626.3142700195312 208.83816528320312 3.6711168 1.4681008 1.6247555 -0.109402664 1.7405902 36.748062 -1.597359299659729 0.3568865954875946
