Pedestrian 0.0 0 1.3661072254180908 821.3864135742188 158.26246643066406 839.6586303710938 205.65432739257812 0.5590736 1.9057945 0.6082187 8.915663 1.3193755 29.318722 1.6613162755966187 0.3433002829551697
Car 0.0 0 1.7959225177764893 363.16912841796875 187.99502563476562 505.2732849121094 290.1020202636719 3.7336328 1.4686327 1.6279486 -2.9868639 1.7768948 12.800116 1.5666779279708862 0.9455881118774414
Car 0.0 0 -0.39834824204444885 725.7999267578125 166.40785217285156 1062.99365234375 292.92608642578125 4.263564 1.6847237 1.6878861 3.924888 1.5992444 10.537583 -0.04180131480097771 0.9072420001029968
Car 0.0 0 -0.02870967984199524 643.3307495117188 170.17282104492188 772.0036010742188 218.35125732421875 4.155639 1.5552938 1.6571121 3.2016723 1.4690983 24.326017 0.10215330123901367 0.8872936367988586
Car 0.0 0 -3.2738068103790283 684.4296875 175.28968811035156 879.794921875 244.8341064453125 4.139718 1.4816545 1.6046208 3.735471 1.5408083 16.426777 -3.0502078533172607 0.8404102921485901
Car 0.0 0 2.0697989463806152 0.0 192.28201293945312 408.12646484375 375.0 4.009525 1.512226 1.670276 -3.008187 1.7160773 5.54823 1.5729726552963257 0.72952800989151
Car 0.0 0 2.223658800125122 0.0 203.3686065673828 229.13282775878906 375.0 3.7702482 1.4302089 1.5766878 -5.7144966 1.8219918 7.3620005 1.5635900497436523 0.6212806105613708
Car 0.0 0 1.9166127443313599 271.0201416015625 196.31768798828125 410.3625793457031 275.4833679199219 3.9348178 1.3954831 1.6084111 -5.7784767 1.9755747 15.854418 1.567104697227478 0.6117051839828491
Car 0.0 0 1.866136908531189 525.0337524414062 174.1756134033203 578.1356811523438 208.0299530029297 3.6370718 1.5152583 1.5302227 -2.7633634 1.5821533 34.38336 1.7859400510787964 0.4330933392047882
Car 0.0 0 -1.728774070739746 624.53759765625 176.2257537841797 661.582275390625 204.78347778320312 3.4891884 1.5688536 1.6120132 1.8431494 1.7735127 41.89174 -1.6848045587539673 0.34583377838134766
