Pedestrian 0.0 0 -1.3129020929336548 1065.5081787109375 188.0723114013672 1242.0 375.0 0.65427935 1.5666586 0.5579682 2.3174317 1.6405407 3.0618143 -0.6650111079216003 0.5618995428085327
Pedestrian 0.0 0 1.0523656606674194 15.310175895690918 188.40576171875 58.87248229980469 252.8193817138672 0.6389614 1.6799899 0.69539833 -15.503665 2.1095781 19.470392 0.37990403175354004 0.26625245809555054
Pedestrian 0.0 0 -1.8546134233474731 717.2394409179688 170.4931640625 732.6982421875 204.71588134765625 0.6918797 1.6354612 0.5654987 5.5127506 1.5229976 34.857597 -1.6977618932724 0.2655920088291168
Pedestrian 0.0 0 -1.9126918315887451 1109.8720703125 135.45083618164062 1191.53759765625 248.8594970703125 1.733065 1.6703109 0.4815687 8.533706 1.1197855 11.5233345 -1.2752605676651 0.10224739462137222
Cyclist 0.0 0 -3.290635824203491 910.4331665039062 168.87998962402344 941.5664672851562 195.76162719726562 1.838515 1.7843914 0.644992 21.17487 1.520956 48.44307 -2.878554105758667 0.49584639072418213
Cyclist 0.0 0 -1.9042534828186035 1109.0594482421875 139.63223266601562 1189.19921875 252.3045654296875 1.7638947 1.6678388 0.4706199 8.5585165 1.1764295 11.589856 -1.268186092376709 0.3504827916622162
Cyclist 0.0 0 -1.7817268371582031 717.6168212890625 169.9745330810547 732.672119140625 204.35133361816406 0.77217305 1.6453958 0.5696203 5.5328174 1.5079321 34.933456 -1.624650001525879 0.11289042979478836
Car 0.0 0 1.9919706583023071 239.6387176513672 192.3827362060547 349.9720458984375 247.80091857910156 3.9615428 1.4399701 1.6150197 -9.56857 2.0935316 22.140184 1.5840332508087158 0.9097256064414978
Car 0.0 0 -1.574775218963623 603.22900390625 178.5218048095703 630.572509765625 205.08139038085938 3.5942879 1.6057956 1.6824116 0.40022084 1.9831626 46.191265 -1.5661109685897827 0.8832381963729858
Car 0.0 0 1.9188652038574219 305.9838562011719 184.69688415527344 369.0021667480469 220.709716796875 3.409556 1.4559988 1.5448627 -12.056011 2.009934 32.010372 1.558667778968811 0.6712640523910522
Car 0.0 0 1.7982043027877808 474.2568664550781 183.2273712158203 505.02288818359375 202.40316772460938 4.1605945 1.5302237 1.7155411 -10.323196 2.452738 62.00978 1.6332402229309082 0.5263973474502563
Car 0.0 0 -1.4020248651504517 431.4453430175781 176.98252868652344 483.1957702636719 213.83103942871094 3.9217024 1.5277187 1.6336756 -6.8144217 1.7245814 32.34906 -1.6096422672271729 0.23037216067314148
