Pedestrian 0.0 0 -3.126795530319214 628.9530639648438 169.72454833984375 647.3536987304688 208.7300567626953 0.8280167 1.7557753 0.6348922 1.2444606 1.6152658 32.815014 -3.0888900756835938 0.3870120048522949
Pedestrian 0.0 0 -3.189300298690796 1166.260009765625 80.27133178710938 1242.0 328.3446350097656 0.60515636 1.8039125 0.67656004 4.724664 1.1310378 5.6962724 -2.4968695640563965 0.3822692036628723
Pedestrian 0.0 0 2.765087842941284 683.7421264648438 169.6023712158203 700.2463989257812 193.53932189941406 1.1338874 1.8499562 0.6056052 6.3597307 1.5990126 56.20109 2.8777687549591064 0.29566529393196106
Pedestrian 0.0 0 2.2470250129699707 282.9949951171875 61.216209411621094 422.2615051269531 298.6445007324219 0.9596853 1.7574599 0.6056537 -2.1239338 0.93146753 5.8902245 1.9009504318237305 0.29314908385276794
Pedestrian 0.0 0 1.7625757455825806 639.333251953125 167.57028198242188 652.9548950195312 199.21487426757812 0.7542593 1.803648 0.65281516 2.0506146 1.5028497 41.566936 1.811868667602539 0.283482164144516
Pedestrian 0.0 0 2.0000689029693604 265.8298034667969 116.98360443115234 348.93011474609375 259.8142395019531 0.7911042 1.8051151 0.752285 -4.026886 1.0993745 9.52252 1.5999950170516968 0.2821570038795471
Pedestrian 0.0 0 1.7766635417938232 621.9395141601562 166.8994140625 638.218505859375 204.47828674316406 0.74543893 1.7661166 0.63664997 0.9201927 1.4866235 34.34386 1.8034507036209106 0.2431478351354599
Pedestrian 0.0 0 -3.61037278175354 981.9481201171875 107.27672576904297 1075.52685546875 254.2584228515625 0.8837773 1.8489124 0.58414125 5.3752956 1.0243605 9.387937 -3.090363025665283 0.1828150600194931
Pedestrian 0.0 0 1.208179235458374 794.3499145507812 164.53829956054688 852.2593383789062 254.03944396972656 1.1893866 1.5920506 0.6507937 3.902847 1.4444884 13.450857 1.4905805587768555 0.17275480926036835
Pedestrian 0.0 0 -2.934152364730835 619.3440551757812 168.71615600585938 630.2391967773438 194.20449829101562 0.6722118 1.8235811 0.6203356 1.0396465 1.5278932 51.99811 -2.914161205291748 0.1606758087873459
Pedestrian 0.0 0 -0.6598502993583679 308.40313720703125 157.8500213623047 354.24420166015625 238.52076721191406 0.7576503 1.8026869 0.6295786 -6.459891 1.4677627 16.607668 -1.030812382698059 0.14888547360897064
Cyclist 0.0 0 1.5923629999160767 734.0225219726562 172.4322509765625 767.0352783203125 255.80679321289062 1.9252343 1.7444552 0.6812532 3.1045659 1.7359889 16.106808 1.7827764749526978 0.7960934638977051
Cyclist 0.0 0 1.2710574865341187 788.3648681640625 166.82550048828125 843.5327758789062 255.66603088378906 1.4488132 1.5771735 0.5866605 3.7861767 1.4705082 13.538685 1.5437473058700562 0.25236809253692627
Cyclist 0.0 0 -2.2548248767852783 854.1333618164062 107.87464904785156 1013.5645751953125 292.7083435058594 1.670728 1.7467461 0.62491834 3.3249815 1.1330253 7.704993 -1.8474311828613281 0.14359286427497864
Cyclist 0.0 0 -1.8081800937652588 770.2841796875 169.02099609375 785.7275390625 196.76150512695312 1.9187318 1.8453295 0.58328336 11.359769 1.5907118 48.956814 -1.5801783800125122 0.14106914401054382
Car 0.0 0 -3.423151731491089 825.8934936523438 177.47329711914062 970.6140747070312 223.6497344970703 4.2964067 1.5155346 1.940535 9.858008 1.6839164 25.077223 -3.04860258102417 0.21051789820194244
