Pedestrian 0.0 0 2.7592005729675293 876.1121215820312 167.4947967529297 894.2180786132812 192.06716918945312 1.1760969 1.8727901 0.5482204 21.051058 1.4646944 55.274384 3.123087167739868 0.30744668841362
Pedestrian 0.0 0 -1.5971879959106445 559.48876953125 165.35488891601562 586.4378051757812 232.4456787109375 0.8763697 1.757545 0.69653624 -1.0497448 1.5614526 19.363821 -1.6513466835021973 0.2763618528842926
Cyclist 0.0 0 -1.5843538045883179 558.984375 166.9065704345703 586.1188354492188 234.5298614501953 0.936876 1.7701365 0.71036494 -1.0613256 1.614812 19.37612 -1.6390740871429443 0.12957704067230225
Car 0.0 0 2.555163860321045 131.60943603515625 177.86854553222656 247.7394561767578 218.95016479492188 3.9671066 1.5662391 1.6096277 -17.499166 1.7910725 30.161968 2.0294504165649414 0.9202303290367126
Car 0.0 0 -0.31257179379463196 817.8353881835938 174.5703582763672 888.3323974609375 197.50123596191406 4.0641923 1.4682775 1.6182698 15.815193 1.5827855 47.15368 0.011034727096557617 0.8953989744186401
Car 0.0 0 2.574341058731079 72.64368438720703 184.17263793945312 182.87408447265625 219.59922790527344 4.1654325 1.5248903 1.6731081 -23.133543 2.1053042 34.73137 1.9867513179779053 0.772667407989502
Car 0.0 0 1.2589960098266602 809.4790649414062 168.90492248535156 844.5924682617188 190.03076171875 3.9194527 1.688033 1.6503357 17.865767 1.3728435 59.627182 1.5501083135604858 0.2797558307647705
Car 0.0 0 1.88584303855896 347.847900390625 175.39198303222656 379.40771484375 193.0316619873047 3.92465 1.5494233 1.5921401 -22.48471 1.7885879 65.916084 1.5571088790893555 0.2606067955493927
Car 0.0 0 -1.9697622060775757 879.150146484375 168.2784423828125 919.2514038085938 187.2600555419922 3.973381 1.5168543 1.6589854 23.834803 1.1515708 59.65862 -1.5896698236465454 0.20572669804096222
Car 0.0 0 3.0938456058502197 387.2683410644531 181.0732421875 461.4198913574219 206.4426727294922 4.3438244 1.4773592 1.735725 -11.477825 2.0007498 44.440697 2.8410959243774414 0.16866052150726318
