Pedestrian 0.0 0 2.739011764526367 900.82666015625 168.7305908203125 923.98095703125 201.2633056640625 1.0787939 1.8139536 0.5249446 16.933582 1.584399 40.4946 3.135082244873047 0.3002084195613861
Pedestrian 0.0 0 -2.457076072692871 1076.28662109375 187.36178588867188 1242.0 375.0 0.9255763 1.7316796 0.71587145 4.001662 1.8474567 5.205168 -1.8016597032546997 0.24045822024345398
Pedestrian 0.0 0 1.6038602590560913 529.4935302734375 145.50628662109375 544.5466918945312 191.11224365234375 0.9925216 1.8644254 0.5922738 -3.0717847 0.7467762 30.010056 1.501857042312622 0.21391765773296356
Cyclist 0.0 0 1.6038602590560913 529.4935302734375 145.50628662109375 544.5466918945312 191.11224365234375 0.9925216 1.8644254 0.5922738 -3.0717847 0.7467762 30.010056 1.501857042312622 0.14106811583042145
Car 0.0 0 1.8409452438354492 666.9156494140625 183.09970092773438 716.8964233398438 213.99891662597656 3.6513407 1.4527826 1.6502625 4.239744 2.0105622 37.250984 1.9542732238769531 0.917554497718811
Car 0.0 0 1.8420276641845703 140.77413940429688 195.02676391601562 219.25367736816406 239.52877807617188 3.93042 1.4827379 1.6431932 -16.76654 2.4162982 28.253561 1.3064522743225098 0.7677962183952332
Car 0.0 0 1.8264437913894653 65.23388671875 190.22808837890625 176.9448699951172 262.60113525390625 4.1560354 1.8226943 1.7498327 -14.442447 2.3949986 21.499655 1.2349284887313843 0.6881483793258667
Car 0.0 0 1.87362539768219 198.87355041503906 192.6791229248047 255.9185028076172 226.12611389160156 3.5774224 1.5258361 1.5953631 -19.62313 2.597292 37.075554 1.386833667755127 0.3776296377182007
Car 0.0 0 -1.2530221939086914 759.376708984375 177.9467010498047 793.3087158203125 198.2482147216797 3.5172923 1.5045769 1.5623411 12.989238 1.91607 56.33828 -1.0264239311218262 0.25871220231056213
Car 0.0 0 1.5008575916290283 883.6544189453125 173.87274169921875 904.6629028320312 189.79254150390625 3.6125169 1.4164319 1.5458971 26.103134 1.5133034 66.39977 1.8754196166992188 0.2546483874320984
Car 0.0 0 1.8001714944839478 147.97857666015625 187.15380859375 200.51797485351562 215.8997802734375 4.1802187 1.4793376 1.6871632 -25.086143 2.349048 41.61457 1.2576801776885986 0.25185340642929077
