Pedestrian 0.0 0 -2.799626350402832 829.507568359375 158.32199096679688 903.0972290039062 275.5255432128906 0.96906006 1.8070502 0.62596565 4.0904765 1.5833527 11.669832 -2.4624907970428467 0.20816293358802795
Pedestrian 0.0 0 1.4608592987060547 801.7650146484375 172.50840759277344 833.894775390625 245.1094207763672 0.8396408 1.8157889 0.7017651 5.2749634 1.8075035 18.515755 1.738397240638733 0.1915440410375595
Pedestrian 0.0 0 -0.521522581577301 670.808837890625 183.9304656982422 706.6356811523438 236.32308959960938 0.9513028 1.8535283 0.9604934 2.8331256 2.2692213 26.421629 -0.41470322012901306 0.17974638938903809
Pedestrian 0.0 0 -0.8387615084648132 1125.4595947265625 119.84736633300781 1202.9639892578125 238.6728973388672 0.8090025 1.7784245 0.5502455 8.496664 0.9854485 11.141899 -0.18725347518920898 0.16816866397857666
Pedestrian 0.0 0 -3.130629777908325 873.8031616210938 124.9192886352539 931.9314575195312 237.76002502441406 0.8767136 1.8108908 0.6141711 4.826095 1.0419829 12.028049 -2.7490577697753906 0.13086096942424774
Cyclist 0.0 0 1.437179446220398 797.9009399414062 172.11178588867188 832.637939453125 244.5421142578125 1.0212741 1.8126001 0.7289177 5.2334347 1.7943841 18.61069 1.7113059759140015 0.10729695111513138
Car 0.0 0 2.171095371246338 0.0 203.46429443359375 266.9382629394531 375.0 4.319219 1.473771 1.6751982 -4.719102 1.8268049 6.106152 1.5131338834762573 0.8705857992172241
Car 0.0 0 1.8456313610076904 282.562255859375 188.57656860351562 428.4975280761719 285.6098937988281 4.272951 1.6140747 1.7100846 -5.081054 1.9863453 14.885404 1.5166879892349243 0.8146378397941589
Car 0.0 0 1.967612624168396 215.1476287841797 193.8722381591797 345.17327880859375 261.249755859375 4.1121755 1.4420953 1.6019162 -8.462113 2.0509977 18.811909 1.5449022054672241 0.6264946460723877
Car 0.0 0 0.9850193858146667 1007.9945068359375 124.48527526855469 1167.866455078125 200.81959533691406 4.0434685 1.9010957 1.7214558 12.977027 0.6968374 19.997416 1.5606456995010376 0.2025226652622223
