Pedestrian 0.0 0 1.56015944480896 848.2797241210938 105.2166976928711 904.7918701171875 277.6864318847656 0.7809219 1.6543804 0.5124906 2.7524328 0.92402107 7.342307 1.9188188314437866 0.3607334494590759
Pedestrian 0.0 0 1.2787363529205322 131.2270965576172 163.3927459716797 152.6247100830078 202.47564697265625 0.8199221 1.80209 0.63443255 -21.523682 0.96810186 33.62713 0.709374189376831 0.18541143834590912
Pedestrian 0.0 0 1.6845886707305908 766.8988647460938 163.9278564453125 776.89208984375 189.524169921875 0.6771255 1.8635947 0.6413523 12.53064 0.5848172 52.724773 1.9179211854934692 0.17705939710140228
Pedestrian 0.0 0 0.12437239289283752 941.3436279296875 146.327392578125 1052.444580078125 353.958984375 0.8379804 1.7803452 0.5608492 3.599367 1.4801412 6.6287775 0.6218185424804688 0.13171254098415375
Pedestrian 0.0 0 3.171734094619751 213.43663024902344 168.1373748779297 234.1503448486328 200.58663940429688 1.0128372 1.7990005 0.58718354 -21.186102 1.0589839 40.30805 2.6878130435943604 0.13155736029148102
Pedestrian 0.0 0 0.30833858251571655 762.8936157226562 156.36856079101562 774.2184448242188 181.3641815185547 0.66110957 1.8592052 0.65129775 12.55591 -0.009707104 53.882282 0.5372779369354248 0.13131903111934662
Car 0.0 0 -1.2470815181732178 500.11517333984375 173.86256408691406 567.667724609375 209.76356506347656 4.5143557 1.5196412 1.7210604 -3.0022457 1.1973317 32.798233 -1.3383638858795166 0.9083629250526428
Car 0.0 0 -1.5090389251708984 584.7607421875 170.08274841308594 616.095703125 197.16763305664062 3.8699217 1.4834327 1.5684031 -0.016441828 0.85893375 41.31985 -1.509436845779419 0.8927279114723206
Car 0.0 0 2.115267276763916 327.23419189453125 171.5304412841797 400.3198547363281 204.33914184570312 4.30636 1.6468031 1.72183 -12.594317 1.1472677 38.34532 1.7979228496551514 0.8314491510391235
Car 0.0 0 -1.3840633630752563 563.9998779296875 168.43179321289062 592.6171264648438 186.89990234375 3.898611 1.4673837 1.661052 -1.8415351 0.4295682 59.12718 -1.415198564529419 0.3877446949481964
Car 0.0 0 2.991243839263916 1.5046350955963135 168.83177185058594 136.09530639648438 208.73109436035156 4.3615026 1.5662457 1.7366736 -22.43658 1.0699658 30.353004 2.3546981811523438 0.1314489096403122
Car 0.0 0 -1.6396141052246094 176.80874633789062 170.3812255859375 226.73731994628906 210.34075927734375 4.237381 1.7585324 1.7613249 -18.898706 1.2701721 33.865498 -2.148618221282959 0.1299525946378708
