Cyclist 0.0 0 -2.0376720428466797 1138.748046875 89.03036499023438 1242.0 260.1028747558594 1.7285839 1.635198 0.48107433 6.3605237 0.83432704 7.7899294 -1.3529471158981323 0.3796691596508026
Car 0.0 0 -1.7314515113830566 770.4719848632812 180.13563537597656 923.6135864257812 298.9655456542969 3.5139956 1.4155033 1.5385433 3.2549033 1.542118 10.663186 -1.4351880550384521 0.9342442154884338
Car 0.0 0 -1.4320147037506104 449.96197509765625 173.65066528320312 498.7789306640625 208.23960876464844 4.683115 1.5907336 1.7386378 -6.6629205 1.633104 35.669067 -1.6166846752166748 0.9209214448928833
Car 0.0 0 -1.2760826349258423 380.4212951660156 165.01246643066406 441.339111328125 209.2978515625 4.4311953 2.058916 1.6955862 -9.820428 1.6947056 35.780544 -1.5439493656158447 0.8644130825996399
Car 0.0 0 -2.204031467437744 844.9342651367188 195.21388244628906 1242.0 375.0 4.2230015 1.39521 1.6447804 2.873403 1.5914558 4.1822505 -1.6020517349243164 0.8573907017707825
Car 0.0 0 -0.9811685085296631 848.246826171875 169.18861389160156 980.840087890625 228.3654022216797 3.721356 1.4915018 1.5575787 8.368738 1.3994768 19.856733 -0.582303524017334 0.7472554445266724
Car 0.0 0 -1.4038090705871582 783.0480346679688 162.9058074951172 896.0548095703125 250.12734985351562 4.349643 1.6824143 1.7108113 5.237616 1.4908819 16.239294 -1.0918152332305908 0.663135290145874
Car 0.0 0 -1.7228922843933105 626.008544921875 162.4913787841797 656.138671875 184.6485595703125 3.863518 1.5729586 1.6479168 2.2270055 0.8376642 53.230556 -1.6810797452926636 0.6588276624679565
Car 0.0 0 2.139441728591919 0.0 37.17694854736328 325.9671630859375 375.0 4.3647394 1.6539466 1.7154675 -3.7160618 1.0963683 5.1890073 1.5179647207260132 0.43322548270225525
Car 0.0 0 -1.8366081714630127 718.3222045898438 165.13389587402344 777.4509887695312 200.04879760742188 4.7101254 1.6687559 1.7791115 6.9219685 1.3001318 36.902004 -1.6511858701705933 0.4270170331001282
