Pedestrian 0.0 0 2.909550905227661 665.0205688476562 159.63568115234375 687.582275390625 197.36669921875 1.0462338 1.8841639 0.49205723 3.299734 1.2244424 36.34584 3.0000898838043213 0.26085004210472107
Pedestrian 0.0 0 3.5974574089050293 209.35452270507812 169.04345703125 228.36520385742188 195.6178741455078 1.0820565 1.8944503 0.5148376 -28.059893 1.6231594 51.7141 3.100316047668457 0.13592393696308136
Pedestrian 0.0 0 -1.897907018661499 1006.02197265625 131.79205322265625 1031.184814453125 191.33856201171875 0.57508165 1.8229232 0.522266 12.644249 0.56623405 22.416965 -1.3843421936035156 0.13106904923915863
Cyclist 0.0 0 -1.644141435623169 801.220458984375 169.61087036132812 822.2864379882812 225.3677215576172 1.5460168 1.6594416 0.51007056 6.1724954 1.5632775 22.279709 -1.3738744258880615 0.15877802670001984
Cyclist 0.0 0 -1.9832733869552612 747.8533935546875 160.76060485839844 771.49169921875 195.6228790283203 1.7538503 1.7260311 0.5122422 7.5486097 1.1276453 36.631596 -1.7800498008728027 0.14105874300003052
Car 0.0 0 1.9460070133209229 237.2520751953125 191.92117309570312 355.6067199707031 251.46978759765625 4.3193803 1.4475694 1.6975049 -9.047256 2.0638053 21.119429 1.5412722826004028 0.922904372215271
Car 0.0 0 -1.4650648832321167 588.3785400390625 177.03895568847656 619.9270629882812 203.69515991210938 3.5857022 1.6591287 1.7035856 -0.3775563 1.9450281 47.36081 -1.4730366468429565 0.9008002877235413
Car 0.0 0 1.7780901193618774 426.9598693847656 183.784912109375 469.7516174316406 211.75132751464844 3.950278 1.4849951 1.6445951 -9.351051 2.1494403 41.847626 1.5582469701766968 0.7640089988708496
Car 0.0 0 1.726699948310852 475.8741760253906 180.78302001953125 501.3393859863281 198.56224060058594 4.1440787 1.488133 1.6166502 -10.806756 2.2182708 64.32652 1.560255765914917 0.2686064839363098
Car 0.0 0 1.5223298072814941 577.0910034179688 175.87149047851562 595.9981689453125 192.10928344726562 3.757512 1.4839103 1.6119794 -2.2715466 1.779249 68.594406 1.4892263412475586 0.1312747597694397
