Pedestrian 0.0 0 2.7925662994384766 648.587158203125 155.37945556640625 671.2376098632812 199.39447021484375 0.83665675 1.8653332 0.53399557 2.0978909 1.125129 30.948288 2.8602497577667236 0.23905973136425018
Pedestrian 0.0 0 1.670764446258545 915.0995483398438 188.67120361328125 934.5706176757812 231.18997192382812 1.5544798 1.7609439 0.6248077 13.637691 2.4663558 31.329115 2.0813302993774414 0.21613112092018127
Pedestrian 0.0 0 -3.405384063720703 1019.650146484375 201.02854919433594 1043.12841796875 249.82484436035156 0.61960024 1.8251456 0.7080158 16.243353 2.931371 27.895544 -2.878087043762207 0.20349878072738647
Cyclist 0.0 0 -1.9670222997665405 847.0521240234375 181.93768310546875 870.010498046875 221.3885040283203 1.6129618 1.6534871 0.34710073 10.773914 2.0598478 31.430807 -1.6367921829223633 0.6041496992111206
Cyclist 0.0 0 1.6027671098709106 916.198974609375 188.99671936035156 932.9716796875 230.6985626220703 1.5356654 1.7268443 0.6211222 13.632192 2.446982 31.342659 2.0130271911621094 0.33747026324272156
Car 0.0 0 -1.5864462852478027 558.739501953125 179.19857788085938 613.8758544921875 235.0193328857422 4.6234794 1.6377252 1.6612822 -0.8796261 1.8702894 24.053019 -1.6230002641677856 0.9120058417320251
Car 0.0 0 2.617628335952759 932.0487060546875 190.46632385253906 1013.23779296875 218.14073181152344 4.3312397 1.647041 1.545192 22.542088 2.7674828 44.984745 3.0821597576141357 0.8230167627334595
Car 0.0 0 1.6851391792297363 538.4632568359375 182.3792266845703 560.536865234375 198.87913513183594 4.013944 1.4419636 1.610033 -5.642473 2.3593256 67.42969 1.601654291152954 0.2998570203781128
Car 0.0 0 -0.946032702922821 0.0 164.09010314941406 63.33991241455078 195.42132568359375 3.2152383 1.7152414 1.5938596 -33.16763 1.2358164 41.14621 -1.6244772672653198 0.28360000252723694
Car 0.0 0 -1.449864387512207 392.56988525390625 192.3263702392578 456.2310791015625 242.76614379882812 3.5970738 1.3903974 1.5594798 -5.937523 2.0684733 23.225607 -1.700149416923523 0.273917019367218
Car 0.0 0 -1.953321933746338 763.4398193359375 185.45408630371094 796.481201171875 202.5730743408203 3.9020379 1.4841626 1.674661 15.87208 2.7015274 67.63324 -1.7228144407272339 0.20968127250671387
