Pedestrian 0.0 0 -1.6988873481750488 414.1396179199219 170.97129821777344 435.342529296875 216.93606567382812 0.7510118 1.8130257 0.73269325 -7.477081 1.7391227 28.942236 -1.951704502105713 0.36811986565589905
Pedestrian 0.0 0 0.16784361004829407 740.7647094726562 160.61065673828125 760.6389770507812 200.23101806640625 0.8335986 1.8632293 0.6484633 6.6678796 1.2878188 34.379173 0.35941624641418457 0.27552542090415955
Pedestrian 0.0 0 3.57309627532959 0.0 159.90103149414062 40.16366958618164 250.60922241210938 0.80258715 1.7807871 0.6356551 -12.192294 1.5268518 14.574389 2.8764591217041016 0.14901100099086761
Pedestrian 0.0 0 -1.7219324111938477 875.92724609375 158.8341064453125 907.1370239257812 224.3237762451172 0.97718346 1.7876695 0.6735828 7.8401775 1.405327 20.242996 -1.3524192571640015 0.139715313911438
Pedestrian 0.0 0 -3.398005723953247 1087.739990234375 140.2670135498047 1238.3409423828125 264.4608459472656 1.7258624 1.8011224 0.6586013 8.386677 1.3288871 11.094598 -2.7507238388061523 0.1391328126192093
Pedestrian 0.0 0 -0.9121620655059814 21.768230438232422 200.81431579589844 104.44474792480469 314.0077209472656 0.85457975 1.714977 0.6762131 -8.801428 2.1805263 11.571765 -1.5624096393585205 0.13091717660427094
Pedestrian 0.0 0 3.5645382404327393 52.338966369628906 180.05690002441406 136.534912109375 252.821044921875 1.6441996 1.7971622 0.5960385 -13.144508 1.9853861 18.3622 2.943256378173828 0.12816937267780304
Cyclist 0.0 0 -3.398005723953247 1087.739990234375 140.2670135498047 1238.3409423828125 264.4608459472656 1.7258624 1.8011224 0.6586013 8.386677 1.3288871 11.094598 -2.7507238388061523 0.3551463186740875
Cyclist 0.0 0 1.38460373878479 675.5846557617188 175.3765106201172 691.0404052734375 206.16259765625 1.5190048 1.6997712 0.5951519 4.0974703 1.8453208 40.74549 1.484829306602478 0.21105827391147614
Cyclist 0.0 0 3.5951805114746094 56.85477828979492 176.92994689941406 138.69219970703125 248.83804321289062 1.5930265 1.780771 0.6049742 -13.048445 1.8871895 18.343435 2.9768834114074707 0.1608170121908188
Cyclist 0.0 0 -1.078450083732605 173.49810791015625 174.60670471191406 230.3360137939453 236.0121307373047 1.7726808 1.714635 0.6920562 -11.94123 1.7684017 21.089943 -1.5936495065689087 0.12982045114040375
Car 0.0 0 1.7595843076705933 454.7322692871094 186.50540161132812 535.238525390625 244.46522521972656 3.6688871 1.4529992 1.6289908 -3.265929 1.882567 20.822418 1.6040050983428955 0.9453021287918091
Car 0.0 0 1.8309767246246338 28.404184341430664 200.40696716308594 97.56106567382812 238.32672119140625 3.839662 1.4964714 1.6311734 -25.406008 2.8592136 33.58875 1.1834020614624023 0.2841190695762634
Car 0.0 0 1.644752860069275 772.76123046875 160.23529052734375 810.375244140625 193.24034118652344 3.5398984 1.5728767 1.580256 9.137725 0.9718821 36.31133 1.8912832736968994 0.18722385168075562
Car 0.0 0 -1.5737422704696655 657.553466796875 173.95697021484375 680.6264038085938 196.3287353515625 3.8606446 1.60981 1.6629705 4.394935 1.6959156 54.10258 -1.4926868677139282 0.13349907100200653
