Pedestrian 0.0 0 -3.526163339614868 996.9788208007812 114.7238540649414 1060.643798828125 242.90408325195312 0.6117629 1.715281 0.49136734 5.7837286 0.8367502 9.745516 -2.9905548095703125 0.3429262042045593
Pedestrian 0.0 0 -0.18094299733638763 724.2378540039062 162.79840087890625 736.771728515625 185.95989990234375 0.8965892 1.8225403 0.517382 9.93198 0.43087143 55.892567 -0.005080996081233025 0.32190439105033875
Pedestrian 0.0 0 3.0945229530334473 507.8370361328125 166.35447692871094 520.3895263671875 188.61134338378906 1.0475391 1.9061465 0.5511512 -7.8133225 0.6958754 60.911297 2.9669458866119385 0.31607410311698914
Pedestrian 0.0 0 -2.5186924934387207 267.3457946777344 178.2953643798828 327.12158203125 263.0907287597656 0.88500255 1.6812027 0.6887583 -6.3201427 1.6391215 14.442598 -2.9311904907226562 0.24243994057178497
Pedestrian 0.0 0 0.2149098515510559 128.11395263671875 111.45174407958984 206.61351013183594 251.55369567871094 0.8072692 1.8571988 0.656206 -6.09936 0.94356406 9.811971 -0.34125834703445435 0.1624145656824112
Cyclist 0.0 0 -1.6353964805603027 987.8246459960938 143.53240966796875 1027.4747314453125 213.18263244628906 1.7127682 1.7229778 0.78305954 10.433785 0.8100857 18.427128 -1.1201865673065186 0.8734268546104431
Cyclist 0.0 0 0.9661872982978821 874.454833984375 156.11988830566406 907.3666381835938 194.6746826171875 1.6902752 1.7785186 0.5862379 13.513762 0.6553278 33.499805 1.349619746208191 0.24101920425891876
Car 0.0 0 -0.02566516399383545 761.6533203125 162.63572692871094 881.0335693359375 210.5908203125 3.759727 1.545526 1.6612624 7.2720213 0.9713322 24.080404 0.26761555671691895 0.8849778175354004
Car 0.0 0 -0.8362610340118408 0.0 205.3573455810547 299.6193542480469 370.0 3.708702 1.4346111 1.6109768 -3.1453 1.6231208 3.450306 -1.5754482746124268 0.8459867238998413
Car 0.0 0 -1.4765081405639648 0.0 187.02459716796875 18.682846069335938 218.35916137695312 4.059925 1.5518756 1.6387758 -32.805336 1.9238743 38.027775 -2.1883106231689453 0.19317400455474854
Car 0.0 0 -1.8296945095062256 758.7105712890625 155.15182495117188 802.2169799804688 181.97012329101562 3.6327276 1.5251579 1.6261076 10.37146 0.08498998 42.034866 -1.5877914428710938 0.17155571281909943
Car 0.0 0 -0.3542720079421997 504.17327880859375 172.88975524902344 552.8483276367188 192.09010314941406 3.5844865 1.5097078 1.5750617 -6.1599956 0.9125617 57.09322 -0.4617498815059662 0.15883152186870575
