Pedestrian 0.0 0 -1.7616887092590332 843.0819702148438 174.3094024658203 894.1832275390625 266.10833740234375 0.92789143 1.7151853 0.76826024 4.953529 1.7448503 14.010744 -1.4218528270721436 0.6076451539993286
Pedestrian 0.0 0 1.4846725463867188 1165.5228271484375 128.23910522460938 1232.892333984375 271.4411926269531 0.5262085 1.7509289 0.6208666 7.45165 1.2057812 9.211268 2.1648597717285156 0.32102611660957336
Pedestrian 0.0 0 -1.8648285865783691 877.3103637695312 135.84898376464844 923.7256469726562 204.78431701660156 1.7571932 1.790926 0.68684715 7.8349147 0.8299012 19.647348 -1.4853767156600952 0.11493030935525894
Cyclist 0.0 0 -1.8648285865783691 877.3103637695312 135.84898376464844 923.7256469726562 204.78431701660156 1.7571932 1.790926 0.68684715 7.8349147 0.8299012 19.647348 -1.4853767156600952 0.3479348123073578
Car 0.0 0 1.4555556774139404 664.0924682617188 175.68826293945312 751.484130859375 242.59210205078125 3.9719026 1.435171 1.6335865 2.220993 1.512657 17.63813 1.580816388130188 0.9441941380500793
Car 0.0 0 -0.5166812539100647 973.0118408203125 164.17633056640625 1242.0 269.3763732910156 4.1324162 1.5637634 1.7280182 8.387746 1.4351305 11.791795 0.10160207748413086 0.9280385375022888
Car 0.0 0 3.3070969581604004 413.4801330566406 174.69691467285156 518.8999633789062 209.9138946533203 4.388278 1.5197415 1.6829563 -6.3797164 1.6045091 32.137188 3.1111295223236084 0.8912579417228699
Car 0.0 0 1.7005268335342407 531.3617553710938 167.9586181640625 574.7666015625 204.1464080810547 3.9535418 1.7128718 1.6719788 -2.8337867 1.4815174 36.166916 1.6223335266113281 0.5335401892662048
Car 0.0 0 1.5808542966842651 563.8848876953125 172.5098876953125 590.0177612304688 196.97398376464844 3.8015194 1.4530872 1.5516981 -2.065908 1.4330062 44.78173 1.5347541570663452 0.437597393989563
Car 0.0 0 -1.557559609413147 650.5599975585938 163.6291046142578 685.1129150390625 198.1356658935547 3.7778385 1.6123538 1.612965 2.8424199 1.1816694 35.667324 -1.4780350923538208 0.2912672460079193
