Pedestrian 0.0 0 -1.7181956768035889 1212.6343994140625 178.77435302734375 1242.0 265.05950927734375 0.73327106 1.7202033 0.65706956 12.911591 1.8471063 14.934252 -1.005307912826538 0.3865739405155182
Car 0.0 0 -1.8882089853286743 790.0482788085938 190.194580078125 989.10498046875 314.3742370605469 3.8980432 1.4762954 1.6370022 3.9754531 1.7907236 11.09552 -1.5441648960113525 0.9568480253219604
Car 0.0 0 -1.8660351037979126 740.19921875 183.00997924804688 850.7945556640625 257.7531433105469 3.4077756 1.5100318 1.53838 4.140475 1.7712905 16.790554 -1.6242632865905762 0.9459832906723022
Car 0.0 0 -1.7161071300506592 720.169189453125 183.98651123046875 791.9765625 239.4730224609375 3.6954525 1.4809448 1.59443 4.2929587 1.8482338 21.895296 -1.5224955081939697 0.9157484173774719
Car 0.0 0 1.7793638706207275 468.0792236328125 184.840087890625 535.6148681640625 230.11268615722656 4.0675263 1.5003285 1.6987822 -4.0122814 1.9853966 27.09361 1.63234281539917 0.9081013202667236
Car 0.0 0 -2.1680798530578613 917.4998779296875 173.50332641601562 1242.0 375.0 4.2413716 1.498992 1.6671762 3.8193605 1.5059453 5.175044 -1.5322809219360352 0.8803567886352539
Car 0.0 0 -1.7166389226913452 703.8980712890625 184.4139404296875 760.2123413085938 225.85044860839844 3.5781944 1.4101058 1.5870963 4.515244 1.8777391 27.360352 -1.553084373474121 0.7988811135292053
Car 0.0 0 1.5961459875106812 567.614013671875 180.67901611328125 590.8350219726562 203.2212371826172 3.8683362 1.5917095 1.6488068 -2.3092048 2.2015114 54.245613 1.5536022186279297 0.7098692059516907
Car 0.0 0 -1.7159074544906616 690.70166015625 180.3834228515625 739.1803588867188 216.03858947753906 3.8883572 1.4763752 1.611586 4.643 1.8377262 32.643658 -1.5746222734451294 0.3800867199897766
Car 0.0 0 1.1925567388534546 922.1928100585938 177.8287811279297 974.911376953125 203.92372131347656 3.7100747 1.4372954 1.5324783 19.773249 1.742801 42.35899 1.629294753074646 0.367861807346344
Car 0.0 0 1.7203553915023804 505.5866394042969 185.4725341796875 552.9541015625 222.12466430664062 3.9012392 1.4965205 1.5762731 -3.647085 2.105183 32.80083 1.6096214056015015 0.3669694662094116
