Pedestrian 0.0 0 1.4914768934249878 668.7351684570312 174.93788146972656 687.2951049804688 220.36338806152344 0.8817054 1.7979102 0.6741721 2.6899757 1.8834366 29.041283 1.5838392972946167 0.6898999214172363
Pedestrian 0.0 0 -1.0589139461517334 719.4563598632812 184.46449279785156 751.767333984375 240.37205505371094 0.71722895 1.7142917 0.7541849 3.933819 2.0907211 22.852222 -0.8884430527687073 0.3255804777145386
Pedestrian 0.0 0 2.129450559616089 1010.7108764648438 136.42694091796875 1054.9761962890625 219.98553466796875 0.61641747 1.7864268 0.6036351 9.226791 1.0079986 15.833885 2.6570706367492676 0.28446874022483826
Pedestrian 0.0 0 1.6505858898162842 600.2537231445312 173.7619171142578 616.2785034179688 203.5821533203125 0.9311624 1.8316431 0.9258396 -0.1354726 1.8890638 44.846283 1.6475651264190674 0.28229135274887085
Cyclist 0.0 0 -2.944143295288086 713.8751831054688 170.15029907226562 750.4691162109375 204.43980407714844 1.8080155 1.7721378 0.6256801 6.380629 1.6327647 37.901867 -2.7773611545562744 0.3987605571746826
Cyclist 0.0 0 2.5796713829040527 767.4085693359375 166.51724243164062 813.175537109375 212.0659942626953 1.7082529 1.7415899 0.5346977 6.9816136 1.4996573 28.107117 2.823137044906616 0.17509667575359344
Cyclist 0.0 0 1.5597584247589111 669.2734985351562 175.02053833007812 686.8178100585938 221.22952270507812 0.89961255 1.8280046 0.6916798 2.693107 1.9170649 29.062027 1.6521620750427246 0.12291624397039413
Car 0.0 0 1.8078480958938599 368.48974609375 177.666259765625 463.3686828613281 252.79293823242188 4.179168 1.8626565 1.6246194 -5.359864 2.0122268 20.263197 1.5492581129074097 0.6750151515007019
Car 0.0 0 -0.6796348094940186 400.77685546875 160.0020294189453 466.6219787597656 189.9280548095703 4.269074 1.9555161 1.6794623 -12.034971 1.1160614 49.352383 -0.9188244342803955 0.5621483325958252
Car 0.0 0 -3.2548511028289795 716.0628051757812 172.5948944091797 796.4479370117188 202.23138427734375 4.012442 1.5304708 1.6434748 7.661582 1.5174478 38.246513 -3.0571467876434326 0.308491587638855
