Pedestrian 0.0 0 -0.3295776844024658 215.4071807861328 168.46725463867188 238.35958862304688 201.15618896484375 1.0067508 1.8073614 0.5844303 -21.002523 1.0876 40.280006 -0.8102086782455444 0.24106663465499878
Pedestrian 0.0 0 1.3913694620132446 839.0677490234375 117.73004913330078 911.2182006835938 289.60235595703125 0.83608913 1.6423775 0.53937286 2.7181785 1.0343775 7.320478 1.746902585029602 0.2184835523366928
Pedestrian 0.0 0 1.853263258934021 697.359375 155.7581024169922 715.6165771484375 194.30531311035156 0.8141061 1.9005071 0.7054151 5.250424 0.63223326 35.93038 1.998363971710205 0.18564260005950928
Cyclist 0.0 0 2.4921412467956543 212.34475708007812 169.0301055908203 240.05245971679688 201.23696899414062 1.3173941 1.7716379 0.5411324 -21.004469 1.0865113 40.222813 2.0108895301818848 0.2465158849954605
Car 0.0 0 -0.8817310929298401 447.677490234375 170.27296447753906 547.474365234375 214.78599548339844 3.9498734 1.5939186 1.7066422 -3.959967 1.1929548 27.84983 -1.0229742527008057 0.8394811153411865
Car 0.0 0 2.044347047805786 327.1332702636719 166.6597900390625 395.9870910644531 203.63717651367188 4.33534 1.8585061 1.6976349 -12.722363 1.1135042 38.373272 1.7242093086242676 0.806376039981842
Car 0.0 0 0.45455530285835266 0.0 183.57135009765625 78.37235260009766 251.5100860595703 4.088183 1.6010264 1.6752142 -16.128843 1.6589934 18.353312 -0.2664214074611664 0.6911240220069885
Car 0.0 0 -1.5741523504257202 545.5323486328125 173.81439208984375 572.2238159179688 198.07786560058594 3.6425188 1.4702058 1.6165282 -2.6909215 1.0052589 45.391975 -1.6333649158477783 0.4119228720664978
Car 0.0 0 0.07130151987075806 0.0 166.3813934326172 101.7604751586914 213.33871459960938 3.530708 1.8423373 1.6130465 -22.936548 1.2501805 29.827198 -0.5842371582984924 0.25051194429397583
Car 0.0 0 -1.3317687511444092 602.679443359375 168.1299591064453 631.5986328125 186.17282104492188 3.646038 1.4654984 1.6116215 1.3778867 0.38003966 60.31231 -1.3089268207550049 0.23535028100013733
Car 0.0 0 -1.3916845321655273 577.2296142578125 169.74366760253906 602.4078979492188 186.10166931152344 3.694085 1.4421617 1.6580954 -0.99091715 0.40610692 65.28514 -1.406861662864685 0.2235591858625412
Car 0.0 0 -1.235904574394226 620.2005615234375 165.22210693359375 650.0695190429688 181.2118377685547 3.907004 1.4665784 1.6357126 3.26473 -0.02786496 68.080246 -1.1879870891571045 0.19085781276226044
Car 0.0 0 0.6286237239837646 386.27789306640625 187.33645629882812 459.7300720214844 213.38525390625 4.0661817 1.4719967 1.6283104 -10.626759 1.8327372 42.787308 0.38518691062927246 0.18356381356716156
