Pedestrian 0.0 0 -1.9014568328857422 102.33533477783203 178.04574584960938 135.95782470703125 238.01768493652344 0.67121303 1.7797875 0.66358477 -14.984397 1.9415181 21.957773 -2.5002856254577637 0.34205931425094604
Pedestrian 0.0 0 -0.3680468201637268 981.5757446289062 159.86251831054688 1003.459716796875 187.33544921875 1.1723928 1.8253813 0.5547821 25.562883 0.96254706 48.28328 0.11887097358703613 0.17272326350212097
Pedestrian 0.0 0 -1.3036398887634277 516.4765014648438 182.88656616210938 528.4826049804688 206.7592010498047 0.6377691 1.7539164 0.745496 -6.5375223 2.5059643 53.688873 -1.4248101711273193 0.13412165641784668
Pedestrian 0.0 0 -1.719634771347046 1025.7958984375 131.28387451171875 1065.9422607421875 200.60061645507812 1.1643631 1.8636627 0.78959125 12.068253 0.7463589 20.08553 -1.1785955429077148 0.12414607405662537
Pedestrian 0.0 0 0.28772878646850586 767.9345092773438 160.77633666992188 779.1712646484375 186.48680114746094 0.7112734 2.0335112 0.67717224 13.0184355 1.078613 57.534813 0.5102522373199463 0.12321225553750992
Pedestrian 0.0 0 3.2780818939208984 421.0085754394531 178.9048614501953 435.3181457519531 202.3693084716797 1.039079 1.8439918 0.51995796 -14.43236 2.326529 57.17917 3.0308401584625244 0.11664818972349167
Cyclist 0.0 0 1.8314182758331299 365.3492736816406 181.8682861328125 385.73291015625 216.34719848632812 2.0485904 1.7277929 0.5052691 -12.284163 2.2125387 37.733063 1.5166850090026855 0.751619279384613
Cyclist 0.0 0 -2.128864288330078 978.322265625 160.67262268066406 1001.91064453125 187.37574768066406 1.6839446 1.7625383 0.60009557 25.500004 0.9588647 48.484158 -1.644676685333252 0.1223224401473999
Car 0.0 0 0.551385223865509 56.98333740234375 195.86480712890625 333.0615539550781 285.30377197265625 4.462299 1.5793726 1.7199389 -8.045392 2.061184 14.157275 0.034610748291015625 0.874717652797699
Car 0.0 0 -2.971303701400757 467.4961242675781 181.8954620361328 522.0640258789062 204.7858428955078 3.4495773 1.5091612 1.5262718 -7.8222804 2.133016 48.970802 -3.129699230194092 0.6828655004501343
Car 0.0 0 -1.4932119846343994 525.7532348632812 178.16180419921875 546.8501586914062 195.55648803710938 3.6738448 1.4652556 1.5767522 -6.50698 1.9483473 63.76429 -1.5949074029922485 0.17282268404960632
Car 0.0 0 1.78741455078125 391.048828125 179.0572052001953 425.5949401855469 203.0382537841797 3.7587605 1.6275696 1.6238421 -14.484824 2.0905187 51.883007 1.5151641368865967 0.129821315407753
Car 0.0 0 -1.9047794342041016 789.538818359375 163.60723876953125 824.72412109375 185.9654083251953 4.1608963 1.8893875 1.6922563 17.171022 1.1083425 63.104435 -1.6391068696975708 0.1191561222076416
Car 0.0 0 0.18377608060836792 772.46728515625 166.62860107421875 825.8800659179688 185.8929443359375 3.9580245 1.5236276 1.7000548 15.357669 1.0316144 58.675728 0.4397714138031006 0.11681056767702103
Car 0.0 0 -1.8042584657669067 832.4761962890625 159.3378143310547 863.4075927734375 178.48753356933594 3.6065001 1.5225853 1.6158619 19.469944 0.44827738 59.231102 -1.486673355102539 0.11631755530834198
Car 0.0 0 -1.2535752058029175 336.9789123535156 172.43675231933594 391.7215881347656 208.73268127441406 4.384005 2.049843 1.8062403 -14.572686 2.0266368 42.94754 -1.5806983709335327 0.11296197772026062
