Pedestrian 0.0 0 0.6912528872489929 158.3914337158203 149.50900268554688 291.5040588378906 348.60565185546875 0.90166277 1.7123585 0.59056497 -3.550443 1.5119345 6.580551 0.19647908210754395 0.6977485418319702
Pedestrian 0.0 0 1.4670251607894897 224.01185607910156 105.73979187011719 280.67987060546875 246.09767150878906 0.67742383 1.7461294 0.59270054 -4.7290325 0.9115495 9.418602 1.0017030239105225 0.5055153369903564
Pedestrian 0.0 0 1.1176629066467285 738.0181274414062 160.96739196777344 805.4784545898438 284.5709228515625 0.8641052 1.7208412 0.64504975 2.293643 1.5557104 10.538782 1.3319594860076904 0.5053218603134155
Pedestrian 0.0 0 1.7644574642181396 736.5130615234375 171.0935821533203 761.5049438476562 219.01918029785156 0.8878973 1.7670732 0.768515 5.193798 1.7025226 27.156513 1.9534296989440918 0.37603166699409485
Pedestrian 0.0 0 -0.41659584641456604 589.552978515625 168.53408813476562 614.8410034179688 198.85122680664062 1.4717227 1.8506734 0.53664094 -0.5138058 1.5873274 44.592278 -0.42811763286590576 0.1998177021741867
Pedestrian 0.0 0 -2.49377703666687 527.6107177734375 171.894775390625 560.6552734375 214.06521606445312 1.1237539 1.693708 0.75167567 -2.7428844 1.6555401 29.592268 -2.5862021446228027 0.19142071902751923
Pedestrian 0.0 0 -1.321390151977539 481.5503234863281 171.29574584960938 499.1775817871094 203.56979370117188 1.7051674 1.7074918 0.5388317 -6.499997 1.6254084 39.043213 -1.4863592386245728 0.14366158843040466
Pedestrian 0.0 0 -1.8884384632110596 610.5830688476562 175.4197540283203 622.7200927734375 196.83363342285156 1.5535651 1.7791295 0.56732726 0.5339689 1.9992375 60.96903 -1.8796806335449219 0.11721748113632202
Cyclist 0.0 0 1.8254308700561523 445.22857666015625 168.7281951904297 486.8512268066406 241.19383239746094 1.8694896 1.6770366 0.54828244 -3.543485 1.5819132 17.644169 1.6272369623184204 0.8832009434700012
Cyclist 0.0 0 1.6381642818450928 494.6222839355469 168.482421875 516.7526245117188 223.9110870361328 1.8738871 1.791321 0.61559606 -3.5399528 1.6504004 24.273563 1.4933494329452515 0.8694225549697876
Cyclist 0.0 0 -1.3477540016174316 481.9822692871094 171.1861114501953 499.1443176269531 203.55767822265625 1.7311469 1.7138242 0.54979664 -6.494836 1.6258805 39.077236 -1.512453556060791 0.36642318964004517
Cyclist 0.0 0 -1.8884384632110596 610.5830688476562 175.4197540283203 622.7200927734375 196.83363342285156 1.5535651 1.7791295 0.56732726 0.5339689 1.9992375 60.96903 -1.8796806335449219 0.18421681225299835
Cyclist 0.0 0 -1.6944180727005005 534.5465087890625 172.261474609375 555.9530639648438 214.0794219970703 1.4121563 1.6729115 0.703781 -2.709821 1.6495658 29.626976 -1.7856289148330688 0.1841789036989212
Cyclist 0.0 0 -0.41659584641456604 589.552978515625 168.53408813476562 614.8410034179688 198.85122680664062 1.4717227 1.8506734 0.53664094 -0.5138058 1.5873274 44.592278 -0.42811763286590576 0.14372263848781586
Car 0.0 0 -2.001094341278076 797.4780883789062 169.92311096191406 840.7689819335938 191.37445068359375 4.026053 1.5693444 1.6261195 15.828776 1.3552833 54.89549 -1.720365285873413 0.37986671924591064
Car 0.0 0 -1.80116605758667 749.3446655273438 173.9883270263672 824.60791015625 221.8295440673828 3.8717833 1.4686158 1.5858778 5.7847877 1.5100377 24.178194 -1.5663243532180786 0.32497867941856384
