Pedestrian 0.0 0 0.2801760137081146 871.8905029296875 144.3320770263672 944.2486572265625 252.89939880371094 0.9799021 1.7797011 0.7677631 5.083654 1.3125104 12.430051 0.6684005260467529 0.6280308365821838
Pedestrian 0.0 0 2.0182294845581055 233.1126251220703 186.3199005126953 276.5424499511719 265.8724365234375 0.75071925 1.7056566 0.5981649 -7.903477 2.0112698 15.974682 1.5587904453277588 0.5494276881217957
Pedestrian 0.0 0 2.855998992919922 644.1913452148438 166.40560913085938 668.3612060546875 204.78109741210938 1.0300177 1.7906709 0.529583 2.141717 1.490135 34.03756 2.9188382625579834 0.48857641220092773
Pedestrian 0.0 0 -2.8469278812408447 429.38043212890625 173.7407989501953 449.3954772949219 206.28005981445312 0.9259254 1.7569574 0.60488045 -9.326635 1.8060322 39.305107 -3.079907178878784 0.41120612621307373
Pedestrian 0.0 0 1.7303571701049805 707.792236328125 177.1761474609375 727.816162109375 219.96728515625 0.76211613 1.7016966 0.69181764 4.332708 1.8801047 29.253168 1.87739896774292 0.4085654616355896
Pedestrian 0.0 0 0.6998725533485413 393.35400390625 156.88986206054688 417.4977111816406 197.32289123535156 0.879041 1.8334113 0.6143261 -9.444735 1.109885 33.175327 0.4225187301635742 0.3168538808822632
Pedestrian 0.0 0 -0.04793408513069153 887.0756225585938 161.9765625 944.1641845703125 262.13641357421875 0.93701375 1.7845201 0.66198003 5.574311 1.5910779 13.323713 0.3483119010925293 0.2556854784488678
Pedestrian 0.0 0 0.3966159224510193 728.588134765625 163.9138641357422 745.010009765625 195.8553924560547 0.75249773 1.8687278 0.6821429 7.471666 1.346046 42.700733 0.5698397159576416 0.19618189334869385
Cyclist 0.0 0 1.672544002532959 397.6616516113281 157.60446166992188 413.4302978515625 197.23744201660156 1.1548773 1.7892092 0.58540136 -9.438349 1.1011354 33.19031 1.3954870700836182 0.2141309380531311
Cyclist 0.0 0 -0.7779451608657837 748.6253051757812 156.74391174316406 783.495849609375 193.54803466796875 1.6951661 1.734123 0.61698556 7.4738503 0.9754118 34.709213 -0.5658559203147888 0.20869430899620056
Cyclist 0.0 0 0.18195194005966187 873.3563842773438 141.81265258789062 942.4490966796875 252.36277770996094 0.9884236 1.8170848 0.71715367 5.0807347 1.3072237 12.425589 0.5701010227203369 0.12048221379518509
Car 0.0 0 1.737973690032959 441.4299621582031 168.80361938476562 505.5968017578125 228.1099395751953 4.128104 2.0312479 1.6733677 -5.0189605 1.8928802 26.788797 1.5527677536010742 0.6987624168395996
Car 0.0 0 2.4163923263549805 0.0 213.99563598632812 95.11212921142578 375.0 3.8011546 1.4723029 1.5807918 -5.0001845 1.8120549 4.012536 1.5218456983566284 0.5696299076080322
Car 0.0 0 -1.6026417016983032 694.13427734375 169.42356872558594 733.460205078125 204.38931274414062 3.9618492 1.4835619 1.6235193 4.6039715 1.3383703 32.66836 -1.4626331329345703 0.23472647368907928
