Pedestrian 0.0 0 -2.0457658767700195 1182.8973388671875 116.13204193115234 1242.0 214.4773712158203 0.832297 1.9057283 0.6831003 12.05661 0.80693245 14.45982 -1.3507516384124756 0.2994655668735504
Pedestrian 0.0 0 2.6926448345184326 512.2620849609375 166.55198669433594 533.1094970703125 205.4847412109375 0.7355105 1.7762254 0.6798092 -4.082891 1.4890671 33.400593 2.5710082054138184 0.15135788917541504
Pedestrian 0.0 0 -0.2700205147266388 766.868408203125 128.6066436767578 819.91943359375 226.525634765625 0.8218055 1.8107226 0.6803075 3.416811 0.99285614 13.690459 -0.025440897792577744 0.13651776313781738
Cyclist 0.0 0 -3.5542030334472656 1101.461181640625 112.8670425415039 1242.0 239.15724182128906 1.7656512 1.6854581 0.59726495 7.981247 0.8852351 10.137965 -2.8872768878936768 0.14824597537517548
Cyclist 0.0 0 -2.0179238319396973 753.1782836914062 133.02032470703125 814.9456787109375 231.31362915039062 1.462779 1.8138198 0.59212387 3.3205142 1.0791214 14.089692 -1.7864773273468018 0.12731006741523743
Car 0.0 0 -1.4692769050598145 659.849365234375 165.61953735351562 697.3004760742188 199.22280883789062 2.6365676 1.5346198 1.5197799 3.25956 1.2045888 34.39003 -1.37477707862854 0.7772172093391418
Car 0.0 0 2.071781635284424 0.0 158.7097930908203 332.4071044921875 375.0 4.2018414 1.6606054 1.6279917 -3.707551 1.5923623 5.655587 1.4915109872817993 0.5610599517822266
Car 0.0 0 1.85386323928833 615.428466796875 164.13980102539062 654.2772216796875 187.22415161132812 4.150695 1.5594019 1.64998 1.773067 0.9710947 50.968075 1.8886370658874512 0.555429995059967
Car 0.0 0 1.9016282558441162 230.4380645751953 172.61549377441406 452.1098327636719 318.0477294921875 4.3833575 1.7508314 1.7228478 -3.76844 1.7483177 10.877677 1.5681302547454834 0.47544166445732117
Car 0.0 0 1.9684834480285645 0.0 195.94070434570312 249.58694458007812 351.7811584472656 4.0612817 1.4170089 1.5825893 -6.186317 1.7847084 9.335355 1.3832486867904663 0.14968718588352203
