Pedestrian 0.0 0 3.339672803878784 40.001651763916016 135.48651123046875 82.80597686767578 226.44422912597656 0.6061576 1.8681229 0.64395887 -11.626318 1.1010135 15.238696 2.687937021255493 0.2478826344013214
Cyclist 0.0 0 -1.912632942199707 900.1102294921875 155.97227478027344 949.7848510742188 232.2060546875 1.9541694 1.8247436 0.51996994 7.8888345 1.4210181 18.260191 -1.5048283338546753 0.9361114501953125
Cyclist 0.0 0 1.6153202056884766 156.26768493652344 178.2977752685547 174.91610717773438 221.0084228515625 1.7524868 1.8774418 0.64818513 -20.276361 2.1327991 32.872604 1.0626273155212402 0.19232586026191711
Cyclist 0.0 0 1.586418867111206 153.35621643066406 186.7037811279297 162.39767456054688 206.9204559326172 1.4687989 1.711664 0.64695984 -39.477657 2.9361029 62.972996 1.0264556407928467 0.1570797562599182
Car 0.0 0 -1.5770535469055176 708.916015625 175.05307006835938 739.4466552734375 204.4892120361328 3.6283853 1.5846448 1.6403297 6.4430647 1.7159377 41.04239 -1.4213387966156006 0.6891306638717651
Car 0.0 0 0.6464622020721436 241.0460205078125 182.6579132080078 334.2229919433594 218.1189422607422 4.5972576 1.8690755 1.7707852 -17.96012 2.4339762 40.167885 0.22600054740905762 0.2889217138290405
Car 0.0 0 0.2789016366004944 297.1021728515625 184.33615112304688 367.26715087890625 208.233642578125 4.2937207 1.6080598 1.6766672 -19.446753 2.429316 50.55818 -0.08829456567764282 0.2787899076938629
Car 0.0 0 2.018338203430176 6.572460174560547 205.48870849609375 107.3502197265625 248.9715576171875 3.7565022 1.3814746 1.627743 -21.315351 2.7360356 27.933731 1.366525650024414 0.27795612812042236
Car 0.0 0 1.6854175329208374 321.997314453125 188.3333282470703 356.1180114746094 215.5624237060547 3.793969 1.5875589 1.6332833 -17.415792 2.6275845 46.421143 1.3264983892440796 0.2471819519996643
Car 0.0 0 1.6431630849838257 872.8416748046875 167.3269805908203 901.7865600585938 189.03785705566406 4.1986737 1.4446715 1.5836979 19.314749 1.077254 50.24617 2.0101513862609863 0.19292356073856354
Car 0.0 0 -1.6886751651763916 771.192626953125 165.28628540039062 812.2705078125 199.1339569091797 3.489231 1.5835389 1.5550661 8.872616 1.2298467 35.582645 -1.4443061351776123 0.1785305142402649
Car 0.0 0 -1.9179390668869019 210.0902862548828 182.54385375976562 245.01629638671875 199.61886596679688 3.9205449 1.521321 1.6919197 -36.30792 2.4668055 68.43157 -2.4057445526123047 0.17430633306503296
