Pedestrian 0.0 0 2.051285982131958 220.25579833984375 177.9503631591797 274.3929138183594 259.7449645996094 0.8085448 1.8417376 0.8427323 -8.432518 1.9629972 16.704615 1.5838043689727783 0.7878549098968506
Pedestrian 0.0 0 -2.1714272499084473 372.4764709472656 180.26625061035156 398.2346496582031 218.17172241210938 0.8407095 1.8997943 0.9546857 -11.56926 2.2872498 37.043694 -2.474142551422119 0.15816575288772583
Pedestrian 0.0 0 3.6931228637695312 63.61628723144531 177.77871704101562 124.88928985595703 270.57550048828125 0.8000825 1.7552822 0.5433315 -10.030813 1.8530958 13.976501 3.070621967315674 0.15737703442573547
Pedestrian 0.0 0 -1.2468572854995728 207.90728759765625 165.43687438964844 256.6699523925781 232.19386291503906 1.1997392 1.8241664 0.8859541 -10.692993 1.6218477 20.376171 -1.7301312685012817 0.1349751502275467
Pedestrian 0.0 0 -1.331906795501709 241.3115997314453 164.58900451660156 289.0086669921875 233.01055908203125 1.0761466 1.8686349 0.9878053 -9.744815 1.643271 20.33138 -1.7788569927215576 0.12203917652368546
Pedestrian 0.0 0 -1.6815296411514282 661.5718994140625 178.70120239257812 673.6513671875 213.13568115234375 0.9707934 1.6407737 0.47874898 2.7554197 1.9290905 35.038162 -1.6030505895614624 0.11395014077425003
Cyclist 0.0 0 -1.3479700088500977 368.21636962890625 185.48239135742188 382.2840576171875 216.58567810058594 1.5296528 1.6520495 0.4107143 -12.956843 2.3615782 39.73603 -1.6631720066070557 0.11798590421676636
Cyclist 0.0 0 -1.2132455110549927 212.8006134033203 147.54249572753906 259.9579162597656 213.6017608642578 1.2005053 1.8265575 0.82925373 -10.691392 1.1270454 20.59399 -1.6920963525772095 0.10712139308452606
Car 0.0 0 0.07528254389762878 114.16694641113281 199.5856475830078 250.4397430419922 244.62022399902344 4.363126 1.4788373 1.9373131 -16.288336 2.5731933 27.695442 -0.4563583433628082 0.12641926109790802
Car 0.0 0 -1.3852678537368774 463.8546447753906 175.6221466064453 506.42401123046875 204.1839599609375 3.7436357 1.4226563 1.5568426 -6.589941 1.576744 38.184864 -1.5561643838882446 0.10827186703681946
Car 0.0 0 -1.7225761413574219 644.8558349609375 182.08111572265625 684.9446411132812 210.9720458984375 3.9779406 1.4931977 1.6592225 3.0044594 2.0395443 40.64465 -1.6487901210784912 0.10688464343547821
