Cyclist 0.0 0 -1.181376338005066 278.00775146484375 142.1935577392578 345.4869384765625 220.33323669433594 1.8025508 1.6882358 0.8027349 -6.8244762 1.0261639 16.48881 -1.573795199394226 0.36763685941696167
Cyclist 0.0 0 -0.7172082662582397 250.27816772460938 148.24334716796875 359.0648193359375 261.1408996582031 1.789234 1.7659205 0.5282985 -5.165661 1.3813233 12.203366 -1.1176364421844482 0.34319835901260376
Car 0.0 0 -1.3486387729644775 546.6836547851562 178.9059295654297 673.2490844726562 268.3329162597656 3.806911 1.424893 1.601508 0.09458118 1.5581369 13.804989 -1.3417876958847046 0.9511731266975403
Car 0.0 0 -1.8939967155456543 918.5066528320312 194.1513214111328 1242.0 375.0 3.0314035 1.445176 1.4691323 3.4467065 1.661081 5.658877 -1.3469277620315552 0.8976558446884155
Car 0.0 0 2.0378100872039795 234.83689880371094 177.22474670410156 565.5364379882812 375.0 3.631911 1.4729215 1.5394887 -1.7439162 1.527845 7.0632634 1.7957515716552734 0.8502357602119446
Car 0.0 0 -1.7180460691452026 832.53076171875 177.62899780273438 907.945556640625 239.9243621826172 2.5594432 1.5750293 1.5809282 7.0439925 1.7161769 19.863752 -1.377265453338623 0.83908611536026
Car 0.0 0 1.697794795036316 694.2723388671875 172.65721130371094 740.0384521484375 207.45237731933594 3.8562315 1.4883795 1.5914223 4.90356 1.4803195 32.933052 1.8456037044525146 0.7836244702339172
Car 0.0 0 -0.5201408267021179 0.0 174.63772583007812 313.0563049316406 375.0 3.6471367 1.5304835 1.6336437 -2.954099 1.5420642 2.5877945 -1.3715403079986572 0.684610903263092
Car 0.0 0 -1.637270212173462 832.1775512695312 180.9072265625 889.3623657226562 228.56582641601562 3.624344 1.452775 1.5875531 8.431605 1.7496703 24.609436 -1.3071880340576172 0.627770721912384
Car 0.0 0 -2.8710625171661377 549.651611328125 170.42453002929688 651.5071411132812 215.48072814941406 3.6234164 1.6541326 1.5738457 -0.38346633 1.5652988 27.707926 -2.884901285171509 0.36277422308921814
Car 0.0 0 1.5351248979568481 810.9342041015625 172.4933319091797 835.149658203125 192.8606414794922 3.9353664 1.5180594 1.6533371 16.441116 1.4915354 55.887653 1.821235179901123 0.30300173163414
