Car 0.0 0 -1.7582626342773438 677.9922485351562 181.26950073242188 740.9419555664062 227.13156127929688 3.3687458 1.4143014 1.5093015 3.2757733 1.7217551 24.603994 -1.6259011030197144 0.9504828453063965
Car 0.0 0 3.701035976409912 0.0 185.00819396972656 300.0997009277344 307.7270202636719 4.135653 1.4227371 1.6027769 -6.5199814 1.597114 9.433732 3.0962846279144287 0.9379346370697021
Car 0.0 0 -2.0490851402282715 826.1674194335938 192.03868103027344 1242.0 375.0 3.6391973 1.3777809 1.5828404 3.1276367 1.5896116 6.1262617 -1.5770496129989624 0.9377269744873047
Car 0.0 0 -1.8620426654815674 741.671875 178.9689483642578 925.3775024414062 302.3460998535156 3.7429676 1.54526 1.6185621 3.1510417 1.6557077 11.104175 -1.5855406522750854 0.8864737749099731
Car 0.0 0 3.522820472717285 182.32557678222656 180.52951049804688 400.572021484375 257.8199157714844 3.829575 1.496255 1.6011864 -6.5417504 1.6652691 14.993813 3.1114203929901123 0.8846905827522278
Car 0.0 0 0.27612873911857605 363.15472412109375 179.45458984375 489.5058898925781 232.84410095214844 3.4476855 1.5552939 1.5610069 -5.595545 1.764952 22.048882 0.027596473693847656 0.7958434820175171
Car 0.0 0 0.18748530745506287 453.906982421875 164.10818481445312 530.19287109375 203.34840393066406 3.7761433 2.0467074 1.659248 -6.2905874 1.5908977 38.50912 0.025562286376953125 0.7566723823547363
Car 0.0 0 -0.1920202523469925 730.6724853515625 181.03782653808594 835.966552734375 216.29307556152344 4.2746706 1.4893198 1.6466392 7.5347605 1.8608105 31.809315 0.04056572914123535 0.7071047425270081
Car 0.0 0 0.25331199169158936 258.0710754394531 181.41253662109375 454.53753662109375 249.0804443359375 4.1339207 1.4957578 1.6319951 -5.955317 1.7114738 17.173714 -0.08048181235790253 0.6274874210357666
Car 0.0 0 -2.7980268001556396 301.9839172363281 177.2423553466797 461.17742919921875 236.94833374023438 3.8316271 1.5483241 1.601249 -6.2083745 1.6738908 19.710567 -3.1031665802001953 0.6186067461967468
Car 0.0 0 3.2097764015197754 403.20416259765625 173.74246215820312 506.3992004394531 215.1307830810547 3.9975674 1.6169239 1.6249052 -6.2718277 1.6547292 29.320564 2.999046802520752 0.5635216236114502
