Pedestrian 0.0 0 0.28548452258110046 239.49229431152344 176.27239990234375 274.797607421875 236.6561279296875 0.7569302 1.6774482 0.60844314 -9.868174 1.5615827 20.001492 -0.17284655570983887 0.8179953694343567
Pedestrian 0.0 0 1.071083426475525 560.98779296875 155.9829864501953 599.0304565429688 225.54833984375 0.904695 1.8601918 0.6973871 -0.7291233 1.206185 19.468735 1.0336499214172363 0.6388953328132629
Pedestrian 0.0 0 -2.065997362136841 328.281494140625 162.0059356689453 366.3752136230469 224.63795471191406 0.94060755 1.6920129 0.62093127 -7.196422 1.1939745 19.64023 -2.417217969894409 0.6321815252304077
Pedestrian 0.0 0 3.527608633041382 207.3490447998047 170.13653564453125 251.75709533691406 238.96743774414062 0.8264243 1.7347413 0.6489723 -9.681748 1.4751449 18.180122 3.038264513015747 0.5483798980712891
Pedestrian 0.0 0 -2.701911449432373 355.18389892578125 131.7145233154297 391.7898254394531 201.11080932617188 0.74275976 1.8264302 0.6148402 -6.2369466 0.54403865 18.954002 -3.019808292388916 0.43297410011291504
Cyclist 0.0 0 -0.46547776460647583 994.3192138671875 139.11770629882812 1071.722412109375 202.69552612304688 1.838116 1.8158821 0.6338457 12.40415 0.6355103 20.576159 0.07702803611755371 0.8938539028167725
Cyclist 0.0 0 -0.3869684934616089 1084.9454345703125 124.64900970458984 1197.402099609375 212.74449157714844 1.8256706 1.8231661 0.6094356 11.413913 0.66893435 15.155605 0.25852322578430176 0.8463556170463562
Cyclist 0.0 0 -1.55400812625885 861.50732421875 151.91287231445312 884.1116943359375 197.26028442382812 1.7291639 1.707011 0.7974977 10.427097 0.632418 27.561197 -1.1923253536224365 0.8374155759811401
Cyclist 0.0 0 -0.4057539999485016 283.35162353515625 168.88365173339844 360.9952697753906 241.64479064941406 1.6674793 1.6878757 0.5617533 -6.893001 1.4200121 17.185642 -0.7872002720832825 0.5862908363342285
Cyclist 0.0 0 -1.7335008382797241 950.8026733398438 115.13716125488281 1016.70263671875 223.3347625732422 1.6946428 1.7269232 0.72725797 6.4500484 0.68533313 12.199084 -1.2471325397491455 0.5279349684715271
Cyclist 0.0 0 2.7533645629882812 788.5371704101562 157.26026916503906 831.01904296875 198.33360290527344 1.6450537 1.7559038 0.6468629 8.845283 0.7638718 30.63121 3.0344841480255127 0.4968433678150177
Cyclist 0.0 0 -2.021803855895996 1042.8206787109375 149.55886840820312 1082.75341796875 199.15406799316406 1.7654036 1.7972986 0.5384705 17.126772 0.6775319 26.527002 -1.4485031366348267 0.4079522490501404
Cyclist 0.0 0 -2.1013336181640625 1133.5528564453125 145.21145629882812 1180.080322265625 195.16049194335938 1.8168597 1.8090739 0.52648014 20.658907 0.53249997 26.538233 -1.439866542816162 0.4068581163883209
Cyclist 0.0 0 -1.3553271293640137 332.5830993652344 171.50857543945312 347.1512145996094 198.1468505859375 1.8409193 1.7687638 0.5450736 -17.949284 1.173061 47.892506 -1.7139073610305786 0.32267871499061584
Cyclist 0.0 0 -1.904390811920166 330.0357971191406 163.1886749267578 365.7592468261719 226.4813232421875 0.92864877 1.7066276 0.6632092 -7.1783338 1.2414254 19.629362 -2.2549777030944824 0.14219306409358978
Car 0.0 0 -1.3012256622314453 334.71014404296875 178.4784698486328 485.0819091796875 276.3225402832031 3.6694145 1.4552833 1.5837991 -3.2609215 1.426878 12.355021 -1.5592758655548096 0.9669158458709717
Car 0.0 0 1.5869393348693848 472.9105529785156 167.44203186035156 495.7306823730469 189.25794982910156 3.9615853 1.5672888 1.6205142 -8.983306 0.6304706 52.871204 1.4186373949050903 0.6203509569168091
