Pedestrian 0.0 0 -1.9024648666381836 395.07489013671875 165.0063018798828 441.69287109375 256.6529541015625 0.818449 1.6959499 0.63266283 -3.6377687 1.4108723 13.595331 -2.163914918899536 0.8524954319000244
Pedestrian 0.0 0 -2.6188621520996094 504.00103759765625 160.66021728515625 566.6932373046875 253.43801879882812 0.95834714 1.7484254 0.7923129 -1.4026698 1.3761743 13.877236 -2.719597101211548 0.7911162972450256
Pedestrian 0.0 0 1.646478533744812 323.44976806640625 161.64796447753906 343.67352294921875 205.21075439453125 0.9238786 1.8134887 0.7345742 -11.523829 1.030176 29.976954 1.2794723510742188 0.5285709500312805
Pedestrian 0.0 0 1.683787226676941 423.0289611816406 165.8164825439453 436.8992004394531 197.8817596435547 0.80312395 1.7876732 0.67398775 -9.872152 0.9704431 39.85557 1.4409761428833008 0.5273394584655762
Pedestrian 0.0 0 -0.10373127460479736 220.3683319091797 155.68150329589844 237.130126953125 198.22080993652344 0.5831083 1.8324649 0.63533086 -16.456175 0.76483375 30.878958 -0.593370795249939 0.485887348651886
Pedestrian 0.0 0 3.263845443725586 345.2281188964844 158.68606567382812 364.1752014160156 192.4984130859375 0.9444229 1.882992 0.5550267 -14.07489 0.66957754 39.74334 2.92348313331604 0.38993334770202637
Pedestrian 0.0 0 1.3826302289962769 296.9598388671875 157.60279846191406 315.3796691894531 197.83132934570312 0.7048745 1.9279826 0.704963 -14.545334 0.83206034 34.369705 0.982283353805542 0.33078891038894653
Pedestrian 0.0 0 -1.5904572010040283 434.4476013183594 170.8270263671875 449.6467590332031 209.05172729492188 0.75751704 1.7318095 0.66443956 -7.507436 1.2950267 32.477066 -1.8176281452178955 0.3210373520851135
Cyclist 0.0 0 2.113400459289551 62.85591125488281 149.5210723876953 241.03811645507812 331.5195617675781 1.7879906 1.7815577 0.85590345 -4.9500484 1.4800048 7.8193226 1.5490310192108154 0.9459554553031921
Cyclist 0.0 0 -2.1608409881591797 687.4629516601562 156.00314331054688 777.7886962890625 271.71002197265625 1.7603976 1.7948077 0.60931075 2.05874 1.4164782 11.890576 -1.9894001483917236 0.8499937057495117
Cyclist 0.0 0 -1.5904572010040283 434.4476013183594 170.8270263671875 449.6467590332031 209.05172729492188 0.75751704 1.7318095 0.66443956 -7.507436 1.2950267 32.477066 -1.8176281452178955 0.10970254987478256
Car 0.0 0 -1.6451144218444824 601.39453125 175.59007263183594 636.728271484375 205.218505859375 3.757305 1.4765464 1.5713906 0.6809759 1.2332888 37.150806 -1.626786470413208 0.9067703485488892
Car 0.0 0 -2.1134281158447266 955.8792114257812 183.7081298828125 1064.4208984375 231.512939453125 3.4793606 1.4987118 1.6435484 13.685385 1.6178607 24.158806 -1.5980232954025269 0.8949481844902039
Car 0.0 0 0.8603846430778503 1097.9111328125 185.82650756835938 1224.0 237.6068115234375 3.749876 1.6151582 1.7143978 19.171974 1.8145612 24.35265 1.5273115634918213 0.8887479305267334
Car 0.0 0 -2.2570762634277344 1031.5279541015625 185.14491271972656 1154.8155517578125 233.30902099609375 3.384779 1.4816715 1.636446 16.293999 1.6513904 23.841274 -1.6575534343719482 0.8346520066261292
Car 0.0 0 -2.793944835662842 424.61395263671875 167.3916015625 491.6126708984375 193.44241333007812 3.8181365 1.6042951 1.6166834 -9.24611 0.7983901 44.61009 -2.9983160495758057 0.33536526560783386
