Pedestrian 0.0 0 2.9371020793914795 341.2032775878906 179.04409790039062 422.80108642578125 316.0810852050781 0.9250416 1.7088158 0.58697444 -3.0652103 1.7950326 9.521788 2.6256625652313232 0.4371541142463684
Car 0.0 0 -1.6002066135406494 582.61181640625 176.3291473388672 636.0303955078125 220.08409118652344 3.396879 1.3425231 1.6624326 -0.12492503 1.4674565 24.136393 -1.6053823232650757 0.9462567567825317
Car 0.0 0 -2.050856590270996 294.33648681640625 162.66024780273438 466.40789794921875 258.7010498046875 4.1016684 1.7594091 1.7495931 -5.0087423 1.5730236 15.274394 -2.367725133895874 0.7994853258132935
Car 0.0 0 -1.9841501712799072 0.48291850090026855 121.35822296142578 366.45953369140625 333.8359680175781 4.403446 1.7122277 1.7041935 -4.786653 1.2976128 7.7648067 -2.536581039428711 0.7863155603408813
Car 0.0 0 -2.2620468139648438 408.3857727050781 175.88221740722656 510.1872863769531 219.68197631835938 3.7339551 1.4640723 1.5894771 -5.543532 1.581653 26.145155 -2.4709815979003906 0.7429959177970886
Car 0.0 0 -1.5397242307662964 582.5487060546875 173.72628784179688 616.75 205.06520080566406 3.6324952 1.5253346 1.6456553 -0.5260082 1.5726956 37.04782 -1.5539213418960571 0.7179722189903259
Car 0.0 0 -1.8136622905731201 0.0 181.0492401123047 145.46261596679688 375.0 3.7441595 1.4390885 1.5544498 -4.971737 1.5118676 4.76693 -2.6200876235961914 0.6948832273483276
Car 0.0 0 -2.2131190299987793 438.6448974609375 168.1708984375 529.9337768554688 215.92796325683594 3.8010168 1.7943244 1.6647002 -5.141375 1.6187294 29.013823 -2.388502597808838 0.6651318073272705
Car 0.0 0 -2.0825388431549072 347.26531982421875 159.46177673339844 483.0487365722656 239.1667938232422 3.9448826 1.8288952 1.6247574 -5.129725 1.521958 18.525558 -2.352670431137085 0.40757185220718384
Car 0.0 0 -1.770965576171875 629.1091918945312 173.3195037841797 658.7235107421875 192.9296417236328 3.708167 1.4784657 1.6032971 2.5928872 1.5165019 56.4442 -1.7250607013702393 0.3689538538455963
