Pedestrian 0.0 0 1.6264756917953491 639.35546875 161.6357421875 658.4851684570312 212.1707763671875 0.9033181 1.8531014 0.6657777 1.6202188 1.1628733 26.409681 1.6877483129501343 0.6789966225624084
Pedestrian 0.0 0 2.2536873817443848 561.8643188476562 166.7509307861328 580.7828369140625 200.2162322998047 0.77331287 1.8020024 0.70092046 -1.8470387 1.0630625 38.586597 2.2058565616607666 0.3285782039165497
Pedestrian 0.0 0 1.1908881664276123 909.9615478515625 133.045166015625 975.6263427734375 255.32554626464844 0.71208733 1.7823821 0.676516 5.03935 1.0923352 10.677129 1.631866455078125 0.17965741455554962
Pedestrian 0.0 0 -2.3577771186828613 1079.930419921875 135.75732421875 1224.0 370.0 0.9353019 1.7154387 0.62635493 2.9951346 1.5220598 3.5719523 -1.6599886417388916 0.17457400262355804
Pedestrian 0.0 0 -0.39546501636505127 1002.5940551757812 80.14986419677734 1126.854248046875 256.1422119140625 0.962543 1.835377 0.6643262 4.9746914 0.79054356 7.778906 0.17350077629089355 0.16066224873065948
Pedestrian 0.0 0 1.3552329540252686 798.1914672851562 125.72589111328125 835.1546020507812 200.28851318359375 1.0655266 1.8934057 0.71210355 5.490972 0.50409174 18.506746 1.643660545349121 0.14885611832141876
Pedestrian 0.0 0 2.1362497806549072 247.5657501220703 91.94213104248047 364.1223449707031 322.3144226074219 0.7279916 1.7121772 0.5580909 -2.4214947 1.0557069 5.653942 1.7316005229949951 0.1383490264415741
Pedestrian 0.0 0 0.8415017127990723 199.72315979003906 135.6763153076172 272.6914978027344 265.60418701171875 0.6656017 1.7619058 0.632685 -5.2545695 1.1557384 9.995867 0.3575263023376465 0.1364477425813675
Pedestrian 0.0 0 0.4931628108024597 149.56222534179688 130.3419647216797 248.36488342285156 276.798828125 0.8860761 1.7510726 0.59717304 -5.0611362 1.1530526 8.760713 -0.030704423785209656 0.13416975736618042
Pedestrian 0.0 0 2.2283194065093994 1070.062255859375 72.65934753417969 1213.357177734375 282.26678466796875 0.958903 1.8260326 0.6039704 4.9252834 0.88826215 6.5736313 2.8713393211364746 0.1318298578262329
Pedestrian 0.0 0 -1.332877516746521 498.5117492675781 185.05470275878906 539.6505126953125 268.460205078125 0.9643269 1.6693181 0.64394486 -1.8176296 1.7691056 14.718451 -1.4557486772537231 0.1309387981891632
Pedestrian 0.0 0 1.5724259614944458 260.3172912597656 148.06207275390625 299.33734130859375 248.92837524414062 0.60228664 1.7477143 0.6210854 -5.8610525 1.1873068 12.649628 1.138535737991333 0.12631435692310333
Pedestrian 0.0 0 3.576382637023926 227.6371612548828 163.0335235595703 287.9634704589844 273.7104187011719 0.67203504 1.7135293 0.60287243 -5.5600424 1.4447665 11.251219 3.117408037185669 0.126026451587677
Pedestrian 0.0 0 1.5553756952285767 732.4780883789062 147.29869079589844 745.43798828125 188.07994079589844 0.71137166 1.8770715 0.5809495 6.2202487 0.35034403 32.938923 1.7420196533203125 0.12324855476617813
Pedestrian 0.0 0 1.3863524198532104 806.6909790039062 138.36328125 841.9007568359375 217.06011962890625 1.2810707 1.8530729 0.59398484 5.316929 0.86248505 17.313948 1.684300422668457 0.11210227757692337
Cyclist 0.0 0 -2.3454408645629883 1077.0347900390625 132.0231170654297 1224.0 370.0 1.1974052 1.7218874 0.6399778 3.0069847 1.5276202 3.470762 -1.6315162181854248 0.13593341410160065
Cyclist 0.0 0 1.3863524198532104 806.6909790039062 138.36328125 841.9007568359375 217.06011962890625 1.2810707 1.8530729 0.59398484 5.316929 0.86248505 17.313948 1.684300422668457 0.12570524215698242
Cyclist 0.0 0 1.6264756917953491 639.35546875 161.6357421875 658.4851684570312 212.1707763671875 0.9033181 1.8531014 0.6657777 1.6202188 1.1628733 26.409681 1.6877483129501343 0.10645722597837448
Car 0.0 0 -1.6165589094161987 668.87646484375 157.8042755126953 703.6654663085938 194.7416229248047 4.657738 2.0176978 1.779867 4.647542 0.77934587 41.000797 -1.5036882162094116 0.7945339679718018
Car 0.0 0 1.8959684371948242 519.8003540039062 176.79489135742188 560.243896484375 200.18243408203125 3.9594853 1.6222161 1.7421124 -4.6472883 1.366524 51.165676 1.8053886890411377 0.18643030524253845
