Pedestrian 0.0 0 -0.6088328957557678 0.0 162.7928924560547 33.514793395996094 250.13070678710938 0.5632073 1.7462049 0.5785303 -12.363972 1.545404 14.770995 -1.3057570457458496 0.21604052186012268
Pedestrian 0.0 0 -2.1629581451416016 808.601318359375 170.56890869140625 860.0238037109375 265.0160827636719 0.7422224 1.6680862 0.5801278 4.036869 1.6280857 13.180152 -1.8657461404800415 0.18830958008766174
Cyclist 0.0 0 -1.9673165082931519 871.7060546875 148.91383361816406 921.024658203125 209.65887451171875 1.8306894 1.736466 0.7118586 8.474652 1.0524675 21.546103 -1.5925763845443726 0.2131202667951584
Cyclist 0.0 0 -1.926327109336853 631.7296752929688 165.96534729003906 656.8406372070312 205.90402221679688 1.6063458 1.751065 0.6053572 1.4922136 1.4493984 32.489456 -1.8804302215576172 0.20570231974124908
Car 0.0 0 1.7577564716339111 315.4065246582031 187.86907958984375 439.17669677734375 272.919189453125 4.594022 1.4671886 1.699148 -4.8991914 1.843112 15.664752 1.4546414613723755 0.9533911943435669
Car 0.0 0 3.6095869541168213 0.0 192.50299072265625 92.30120086669922 371.02203369140625 3.5742013 1.5236087 1.6055435 -8.038107 1.7728386 7.7935514 2.8087427616119385 0.745175302028656
Car 0.0 0 -1.6228340864181519 420.9677429199219 177.06393432617188 451.7406311035156 203.25181579589844 3.8489485 1.5292721 1.6559601 -10.868741 1.8036584 44.882088 -1.8604223728179932 0.6302525401115417
Car 0.0 0 1.634011149406433 413.3564453125 171.52935791015625 439.3042907714844 192.7055206298828 3.8906045 1.504949 1.6181988 -13.567981 1.4111674 53.336914 1.3849120140075684 0.4630986452102661
Car 0.0 0 -0.564751148223877 625.0173950195312 151.64271545410156 700.699951171875 182.6857147216797 3.8676815 1.6537492 1.7381327 2.9114237 0.52412206 40.115524 -0.49230217933654785 0.18912939727306366
Car 0.0 0 -2.064004421234131 528.2130737304688 151.86595153808594 592.3635864257812 193.78025817871094 4.6385765 2.3746912 1.8604034 -3.0841396 1.1859531 43.333813 -2.135056257247925 0.16364435851573944
