Pedestrian 0.0 0 0.6680973768234253 660.7662353515625 160.82772827148438 681.9586181640625 197.82632446289062 0.9563719 1.8347323 0.50188583 3.0464911 1.2387166 36.287655 0.7518548965454102 0.6045697331428528
Pedestrian 0.0 0 0.4526000916957855 652.6643676757812 162.90541076660156 675.6405639648438 201.08241271972656 0.988702 1.8521109 0.5437368 2.625038 1.3698252 35.48523 0.5264410972595215 0.5445963144302368
Cyclist 0.0 0 2.131699562072754 28.3377742767334 165.05029296875 260.3871154785156 375.0 1.687229 1.6512741 0.6903511 -3.483301 1.601058 5.5177507 1.5685899257659912 0.8660058379173279
Cyclist 0.0 0 0.6680973768234253 660.7662353515625 160.82772827148438 681.9586181640625 197.82632446289062 0.9563719 1.8347323 0.50188583 3.0464911 1.2387166 36.287655 0.7518548965454102 0.11823640018701553
Car 0.0 0 1.8824044466018677 338.8533020019531 177.504638671875 454.1064758300781 246.0438995361328 3.8253915 1.4683778 1.5938758 -5.1230183 1.5950085 17.653128 1.5999583005905151 0.9379218816757202
Car 0.0 0 1.9492523670196533 197.18704223632812 190.01626586914062 395.1601257324219 296.71539306640625 4.1166296 1.4015892 1.6179997 -5.081136 1.7417479 12.212343 1.5549734830856323 0.9365561604499817
Car 0.0 0 -1.8518465757369995 720.690185546875 157.64865112304688 918.5803833007812 295.36773681640625 3.7836869 1.5956992 1.6298131 2.6746707 1.4198784 10.2700405 -1.5970717668533325 0.9341946244239807
Car 0.0 0 -2.1051199436187744 832.2975463867188 164.81114196777344 1242.0 375.0 3.2556047 1.474003 1.5057648 2.828392 1.435377 5.145426 -1.6025142669677734 0.923041045665741
Car 0.0 0 1.8050525188446045 428.3344421386719 177.96661376953125 497.3917236328125 223.62474060058594 3.7302709 1.4281746 1.5055336 -5.0308733 1.6182398 24.88024 1.605539083480835 0.9220334887504578
Car 0.0 0 2.243076801300049 0.0 197.42625427246094 282.54571533203125 375.0 4.010294 1.5332708 1.6571242 -5.0946727 1.8450801 7.0988 1.620582938194275 0.8790972828865051
Car 0.0 0 -1.70476496219635 691.306884765625 157.0107421875 801.3660278320312 248.6768341064453 4.3585477 1.7068275 1.7206576 2.737488 1.412183 15.643693 -1.5315290689468384 0.8353181481361389
Car 0.0 0 1.6113755702972412 529.1944580078125 164.93209838867188 556.9235229492188 195.98907470703125 4.0533733 1.9564368 1.6571397 -4.39982 1.4577534 47.517433 1.5190449953079224 0.7679203152656555
Car 0.0 0 -1.6380400657653809 684.9241333007812 171.15513610839844 750.7373657226562 227.84637451171875 3.8084192 1.5050999 1.6270617 3.0193474 1.4603547 21.113096 -1.4959949254989624 0.5414168238639832
