Pedestrian 0.0 0 1.5157270431518555 0.0 209.858642578125 45.29439926147461 327.1921081542969 0.6897604 1.6337724 0.5789291 -8.892144 2.2100725 10.777539 0.8258898258209229 0.47057852149009705
Cyclist 0.0 0 -3.2655506134033203 788.4122924804688 181.22998046875 897.810302734375 281.04620361328125 1.6360513 1.5578855 0.572491 3.715145 1.6997825 11.760373 -2.9595677852630615 0.901272177696228
Cyclist 0.0 0 -3.1285102367401123 813.5267333984375 174.73040771484375 946.3779296875 290.7646179199219 1.7173613 1.549404 0.659814 3.7622101 1.5780637 10.266046 -2.7772376537323 0.8679248094558716
Cyclist 0.0 0 -1.9535462856292725 732.8173217773438 170.1867218017578 751.7570190429688 199.70545959472656 1.592703 1.5912395 0.4618525 7.2373996 1.4478153 39.719048 -1.7733088731765747 0.6006530523300171
Car 0.0 0 1.9148176908493042 230.2240753173828 190.71510314941406 382.1205139160156 285.0162658691406 3.6324072 1.5075496 1.5776316 -5.7880044 1.9024119 14.083623 1.5248868465423584 0.9567663669586182
Car 0.0 0 1.7353918552398682 381.4695739746094 189.66790771484375 496.9512939453125 276.8547058105469 3.9997618 1.4528503 1.6574246 -3.4042144 1.8471588 14.856457 1.510140061378479 0.9531627297401428
Car 0.0 0 2.048208475112915 23.1068058013916 202.262939453125 294.7175598144531 345.112548828125 3.6257184 1.4065803 1.5600702 -5.7842693 1.87895 9.721994 1.5114976167678833 0.9251487851142883
Car 0.0 0 -0.15348798036575317 631.845947265625 177.47828674316406 729.5955810546875 212.26177978515625 4.386161 1.5845276 1.7051871 3.2550738 1.8097576 34.105503 -0.05833490192890167 0.7122511267662048
Car 0.0 0 -0.7502561211585999 1111.759033203125 157.2110137939453 1242.0 247.0989532470703 3.7167106 1.5213225 1.6111507 11.443133 1.256928 13.0722065 -0.03121158294379711 0.6807407736778259
Car 0.0 0 1.6601793766021729 497.00579833984375 183.9755096435547 546.4720458984375 226.65817260742188 4.1162415 1.5556338 1.6429236 -3.574821 2.0422714 29.463072 1.5394372940063477 0.5791841745376587
Car 0.0 0 -0.03648447245359421 613.6106567382812 177.3441925048828 675.5321655273438 203.84494018554688 4.035133 1.7159977 1.7180012 2.2304869 2.0199049 47.896034 0.010051250457763672 0.5385075211524963
