Pedestrian 0.0 0 2.054642677307129 209.0204620361328 141.10670471191406 246.16622924804688 209.81008911132812 0.78805393 1.8801924 0.62205684 -10.712266 1.0117285 20.139015 1.5657893419265747 0.25952857732772827
Pedestrian 0.0 0 0.4866596460342407 1088.269287109375 46.842464447021484 1242.0 354.1397399902344 0.75980794 1.6877443 0.5485413 3.4350588 0.996019 4.419142 1.1474134922027588 0.18292662501335144
Cyclist 0.0 0 1.7922754287719727 540.1504516601562 176.67723083496094 558.0697021484375 210.2248992919922 1.8383011 1.7988628 0.59926146 -3.3882794 2.0154576 39.85515 1.7074644565582275 0.4042075276374817
Cyclist 0.0 0 -3.3672869205474854 862.9243774414062 150.2910919189453 908.6270141601562 189.7725830078125 1.8163612 1.7532481 0.6785241 12.367895 0.7516588 32.49938 -3.003652572631836 0.23245157301425934
Cyclist 0.0 0 -1.8612958192825317 821.5662841796875 174.47511291503906 842.63525390625 213.345458984375 1.5969921 1.6081076 0.41406277 9.40252 1.6792768 30.7146 -1.564228892326355 0.18293951451778412
Car 0.0 0 1.9035730361938477 394.5137939453125 187.1927032470703 477.4574279785156 236.863037109375 3.692472 1.4534036 1.5725234 -5.7640686 1.9713824 24.129978 1.6690912246704102 0.9546524882316589
Car 0.0 0 1.8010711669921875 551.0488891601562 180.33518981933594 582.4818115234375 200.42466735839844 3.917255 1.4598706 1.585902 -3.3441858 2.0626388 56.033024 1.7414594888687134 0.637671709060669
Car 0.0 0 1.806099772453308 523.029541015625 181.88973999023438 564.0762329101562 210.12525939941406 3.4654183 1.4852169 1.5558051 -3.7602413 2.0212417 40.945995 1.7145224809646606 0.31631097197532654
Car 0.0 0 -1.531062364578247 659.7630615234375 175.0038604736328 678.9307250976562 190.8970489501953 3.5922067 1.3786974 1.5808266 5.346786 1.5782595 64.976074 -1.4489588737487793 0.28663626313209534
Car 0.0 0 -0.18872514367103577 811.4266357421875 159.57350158691406 892.0806274414062 186.4735565185547 4.5303273 1.6371796 1.7274412 15.003824 0.82926553 45.06691 0.13265633583068848 0.2345367968082428
Car 0.0 0 -3.536992311477661 862.7523803710938 148.026611328125 977.2279663085938 182.03521728515625 4.500325 1.5183344 1.7437795 14.111466 0.4102591 33.099697 -3.1339938640594482 0.22979296743869781
Car 0.0 0 3.6563947200775146 64.93185424804688 175.75059509277344 188.55337524414062 220.2409210205078 3.5133004 1.6183579 1.6996891 -18.27841 1.7324446 27.348896 3.0672333240509033 0.18963342905044556
