Pedestrian 0.0 0 -0.9196805357933044 968.3419799804688 138.2955780029297 1086.4703369140625 333.93145751953125 0.7347066 1.779776 0.6934536 3.9952161 1.4657425 7.0242906 -0.4025397300720215 0.4841907024383545
Car 0.0 0 -1.791986346244812 696.81640625 182.0180206298828 826.1552124023438 272.8275146484375 3.8888502 1.5032033 1.6436754 2.7809074 1.7102796 14.30584 -1.5999910831451416 0.9613737463951111
Car 0.0 0 0.28318288922309875 307.0492858886719 191.45826721191406 402.65142822265625 224.551025390625 3.9980543 1.4849629 1.6081345 -12.1149235 2.3938599 34.318504 -0.05617475509643555 0.8806665539741516
Car 0.0 0 -1.7260396480560303 677.0392456054688 180.1168975830078 762.0526123046875 245.55291748046875 3.722275 1.5423619 1.6625992 2.7721617 1.7557663 19.291101 -1.583315134048462 0.824897289276123
Car 0.0 0 -1.6438381671905518 595.7156982421875 179.67416381835938 623.5535278320312 203.1916961669922 3.6799798 1.4997296 1.6197302 -0.08896114 1.9812369 49.004997 -1.645653486251831 0.7874079942703247
Car 0.0 0 -1.6740652322769165 653.703369140625 178.7075958251953 703.6266479492188 217.35787963867188 4.037084 1.4381019 1.6067957 2.6950338 1.6941519 29.48673 -1.5829203128814697 0.7586724758148193
Car 0.0 0 -2.160111904144287 843.1810302734375 160.87948608398438 1242.0 375.0 2.8202367 1.5288299 1.4843076 2.6590488 1.4785445 4.497882 -1.6262043714523315 0.7386216521263123
Car 0.0 0 2.2768983840942383 0.0 214.80142211914062 332.2624206542969 375.0 3.4550698 1.4273382 1.4833988 -2.9455473 1.7458162 3.716212 1.6066731214523315 0.7044473886489868
Car 0.0 0 1.718496561050415 485.1733093261719 185.20436096191406 517.2192993164062 208.49505615234375 3.7274745 1.4761575 1.6480118 -7.463644 2.3569877 49.571392 1.5690555572509766 0.5449506044387817
Car 0.0 0 0.49952659010887146 180.47921752929688 192.4718780517578 286.5118408203125 225.6490478515625 4.194272 1.4909555 1.647869 -17.884659 2.4476545 34.307487 0.018980741500854492 0.5283947587013245
