Pedestrian 0.0 0 0.16707512736320496 840.8595581054688 175.95504760742188 868.2091674804688 226.40699768066406 0.8134171 1.7419558 0.67929685 8.58785 1.8538691 25.461798 0.49237680435180664 0.4320627450942993
Pedestrian 0.0 0 -0.2011929750442505 972.806884765625 91.87887573242188 1040.8834228515625 233.71644592285156 0.7263237 1.9264559 0.649824 5.545957 0.82699937 10.214047 0.29623961448669434 0.3886031210422516
Pedestrian 0.0 0 0.02728968858718872 343.64306640625 98.62276458740234 448.8875732421875 291.8426818847656 0.92294264 1.7340162 0.5509491 -2.0735373 1.0681996 6.8597507 -0.2662537693977356 0.3358200788497925
Pedestrian 0.0 0 -1.7235791683197021 790.2572631835938 166.82969665527344 832.8128662109375 253.20375061035156 0.8246235 1.6672599 0.6958761 3.951454 1.5513318 14.374597 -1.4553139209747314 0.3317985534667969
Pedestrian 0.0 0 1.514040470123291 207.97695922851562 130.3721160888672 235.2928466796875 203.08245849609375 0.5822666 1.8940389 0.6068532 -10.385463 0.78778225 19.199734 1.0181975364685059 0.30505695939064026
Pedestrian 0.0 0 0.8854708075523376 1082.02294921875 75.38349914550781 1242.0 292.0579528808594 1.0438595 1.8128643 0.73501736 4.9633985 0.9977094 6.569819 1.5324729681015015 0.29467788338661194
Pedestrian 0.0 0 2.469749689102173 641.6248779296875 173.64373779296875 658.191162109375 203.9343719482422 0.76202846 1.7779554 0.6199085 2.3359601 1.8257316 42.847027 2.524214267730713 0.2585890591144562
Pedestrian 0.0 0 -1.713866949081421 497.9632568359375 150.21861267089844 526.148681640625 217.6785430908203 0.65413654 1.7542038 0.6535704 -2.6543624 1.1659592 19.164654 -1.8514944314956665 0.24931861460208893
Pedestrian 0.0 0 2.0520200729370117 628.9104614257812 175.1570587158203 650.1098022460938 213.5458984375 0.80344164 1.7514325 0.6906912 1.3333942 1.8603851 33.499065 2.0918030738830566 0.23893503844738007
Pedestrian 0.0 0 1.6032371520996094 734.3416137695312 179.8182373046875 763.6564331054688 253.28909301757812 1.606728 1.6649839 0.64497936 3.3110385 1.8412231 17.365108 1.7916475534439087 0.2282467633485794
Pedestrian 0.0 0 -0.7626416683197021 890.3546142578125 168.03903198242188 941.2055053710938 249.40724182128906 0.7477344 1.7666113 0.7331816 6.7831845 1.6624298 16.13863 -0.36475247144699097 0.22664473950862885
Pedestrian 0.0 0 -1.027897834777832 1034.473388671875 184.44528198242188 1083.782958984375 270.13818359375 0.5954616 1.594974 0.5853741 8.6173 1.8255321 13.930518 -0.47392019629478455 0.16959726810455322
Pedestrian 0.0 0 -1.187368631362915 200.0914306640625 149.5310516357422 239.5438995361328 228.85475158691406 0.8230958 1.7406845 0.5135126 -8.837042 1.2292421 16.268848 -1.684966802597046 0.16843634843826294
Pedestrian 0.0 0 -1.7504253387451172 942.6337280273438 136.1954345703125 967.6600952148438 196.6293487548828 0.62908137 1.9153374 0.6238817 11.070704 0.7538724 23.250216 -1.3060351610183716 0.1596951186656952
Cyclist 0.0 0 1.6056199073791504 732.8989868164062 179.39833068847656 763.3506469726562 254.4141082763672 1.7269142 1.6957593 0.66493523 3.29519 1.86211 17.383102 1.7929599285125732 0.3643224835395813
Cyclist 0.0 0 0.14316782355308533 807.1510009765625 125.95352935791016 969.5174560546875 287.0603942871094 1.7132316 1.7465163 0.7185614 3.2325974 1.2384388 8.547958 0.5047163963317871 0.24646668136119843
Cyclist 0.0 0 -1.8364648818969727 771.7503051757812 169.77706909179688 787.6338500976562 196.2313690185547 1.7818112 1.7970667 0.6214449 11.700291 1.588405 49.913372 -1.6062102317810059 0.16640563309192657
Cyclist 0.0 0 0.8854708075523376 1082.02294921875 75.38349914550781 1242.0 292.0579528808594 1.0438595 1.8128643 0.73501736 4.9633985 0.9977094 6.569819 1.5324729681015015 0.16267536580562592
Cyclist 0.0 0 1.878562331199646 643.1423950195312 174.06687927246094 656.7635498046875 203.48648071289062 0.80822796 1.7306917 0.59375656 2.3482728 1.8040918 42.966724 1.9331612586975098 0.14541319012641907
Cyclist 0.0 0 1.3997513055801392 787.0396728515625 168.86712646484375 833.6907958984375 256.556396484375 0.9645906 1.6951747 0.7436002 3.9488657 1.6184597 14.461296 1.666317105293274 0.11935114860534668
Car 0.0 0 -1.7339733839035034 767.076904296875 174.91741943359375 800.1243896484375 197.68971252441406 4.057874 1.5462848 1.6462765 12.303592 1.6997422 51.45112 -1.4992495775222778 0.1664140522480011
