Pedestrian 0.0 0 0.20368972420692444 149.59593200683594 182.01834106445312 180.8277130126953 227.9778289794922 0.89652014 1.66985 0.5057343 -16.256842 1.7282686 26.10247 -0.35333219170570374 0.668083131313324
Pedestrian 0.0 0 0.2971377968788147 695.0702514648438 179.62557983398438 715.0074462890625 217.70806884765625 0.72104 1.7071618 0.7154147 4.535745 1.6694273 32.16735 0.43721890449523926 0.591745913028717
Pedestrian 0.0 0 2.183084487915039 313.3841247558594 176.83506774902344 339.1023254394531 220.48814392089844 0.66019577 1.7453142 0.7228358 -11.323879 1.6002803 28.669374 1.8069117069244385 0.5783673524856567
Pedestrian 0.0 0 2.328167200088501 540.8910522460938 185.2647705078125 563.7028198242188 223.7437286376953 0.82239914 1.727413 0.657454 -2.4314787 1.95074 32.392796 2.2532453536987305 0.5622078776359558
Pedestrian 0.0 0 2.6762642860412598 465.8362121582031 180.92315673828125 492.747802734375 224.7425079345703 0.8324283 1.7807189 0.7888318 -5.2345257 1.800078 29.303766 2.4994988441467285 0.5435887575149536
Pedestrian 0.0 0 -0.9788765907287598 145.8654327392578 163.98374938964844 205.11550903320312 257.8567810058594 0.7682351 1.7165991 0.63522243 -8.123501 1.4162159 13.32222 -1.5264495611190796 0.41918542981147766
Pedestrian 0.0 0 -2.977727174758911 739.392333984375 189.956787109375 759.3790893554688 226.50686645507812 0.89064914 1.8244486 0.73921245 7.3524494 2.314892 36.053356 -2.7765533924102783 0.3569330871105194
Cyclist 0.0 0 2.224668025970459 277.8951416015625 160.36383056640625 501.81298828125 370.0 1.5827647 1.6163988 0.5628464 -1.3755034 1.5089406 4.6684422 1.9381370544433594 0.8394748568534851
Cyclist 0.0 0 -1.4321954250335693 881.6356201171875 177.3161163330078 928.5336303710938 266.46209716796875 1.7713261 1.8033875 0.69575703 6.447609 1.7406054 15.237011 -1.0318889617919922 0.8225694298744202
Cyclist 0.0 0 1.7198686599731445 709.7495727539062 181.69747924804688 748.58203125 264.6177978515625 1.9773082 1.8287868 0.6181107 2.909788 1.8603501 16.654207 1.8928406238555908 0.8140167593955994
Cyclist 0.0 0 -2.8474836349487305 640.3562622070312 174.01950073242188 717.4634399414062 246.91769409179688 1.8779926 1.8242854 0.67199916 1.8804243 1.6637048 18.361326 -2.745427131652832 0.656691312789917
Cyclist 0.0 0 -0.15407568216323853 101.7891845703125 159.7308349609375 277.1220397949219 304.2515869140625 1.8823214 1.7018895 0.6779553 -5.4051995 1.4589924 9.179884 -0.686225950717926 0.6418445706367493
Cyclist 0.0 0 -0.8985379934310913 666.756591796875 183.6121063232422 699.3926391601562 219.83798217773438 1.7630428 1.7449352 0.6540491 3.865626 1.9044443 35.054905 -0.7887082695960999 0.5243444442749023
Cyclist 0.0 0 -0.9590517282485962 570.3901977539062 193.98158264160156 608.105224609375 247.2677001953125 1.633252 1.7056271 0.40888712 -0.5452296 2.1765573 23.820368 -0.9819369316101074 0.329782634973526
Cyclist 0.0 0 -1.7641010284423828 139.93682861328125 188.78890991210938 167.0215606689453 242.09242248535156 1.6216631 1.6939608 0.45087332 -15.008366 1.9790093 23.437153 -2.333674192428589 0.3025885224342346
Cyclist 0.0 0 2.201855421066284 960.2266235351562 188.9849395751953 989.7200317382812 222.1308135986328 1.565921 1.8625889 0.72093177 21.312546 2.360937 40.738514 2.683854818344116 0.28723397850990295
Cyclist 0.0 0 2.30653715133667 540.0594482421875 185.51025390625 563.5477294921875 224.2358856201172 0.8593683 1.7331069 0.6671618 -2.4484508 1.9674917 32.32249 2.230930805206299 0.12216367572546005
Cyclist 0.0 0 2.5702691078186035 465.8115539550781 180.28143310546875 494.732666015625 224.83912658691406 0.893194 1.8091569 0.79318243 -5.191274 1.801774 29.297453 2.3948974609375 0.1038953959941864
Car 0.0 0 -0.8569797873497009 329.2261657714844 194.79322814941406 473.51812744140625 258.3431396484375 3.9730384 1.4777919 1.621484 -5.5164495 1.9178342 19.542986 -1.1320946216583252 0.2793722450733185
