Pedestrian 0.0 0 -3.0830492973327637 677.4527587890625 173.1847686767578 687.8756103515625 198.60142517089844 0.70107806 1.7964743 0.67515737 5.1496906 1.8205719 51.39503 -2.983184337615967 0.20075075328350067
Pedestrian 0.0 0 1.2832814455032349 704.1492309570312 124.13715362548828 751.4891967773438 224.0795440673828 0.9812323 1.7830452 0.61019915 2.1215694 0.91425896 13.396146 1.4403486251831055 0.15600192546844482
Pedestrian 0.0 0 -0.5206660628318787 1160.7066650390625 90.1877670288086 1242.0 275.3175354003906 0.79966205 1.7733003 0.6714415 6.1666436 0.98182416 7.3105373 0.18005871772766113 0.14539775252342224
Pedestrian 0.0 0 -0.0455498993396759 519.5537719726562 171.69639587402344 533.6248779296875 201.01950073242188 0.83864546 1.7997413 0.5773197 -5.1948657 1.7290494 44.634808 -0.16141459345817566 0.140986368060112
Pedestrian 0.0 0 -0.5434971451759338 1184.362548828125 121.69149780273438 1215.0716552734375 185.58555603027344 0.48221532 2.0031767 0.6650696 18.731678 0.3995121 22.981564 0.14036798477172852 0.1291036307811737
Cyclist 0.0 0 -1.634639859199524 694.8103637695312 159.0417022705078 707.4183959960938 194.52304077148438 1.6639422 1.7688637 0.53024125 4.6044927 1.0806326 36.814823 -1.5102142095565796 0.10384073108434677
Car 0.0 0 1.7244759798049927 524.9540405273438 179.0575714111328 574.0978393554688 215.9732208251953 3.8586156 1.5365815 1.646703 -2.7155395 1.8349804 32.679707 1.641570806503296 0.9041464924812317
Car 0.0 0 -1.538547158241272 566.7802734375 174.81405639648438 585.873779296875 191.51939392089844 3.6402204 1.4126805 1.5581431 -2.9500222 1.589905 63.27463 -1.5851359367370605 0.2592964768409729
Car 0.0 0 1.6966099739074707 525.2474365234375 178.1783447265625 566.3306274414062 208.7887725830078 4.38617 1.4834086 1.6152878 -3.3533857 1.7802854 37.95856 1.6084953546524048 0.13116809725761414
Car 0.0 0 1.4013054370880127 672.0479125976562 172.46072387695312 700.7368774414062 194.05120849609375 3.484955 1.552009 1.5503501 5.6201816 1.5240968 53.65349 1.5056743621826172 0.1031729131937027
