Pedestrian 0.0 0 -2.721820116043091 955.7966918945312 165.36631774902344 1125.353271484375 375.0 0.6043403 1.7110821 0.6211069 2.3044918 1.6746652 3.96773 -2.195631504058838 0.1993395984172821
Pedestrian 0.0 0 -1.637258768081665 688.0308837890625 176.11476135253906 715.04931640625 250.7707977294922 1.6125754 1.7107267 0.53470355 2.1461833 1.7935396 17.422773 -1.5146936178207397 0.14026722311973572
Cyclist 0.0 0 -1.6150219440460205 688.3259887695312 176.09423828125 714.8700561523438 251.84849548339844 1.7872047 1.725205 0.5497274 2.1457677 1.8079003 17.419764 -1.4924592971801758 0.2873883843421936
Cyclist 0.0 0 1.7692077159881592 519.8923950195312 174.8692169189453 532.8080444335938 200.1203155517578 1.7712501 1.8370031 0.61666834 -6.2270274 1.9894438 53.54172 1.6534255743026733 0.15293414890766144
Cyclist 0.0 0 -1.5085078477859497 453.5570373535156 174.14239501953125 465.1011657714844 209.99581909179688 1.4399568 1.6466765 0.44496337 -7.1198215 1.7089618 33.934055 -1.71532142162323 0.11807966232299805
Car 0.0 0 -1.531665325164795 581.3010864257812 176.92308044433594 616.5454711914062 206.36074829101562 3.6624897 1.3567536 1.5990559 -0.5406172 1.5684001 35.613514 -1.546844244003296 0.9451246857643127
Car 0.0 0 -1.6111668348312378 538.2691650390625 176.57928466796875 569.0418701171875 204.34071350097656 3.7895343 1.562923 1.6741577 -3.4398303 1.796213 43.13173 -1.6907501220703125 0.8573783040046692
Car 0.0 0 2.4782023429870605 787.528076171875 182.62100219726562 873.9232788085938 214.9943084716797 3.9765444 1.5251045 1.680961 11.091717 2.0384033 36.392006 2.774042844772339 0.3004515469074249
Car 0.0 0 3.2002923488616943 199.48924255371094 176.389892578125 293.9169616699219 210.8100128173828 3.9745977 1.5701565 1.651019 -17.447248 1.7484971 34.77288 2.7352466583251953 0.15922509133815765
Car 0.0 0 1.3695993423461914 707.5526123046875 178.2941436767578 733.322509765625 195.29922485351562 3.832118 1.4914082 1.6089531 10.1235 2.0077753 66.48286 1.520710825920105 0.15897899866104126
Car 0.0 0 -2.471830368041992 139.2913055419922 139.9684295654297 273.15838623046875 190.5315704345703 3.7082512 1.622112 1.6433085 -13.569468 0.56747067 24.25075 -2.9819748401641846 0.12702956795692444
