Pedestrian 0.0 0 1.3734744787216187 737.7014770507812 162.01824951171875 763.6591796875 221.2880401611328 0.8136674 1.8185244 0.6472111 4.342783 1.4864182 22.544678 1.5637736320495605 0.2735155522823334
Pedestrian 0.0 0 -1.7471752166748047 795.7428588867188 151.02737426757812 846.74365234375 236.84271240234375 0.93668854 1.8542359 0.939213 4.6469026 1.3829798 16.102524 -1.4662261009216309 0.21176020801067352
Pedestrian 0.0 0 0.18957635760307312 515.5133666992188 172.593994140625 527.2479858398438 198.6765899658203 0.68014115 1.7412279 0.6129348 -5.9843383 1.7242273 48.494293 0.06679415702819824 0.17001961171627045
Pedestrian 0.0 0 -3.2370495796203613 703.6094970703125 133.02310180664062 755.7240600585938 231.60768127441406 0.8650441 1.7282829 0.653101 2.091838 1.0303667 13.000087 -3.077507495880127 0.16663998365402222
Pedestrian 0.0 0 -0.3961840271949768 967.1962890625 125.12902069091797 1096.3831787109375 293.1305847167969 1.0725954 1.7563096 0.59912354 4.534581 1.2577447 7.9042215 0.12466597557067871 0.1347808539867401
Pedestrian 0.0 0 -0.8172828555107117 920.3469848632812 141.1134033203125 1032.2950439453125 258.43524169921875 1.7062173 1.7115138 0.5005088 5.5635743 1.2488335 11.05144 -0.35089877247810364 0.13406766951084137
Pedestrian 0.0 0 -3.4553942680358887 868.1431274414062 150.47189331054688 917.4124145507812 231.5990447998047 0.8579882 1.7152044 0.55633104 6.036199 1.2423558 15.554031 -3.0852062702178955 0.13219302892684937
Cyclist 0.0 0 -0.8172828555107117 920.3469848632812 141.1134033203125 1032.2950439453125 258.43524169921875 1.7062173 1.7115138 0.5005088 5.5635743 1.2488335 11.05144 -0.35089877247810364 0.19370250403881073
Cyclist 0.0 0 1.5168315172195435 517.0113525390625 172.9589080810547 526.9207153320312 199.523193359375 1.5819812 1.7580742 0.57589924 -5.9633985 1.7656163 48.585728 1.394702672958374 0.19078613817691803
Cyclist 0.0 0 1.841515064239502 494.1228942871094 173.76805114746094 511.72021484375 212.74896240234375 1.5749874 1.9940814 0.51027775 -5.6315494 2.0433056 37.75867 1.6934605836868286 0.11754617094993591
Car 0.0 0 1.6343555450439453 524.6170654296875 171.2229766845703 561.59619140625 207.8340301513672 4.243331 1.9224632 1.7777208 -3.6919665 1.8371755 40.03159 1.5423893928527832 0.8966262340545654
Car 0.0 0 -1.9068725109100342 854.4684448242188 151.07464599609375 1018.8794555664062 252.7512664794922 3.1532547 1.4827207 1.5257491 5.262928 1.1654764 12.147151 -1.4980227947235107 0.13505609333515167
Car 0.0 0 -1.7130522727966309 705.0449829101562 162.80825805664062 758.7802734375 202.77981567382812 4.2345095 1.5937023 1.66828 5.100972 1.1935276 30.900202 -1.549448847770691 0.11409991979598999
