Pedestrian 0.0 0 -3.54947566986084 1020.253173828125 95.61244201660156 1168.633056640625 299.3319396972656 1.0175847 1.775525 0.49227074 4.3543386 1.1026812 6.616425 -2.9674201011657715 0.29659032821655273
Pedestrian 0.0 0 -0.42750683426856995 790.6492309570312 163.3893280029297 819.9283447265625 208.371337890625 0.96480685 1.7640939 0.5895775 7.7122602 1.3932683 28.664217 -0.16467568278312683 0.18882280588150024
Cyclist 0.0 0 -1.5156185626983643 906.8953857421875 169.34486389160156 928.049560546875 228.3722686767578 1.6840531 1.6403195 0.47502875 8.873545 1.5431619 20.90865 -1.1142597198486328 0.2050352543592453
Cyclist 0.0 0 -2.142822027206421 798.9906005859375 162.7408905029297 835.2578125 213.5349884033203 1.6171122 1.8865153 0.54418266 7.8770456 1.5112679 27.648209 -1.8652729988098145 0.18612316250801086
Car 0.0 0 2.1703829765319824 59.51215744018555 185.4145965576172 165.91552734375 224.5986785888672 4.1199784 1.4849892 1.698572 -21.066479 2.0561328 30.724586 1.5693491697311401 0.8997877836227417
Car 0.0 0 2.0486197471618652 214.5635223388672 184.2543487548828 271.66070556640625 210.6602783203125 3.5020673 1.4023538 1.4907967 -21.114723 2.087647 41.590427 1.5788452625274658 0.8021091222763062
Car 0.0 0 2.0795042514801025 152.2792205810547 183.3834991455078 223.36253356933594 215.3118896484375 3.52321 1.4711146 1.5585074 -21.127464 2.0255766 36.19083 1.55109703540802 0.7692287564277649
Car 0.0 0 2.0194320678710938 257.1470947265625 179.67893981933594 311.2454528808594 204.22006225585938 4.075277 1.4895157 1.6022494 -21.175684 1.9538515 46.99221 1.5960617065429688 0.5426906943321228
Car 0.0 0 1.961647868156433 298.57757568359375 178.11648559570312 338.827392578125 200.60684204101562 3.483286 1.5530825 1.4969913 -21.13057 1.9482911 52.388172 1.5782601833343506 0.3710925877094269
Car 0.0 0 2.293144464492798 0.0 188.234619140625 44.42650604248047 240.337646484375 3.9915617 1.4666109 1.6529903 -20.841928 2.0102675 23.48592 1.567322015762329 0.3281250298023224
Car 0.0 0 -0.08768080174922943 439.33013916015625 179.1509552001953 518.2525634765625 211.5625 3.648869 1.4979452 1.5537664 -6.4284253 1.815046 35.057438 -0.2690344750881195 0.1934364289045334
Car 0.0 0 1.7878977060317993 336.1561279296875 180.33880615234375 366.21240234375 199.31663513183594 3.5530019 1.4249045 1.5265898 -20.611317 2.0410175 57.49737 1.4436936378479004 0.18924778699874878
