Car 0.0 0 -1.7668520212173462 668.3724975585938 175.32142639160156 768.9871826171875 249.03082275390625 4.223601 1.6833582 1.7603482 2.636922 1.7553216 18.778223 -1.6273398399353027 0.9530183672904968
Car 0.0 0 -2.6498122215270996 130.08489990234375 181.56991577148438 377.6919860839844 269.2323303222656 3.8549356 1.5119357 1.6005553 -6.584824 1.6857853 13.4874 -3.103991746902466 0.9247322678565979
Car 0.0 0 -2.74338436126709 223.7579803466797 181.04949951171875 432.92730712890625 259.1871337890625 3.958032 1.6012204 1.6235746 -6.123257 1.7913412 15.834843 -3.1123688220977783 0.7540347576141357
Car 0.0 0 -1.6606425046920776 651.6122436523438 180.67205810546875 698.3466186523438 219.79115295410156 3.6077116 1.4744495 1.5865179 2.5768497 1.8164518 29.721527 -1.574159026145935 0.7081214189529419
Car 0.0 0 3.341049909591675 340.0163269042969 177.84149169921875 463.93182373046875 230.29771423339844 3.5451684 1.589457 1.6017325 -6.5908923 1.755166 22.978743 3.061722993850708 0.7009943127632141
Car 0.0 0 0.19129055738449097 356.2589416503906 169.52532958984375 494.14593505859375 228.2762451171875 4.4546857 1.9886836 1.7530079 -6.4606843 1.876368 25.424063 -0.0575590655207634 0.6447707414627075
Car 0.0 0 -2.7489542961120605 269.9977111816406 182.78683471679688 441.1470642089844 243.73486328125 3.7769797 1.4435184 1.5559689 -6.406698 1.707333 18.254356 -3.086491346359253 0.590000331401825
Car 0.0 0 -1.6969897747039795 634.35791015625 177.0974884033203 670.3438720703125 205.52294921875 3.7832086 1.5496961 1.6118208 2.3770308 1.807666 41.85708 -1.6402615308761597 0.5262502431869507
Car 0.0 0 -2.927818536758423 447.3169860839844 182.12388610839844 527.103271484375 210.12722778320312 4.126976 1.5009634 1.6489247 -6.835801 2.0295477 40.195576 -3.0962703227996826 0.4772770404815674
Car 0.0 0 3.3874473571777344 313.66619873046875 182.15194702148438 444.6246643066406 238.74827575683594 3.2997196 1.5343335 1.5882643 -6.605022 1.8136277 20.74782 3.0792438983917236 0.3957490921020508
