Pedestrian 0.0 0 -1.363152265548706 784.8881225585938 164.22679138183594 811.7438354492188 223.60545349121094 0.66459876 1.6710347 0.6246201 5.369294 1.4286058 20.739307 -1.1098198890686035 0.6715956926345825
Pedestrian 0.0 0 -2.1578216552734375 131.5590057373047 172.0262451171875 169.4061737060547 231.6103973388672 0.9226168 1.8899072 0.6269299 -14.919251 1.8640102 23.356148 -2.7262632846832275 0.3831648528575897
Pedestrian 0.0 0 2.5296990871429443 706.7033081054688 167.68267822265625 723.9114379882812 197.7737579345703 0.8050996 1.7937641 0.63865525 6.311053 1.4858534 43.47546 2.673855781555176 0.28205177187919617
Pedestrian 0.0 0 -1.9936949014663696 978.9671020507812 152.57470703125 1027.6527099609375 239.09681701660156 0.7731325 1.826444 0.6662854 8.461889 1.3987147 15.638459 -1.4977144002914429 0.2228056788444519
Pedestrian 0.0 0 -2.605125904083252 232.6147003173828 183.7926788330078 258.580810546875 224.9503936767578 0.7907144 1.6770688 0.5476393 -15.117637 2.1346617 29.85744 -3.073822498321533 0.12629276514053345
Cyclist 0.0 0 -1.2278238534927368 233.96212768554688 185.1953125 258.71282958984375 226.316650390625 1.4092782 1.6363512 0.4704431 -15.087917 2.1602066 29.875227 -1.6954882144927979 0.17862285673618317
Cyclist 0.0 0 1.2661305665969849 746.4442138671875 171.8296356201172 761.316650390625 198.91656494140625 1.6354232 1.7522475 0.49044186 9.436063 1.6863396 47.51285 1.4621797800064087 0.10427677631378174
Car 0.0 0 -1.6292502880096436 598.07568359375 176.44215393066406 627.3495483398438 203.45384216308594 3.61092 1.6277181 1.643499 0.1047618 1.8651264 45.816856 -1.62696373462677 0.8623786568641663
Car 0.0 0 1.934620976448059 287.08221435546875 187.05911254882812 372.8726501464844 229.6722869873047 4.3864074 1.4855216 1.7402312 -11.094162 2.096392 28.811317 1.5670576095581055 0.8115407824516296
Car 0.0 0 2.093508720397949 124.09881591796875 190.36619567871094 228.4453125 236.45130920410156 3.8075433 1.4805362 1.59942 -15.866417 2.171859 26.550108 1.5548537969589233 0.11945105344057083
Car 0.0 0 1.9122360944747925 209.7516326904297 181.49928283691406 281.0685729980469 218.7553253173828 3.761533 1.4755282 1.6060435 -15.837691 1.8763341 31.452549 1.445758581161499 0.10930494219064713
