Pedestrian 0.0 0 -1.5712076425552368 683.90869140625 162.7454833984375 720.2030639648438 253.744873046875 0.792239 1.7772667 0.70525753 1.7996534 1.5802001 14.5256195 -1.447940707206726 0.41497141122817993
Pedestrian 0.0 0 1.472186803817749 570.1586303710938 169.515625 582.2598876953125 200.4551239013672 1.1819707 1.7552111 0.5810034 -1.9853426 1.5661813 41.557453 1.4244496822357178 0.3297516107559204
Pedestrian 0.0 0 1.4455983638763428 563.6445922851562 168.13827514648438 574.1171875 198.21986389160156 0.8974075 1.8812484 0.5521526 -2.6343482 1.5866933 45.61237 1.3879073858261108 0.22727252542972565
Pedestrian 0.0 0 -1.583134412765503 366.1864929199219 155.72181701660156 393.32659912109375 220.40655517578125 1.0538067 1.8395717 0.7397392 -6.797977 1.352707 21.134249 -1.8943395614624023 0.1805720031261444
Pedestrian 0.0 0 0.3696475028991699 354.5370788574219 156.6483612060547 395.0279235839844 224.6041717529297 0.86018723 1.7995646 0.65589505 -6.3824368 1.3707749 19.4547 0.05264449119567871 0.1717495620250702
Pedestrian 0.0 0 1.7415648698806763 567.7169799804688 183.2485809326172 586.5717163085938 219.35655212402344 1.6700935 1.7372819 0.6700835 -1.6707659 2.2700498 36.084175 1.695296049118042 0.13635434210300446
Cyclist 0.0 0 -1.3692138195037842 567.7756958007812 180.70956420898438 587.0414428710938 216.57614135742188 1.6294981 1.7323554 0.6513789 -1.6574689 2.1348417 36.077602 -1.4151233434677124 0.3205813467502594
Cyclist 0.0 0 1.4409188032150269 569.0911254882812 169.12811279296875 582.92724609375 200.5226287841797 1.4744222 1.7748955 0.60827667 -1.9992938 1.5646098 41.56893 1.392859935760498 0.277210533618927
Cyclist 0.0 0 -1.4331315755844116 354.7126770019531 156.85377502441406 389.0272521972656 225.73330688476562 1.8590757 1.7732904 0.6369182 -6.476159 1.3617259 19.544971 -1.7530930042266846 0.25366103649139404
Cyclist 0.0 0 -1.583134412765503 366.1864929199219 155.72181701660156 393.32659912109375 220.40655517578125 1.0538067 1.8395717 0.7397392 -6.797977 1.352707 21.134249 -1.8943395614624023 0.10513833910226822
Car 0.0 0 1.663481593132019 359.5144348144531 190.75845336914062 452.3873291015625 267.60009765625 4.4519644 1.3987011 1.6243552 -4.581467 1.8678069 16.553133 1.3934674263000488 0.9312500953674316
Car 0.0 0 -1.5426113605499268 529.0049438476562 183.9262237548828 549.0296020507812 202.8772735595703 3.4845579 1.5250317 1.6156422 -6.092049 2.5036433 61.952168 -1.6406309604644775 0.4625987112522125
Car 0.0 0 1.5151530504226685 541.629150390625 188.25294494628906 578.66259765625 220.91366577148438 4.000317 1.5072418 1.6819223 -2.6665542 2.3495388 37.356888 1.4438934326171875 0.19243180751800537
