Pedestrian 0.0 0 1.163487195968628 720.7356567382812 156.24588012695312 759.270751953125 232.7937774658203 0.71683925 1.8300506 0.7011551 3.129185 1.4333541 17.676699 1.3386951684951782 0.5979673862457275
Pedestrian 0.0 0 -1.5420444011688232 565.3598022460938 165.4161376953125 576.9600219726562 196.4950714111328 0.73666316 1.8418405 0.672591 -2.3525546 1.4014055 43.13485 -1.5965299606323242 0.48124751448631287
Cyclist 0.0 0 -1.643629550933838 513.3768920898438 170.5330352783203 563.6140747070312 272.6260681152344 1.7732507 1.783523 0.8008666 -1.422139 1.7433345 13.545604 -1.7482353448867798 0.9698426127433777
Car 0.0 0 -1.5995268821716309 902.5669555664062 177.84759521484375 1242.0 375.0 3.6067832 1.419398 1.6681559 3.3337102 1.471898 5.550657 -1.0586681365966797 0.9421932101249695
Car 0.0 0 -1.8004570007324219 576.4019775390625 172.5919647216797 678.9789428710938 245.2032470703125 3.6056826 1.5060607 1.5901644 0.2515761 1.5009838 16.89384 -1.7855665683746338 0.9331427216529846
Car 0.0 0 -1.9325525760650635 654.0131225585938 176.72598266601562 865.96484375 309.7107849121094 3.6630888 1.4319601 1.5446619 1.74517 1.4954689 9.822539 -1.7567174434661865 0.9323212504386902
Car 0.0 0 1.9575018882751465 60.88656234741211 193.91152954101562 280.4634704589844 312.6957092285156 3.961696 1.4699385 1.6309855 -6.8864117 1.873621 11.739942 1.4270087480545044 0.9195140600204468
Car 0.0 0 1.6484960317611694 286.6449890136719 187.52296447753906 350.34619140625 242.8815155029297 3.6029778 1.4570031 1.5201925 -8.835908 1.9435592 21.965832 1.2660455703735352 0.8552109599113464
Car 0.0 0 -1.7858617305755615 540.6450805664062 178.81129455566406 618.56982421875 231.1156005859375 3.7979264 1.4078488 1.5685424 -1.0578882 1.6060355 21.920315 -1.8340849876403809 0.7759451270103455
Car 0.0 0 1.7666445970535278 214.00343322753906 180.832275390625 328.18243408203125 263.6846008300781 4.164261 1.6395538 1.6238081 -7.821423 1.8514844 16.916807 1.3335710763931274 0.6180476546287537
