Pedestrian 0.0 0 -1.527093768119812 699.7677001953125 158.01800537109375 754.5283813476562 274.8352966308594 0.9179509 1.7362384 0.80676293 1.8756222 1.4037539 11.037376 -1.358768105506897 0.7892456650733948
Pedestrian 0.0 0 1.7930500507354736 678.5639038085938 158.26844787597656 700.185791015625 206.31768798828125 0.8202855 1.8035483 0.65750724 3.2051725 0.97058916 27.030762 1.911073923110962 0.7660274505615234
Pedestrian 0.0 0 1.7201157808303833 690.371826171875 163.66627502441406 707.19091796875 204.67369079589844 0.8743474 1.7213552 0.58948976 3.9859498 1.0162138 30.17631 1.8514442443847656 0.5022591948509216
Pedestrian 0.0 0 -0.54787278175354 981.759521484375 155.4041290283203 1005.7932739257812 196.1765899658203 0.6869551 1.7609811 0.6380577 16.949781 0.67855334 30.867172 -0.0457054078578949 0.48582103848457336
Pedestrian 0.0 0 -0.9624514579772949 1072.5341796875 87.73982238769531 1169.207275390625 253.0531463623047 0.7105507 1.82466 0.61108583 5.928535 0.8024988 8.204906 -0.3367446959018707 0.4219001233577728
Pedestrian 0.0 0 2.0781302452087402 211.9358673095703 139.10513305664062 258.84765625 206.05848693847656 1.0420274 1.8503155 0.77279586 -10.509175 0.70790875 20.065414 1.5956671237945557 0.3943430185317993
Pedestrian 0.0 0 2.6520493030548096 717.7254028320312 155.16629028320312 748.1157836914062 201.33689880371094 1.0589269 1.8442707 0.5921516 5.1643243 0.83381957 28.68194 2.830195426940918 0.3343903124332428
Pedestrian 0.0 0 0.9897469282150269 0.0 156.53599548339844 45.81367492675781 248.33279418945312 0.95359653 1.7560494 0.56629777 -11.706306 1.299258 13.928669 0.29082512855529785 0.29356566071510315
Pedestrian 0.0 0 -2.273159980773926 874.1281127929688 145.26876831054688 931.6461181640625 231.3818359375 1.025403 1.7325677 0.5830056 6.178874 1.0253538 14.797424 -1.8776042461395264 0.23589152097702026
Cyclist 0.0 0 -1.2995193004608154 493.30133056640625 163.6534881591797 527.7654418945312 222.90823364257812 2.0954678 1.8587015 0.586677 -3.1132164 1.3318131 23.25188 -1.4326186180114746 0.9300282001495361
Cyclist 0.0 0 -1.7736879587173462 829.574462890625 143.39468383789062 896.8731689453125 264.06103515625 1.7477202 1.7957897 0.67109406 4.0871 1.2452401 11.429766 -1.4302729368209839 0.9072452187538147
Cyclist 0.0 0 1.894425868988037 334.7438659667969 161.52882385253906 428.0108947753906 302.8587951660156 1.6741562 1.6979973 0.67864454 -2.9468377 1.4717505 9.332786 1.588581919670105 0.8119409084320068
Cyclist 0.0 0 -3.1797118186950684 867.9381103515625 141.73558044433594 955.6807250976562 230.1691436767578 1.643438 1.7678677 0.5230982 6.2953267 0.9945595 14.668745 -2.774317741394043 0.20762129127979279
Cyclist 0.0 0 -1.5638575553894043 701.7935180664062 159.71337890625 750.9262084960938 276.8349609375 1.0407804 1.7392796 0.72321755 1.853489 1.4322561 11.069674 -1.3979580402374268 0.14030422270298004
Cyclist 0.0 0 2.0781302452087402 211.9358673095703 139.10513305664062 258.84765625 206.05848693847656 1.0420274 1.8503155 0.77279586 -10.509175 0.70790875 20.065414 1.5956671237945557 0.11241140961647034
Cyclist 0.0 0 1.7201157808303833 690.371826171875 163.66627502441406 707.19091796875 204.67369079589844 0.8743474 1.7213552 0.58948976 3.9859498 1.0162138 30.17631 1.8514442443847656 0.10108441859483719
Car 0.0 0 -2.1919891834259033 753.8482666015625 170.55653381347656 847.4117431640625 209.89686584472656 3.83751 1.4291365 1.5915931 7.5559874 1.0694346 27.756111 -1.9262019395828247 0.2507689893245697
