Pedestrian 0.0 0 2.2064852714538574 222.20591735839844 178.00540161132812 249.091064453125 218.25669860839844 0.79968125 1.6905574 0.6794228 -16.049217 1.9144872 30.86432 1.7269718647003174 0.36987075209617615
Pedestrian 0.0 0 3.2678043842315674 395.94879150390625 168.9507293701172 410.0568542480469 191.59335327148438 1.031927 1.8219304 0.59644175 -16.783655 1.5082128 58.429165 2.9880874156951904 0.12275078892707825
Pedestrian 0.0 0 -1.905013084411621 704.6807250976562 176.0297088623047 749.6746215820312 265.95440673828125 0.7821558 1.6224446 0.60424715 2.1284113 1.684094 13.484697 -1.7484655380249023 0.12235838174819946
Pedestrian 0.0 0 -2.821502447128296 546.8966064453125 172.45477294921875 554.027099609375 191.79574584960938 0.44319412 1.7946428 0.77377385 -5.5769477 1.7579546 67.376656 -2.9040868282318115 0.10913562774658203
Cyclist 0.0 0 1.5360698699951172 516.6318359375 174.3792724609375 526.904541015625 200.31149291992188 1.7892672 1.756515 0.6414344 -6.1392837 1.8643659 49.91415 1.4136877059936523 0.22444142401218414
Cyclist 0.0 0 2.2731592655181885 224.09640502929688 177.40908813476562 253.2128143310547 218.57611083984375 0.921111 1.7264936 0.6737891 -15.936802 1.9252398 30.89806 1.7969623804092407 0.12854807078838348
Cyclist 0.0 0 -1.905013084411621 704.6807250976562 176.0297088623047 749.6746215820312 265.95440673828125 0.7821558 1.6224446 0.60424715 2.1284113 1.684094 13.484697 -1.7484655380249023 0.10364330559968948
Car 0.0 0 -1.5046063661575317 582.3094482421875 178.75534057617188 621.2544555664062 210.5482177734375 3.6111305 1.3982605 1.6153862 -0.38174775 1.6939869 34.26374 -1.515747308731079 0.9629022479057312
Car 0.0 0 -1.4432646036148071 536.8897705078125 178.17420959472656 574.3905639648438 205.33697509765625 3.5650172 1.4619625 1.7060236 -3.106599 1.7808484 41.37181 -1.5182137489318848 0.9392450451850891
Car 0.0 0 -1.5215848684310913 206.014892578125 182.85987854003906 232.1835174560547 205.32801818847656 3.840196 1.6515107 1.6316499 -30.854975 2.4708896 56.973915 -2.017927646636963 0.12634781002998352
