Pedestrian 0.0 0 -2.6564228534698486 997.1089477539062 170.11119079589844 1008.6668090820312 193.64059448242188 0.51341605 1.764186 0.67034584 29.648626 1.5588924 54.49608 -2.158158779144287 0.5551742315292358
Pedestrian 0.0 0 -3.276566505432129 774.050537109375 164.02880859375 816.2675170898438 234.35885620117188 0.98841333 1.7956228 0.61973363 4.7616935 1.5706617 18.782862 -3.0282845497131348 0.5207805633544922
Pedestrian 0.0 0 0.9853044748306274 742.4487915039062 164.55592346191406 769.7168579101562 211.86920166015625 0.85652083 1.8277972 0.6933211 5.702714 1.5075861 28.399033 1.1834754943847656 0.4848950207233429
Pedestrian 0.0 0 -1.6176962852478027 827.4772338867188 198.4801025390625 871.2235717773438 303.82891845703125 0.6361665 1.5889776 0.6269931 3.7376845 2.01028 11.459692 -1.302416205406189 0.4610781967639923
Pedestrian 0.0 0 -3.292656421661377 1022.557373046875 181.32095336914062 1123.7288818359375 336.61309814453125 0.91420716 1.7287349 0.7005608 5.4246845 1.8358237 8.588577 -2.729313611984253 0.2569299340248108
Pedestrian 0.0 0 3.0727920532226562 592.37548828125 158.5700225830078 608.102783203125 201.79405212402344 0.67870915 1.9795488 0.7328857 -0.4954452 1.3257377 33.435318 3.0579750537872314 0.22972100973129272
Pedestrian 0.0 0 -0.056067585945129395 1037.0457763671875 169.5950927734375 1052.7750244140625 194.77627563476562 0.92582035 1.7763858 0.61179495 30.939991 1.5468458 51.384235 0.4859166145324707 0.2136916220188141
Pedestrian 0.0 0 0.054658956825733185 678.6729736328125 158.66873168945312 694.240966796875 192.01284790039062 0.8451697 1.8679588 0.5787061 4.2879624 1.0736493 40.771034 0.15944552421569824 0.20316119492053986
Pedestrian 0.0 0 2.560303211212158 575.1655883789062 171.11585998535156 601.6172485351562 198.81239318847656 1.7246997 1.7988199 0.55141884 -1.4508622 1.6862895 47.580276 2.5298197269439697 0.17253296077251434
Pedestrian 0.0 0 -0.9027939438819885 976.3231811523438 150.92068481445312 1097.1689453125 279.1304931640625 1.718404 1.7483592 0.5606592 6.10941 1.4496188 10.410168 -0.3720851540565491 0.16959072649478912
Cyclist 0.0 0 -0.8960304260253906 982.8123168945312 149.3492431640625 1106.8321533203125 274.8423156738281 1.7140949 1.7146424 0.60133016 6.2395067 1.393849 10.437169 -0.35721832513809204 0.3662097156047821
Cyclist 0.0 0 2.5327858924865723 574.5182495117188 170.67576599121094 601.7056884765625 198.44711303710938 1.7796841 1.8004774 0.5792933 -1.4673953 1.6596158 47.53969 2.5019290447235107 0.30376675724983215
Cyclist 0.0 0 -3.2426884174346924 775.86376953125 162.36537170410156 816.984375 233.85858154296875 0.9807091 1.8266073 0.5929246 4.798766 1.5589875 18.798004 -2.992745876312256 0.14067259430885315
Cyclist 0.0 0 -2.143448829650879 745.980224609375 165.35250854492188 774.4234619140625 213.3408203125 0.9093211 1.8524272 0.716962 5.8649197 1.5632153 28.403152 -1.9398224353790283 0.10371100157499313
Car 0.0 0 2.059144973754883 0.0 157.97825622558594 297.0757141113281 372.9845275878906 4.0719867 1.9757574 1.6353467 -5.4166627 1.8394175 8.714382 1.5030107498168945 0.490212082862854
Car 0.0 0 -0.09758639335632324 426.4192810058594 170.48240661621094 490.2229919433594 193.79946899414062 4.5140657 1.6935903 1.7846886 -11.373 1.5216918 53.93446 -0.30540886521339417 0.2550291121006012
Car 0.0 0 2.443495273590088 766.2810668945312 166.46389770507812 828.8820190429688 187.8466033935547 4.610919 1.5910138 1.7519335 14.403098 1.1159048 55.465816 2.697559118270874 0.19202733039855957
