Pedestrian 0.0 0 -1.528185486793518 545.0387573242188 183.32432556152344 556.0387573242188 212.7191619873047 1.4362787 1.601056 0.5573187 -3.3710663 2.200389 40.545425 -1.6111376285552979 0.20360925793647766
Cyclist 0.0 0 1.6146676540374756 545.0189819335938 183.29051208496094 556.240234375 212.92254638671875 1.5428718 1.6108345 0.563516 -3.3660972 2.2091174 40.55352 1.5318536758422852 0.32792913913726807
Car 0.0 0 -1.7624796628952026 668.1798095703125 179.52024841308594 787.642822265625 264.35498046875 4.1707034 1.4413581 1.5804276 2.1834722 1.5971947 14.707527 -1.6150966882705688 0.9663645029067993
Car 0.0 0 -1.530207633972168 497.7161560058594 178.0973358154297 545.3374633789062 224.16915893554688 4.297483 1.6434996 1.6891247 -3.4582262 1.8666694 28.448896 -1.6511733531951904 0.9156610369682312
Car 0.0 0 -1.088611364364624 0.0 191.34828186035156 357.5235595703125 375.0 4.0443945 1.4133472 1.6021147 -3.498455 1.6160425 5.8256083 -1.6294208765029907 0.8862912058830261
Car 0.0 0 -1.7684743404388428 634.5641479492188 175.8518829345703 698.8692626953125 222.66885375976562 3.9432647 1.6177719 1.6610901 2.0166273 1.7399287 27.25298 -1.6946123838424683 0.8555078506469727
Car 0.0 0 0.4633859395980835 163.53433227539062 187.9742431640625 326.10772705078125 249.2513427734375 3.3252308 1.4470395 1.5281085 -9.167561 1.8446879 18.186028 -0.0035355929285287857 0.8482956886291504
Car 0.0 0 -1.5566449165344238 620.6231689453125 170.92315673828125 651.0144653320312 203.51010131835938 4.5246825 1.8916776 1.7650623 1.5779185 1.7799498 44.18616 -1.520949363708496 0.7347655296325684
Car 0.0 0 -1.6356470584869385 630.2788696289062 176.58551025390625 670.8489379882812 210.80609130859375 3.9656203 1.4764946 1.6170752 1.7917639 1.6607041 33.555397 -1.5823005437850952 0.2956109642982483
Car 0.0 0 -1.4739619493484497 501.08642578125 173.95103454589844 542.7340698242188 208.15672302246094 3.452271 1.4992585 1.59316 -4.076778 1.5531763 33.479675 -1.5951341390609741 0.2799314856529236
