Pedestrian 0.0 0 -2.4128243923187256 24.309370040893555 144.0830535888672 98.4327163696289 253.24197387695312 0.8133057 1.7748772 0.56813455 -9.1989975 1.3074317 12.043454 -3.065109968185425 0.23038367927074432
Pedestrian 0.0 0 3.4930343627929688 296.9828796386719 150.656982421875 337.65283203125 208.74142456054688 1.0965453 1.8540593 0.5500724 -9.499095 1.1458871 23.323017 3.106264352798462 0.15356793999671936
Pedestrian 0.0 0 -0.2744375467300415 660.7947387695312 184.21939086914062 671.4539794921875 208.56332397460938 0.600812 1.7263103 0.68600243 4.0092382 2.5508907 51.928246 -0.19738313555717468 0.152950257062912
Car 0.0 0 -1.2485451698303223 331.8876953125 185.48692321777344 429.4074401855469 239.34237670898438 3.6843393 1.3731486 1.630428 -6.63813 1.7758578 21.121473 -1.5530539751052856 0.9576564431190491
Car 0.0 0 -1.3965498208999634 453.7812194824219 186.88809204101562 533.617431640625 244.76058959960938 3.8198583 1.4782023 1.6817036 -3.373118 1.9300189 21.284199 -1.553722620010376 0.9529444575309753
Car 0.0 0 -1.426266074180603 539.698974609375 181.2745819091797 569.8782348632812 202.20425415039062 3.7147694 1.3951179 1.6330572 -3.934621 2.0192473 51.537834 -1.50246262550354 0.7021965980529785
Car 0.0 0 -3.0915699005126953 749.685546875 188.68055725097656 822.4716186523438 216.0921630859375 4.1438293 1.5228808 1.6525275 10.4857 2.4981503 43.061497 -2.8527133464813232 0.1778077781200409
Car 0.0 0 1.457824468612671 436.5002136230469 179.57861328125 467.9787902832031 204.15994262695312 3.839555 1.5441513 1.640222 -10.678481 2.016357 48.543777 1.2412967681884766 0.16543325781822205
Car 0.0 0 -1.0010020732879639 509.3612976074219 175.22903442382812 547.6236572265625 192.85504150390625 4.044905 1.5737423 1.6138338 -7.5688906 1.8023709 67.17576 -1.1132018566131592 0.12609276175498962
Car 0.0 0 3.5987961292266846 216.2778778076172 163.4798126220703 283.4971923828125 187.96780395507812 3.8398583 1.6815935 1.7173601 -25.15142 1.0382242 50.414703 3.1360363960266113 0.12128572911024094
