Pedestrian 0.0 0 -0.9568673372268677 733.3113403320312 180.76747131347656 786.1443481445312 276.290771484375 0.5515558 1.6322464 0.73956686 2.6143906 1.7787087 12.86061 -0.7563135027885437 0.4173261523246765
Pedestrian 0.0 0 -1.7655541896820068 879.510986328125 149.66384887695312 917.7686157226562 223.89195251464844 1.033635 1.8216758 0.71007895 7.248931 1.2529106 18.277689 -1.3879823684692383 0.15062731504440308
Pedestrian 0.0 0 -2.0280799865722656 1036.7237548828125 156.93397521972656 1132.031005859375 272.3721008300781 0.98272634 1.8316668 0.9888681 7.7977824 1.5794201 11.992648 -1.4515546560287476 0.12194059789180756
Pedestrian 0.0 0 2.50525164604187 780.6925048828125 148.32962036132812 816.5062255859375 194.33457946777344 1.289472 1.8018509 0.5803292 7.4769816 0.84167576 28.766945 2.7595407962799072 0.12119019776582718
Cyclist 0.0 0 -0.36895495653152466 1143.3070068359375 138.5911865234375 1242.0 240.23716735839844 1.6259556 2.0301862 0.5801238 12.062332 1.3462092 14.933185 0.31049585342407227 0.19702690839767456
Cyclist 0.0 0 -1.878477692604065 805.3721923828125 166.48910522460938 831.30126953125 216.09536743164062 1.649003 1.6914346 0.39308771 7.2842736 1.4747676 25.42947 -1.59949791431427 0.18041111528873444
Cyclist 0.0 0 1.7100059986114502 787.7708740234375 145.5432586669922 808.810546875 191.94154357910156 1.6193379 1.8038791 0.59925085 7.512553 0.74244636 28.911974 1.9642263650894165 0.17704278230667114
Cyclist 0.0 0 -1.7792800664901733 770.0316162109375 163.11990356445312 785.9011840820312 198.6187286376953 1.572403 1.6967968 0.43698516 8.165533 1.2318779 35.27601 -1.5518107414245605 0.1510581076145172
Car 0.0 0 1.9477570056915283 299.51171875 182.7054901123047 356.68035888671875 211.4615020751953 4.0874186 1.5575417 1.7571052 -16.570858 2.1665967 42.530678 1.5762296915054321 0.8933557868003845
Car 0.0 0 1.832434892654419 412.3589172363281 180.430419921875 446.51129150390625 202.36407470703125 3.798667 1.5817908 1.6112813 -13.812543 2.1825757 55.26626 1.5875247716903687 0.6255130767822266
Car 0.0 0 1.7944130897521973 374.3837585449219 179.87144470214844 412.66168212890625 203.6370849609375 3.9981737 1.5212355 1.6683019 -14.810538 2.0224454 49.444557 1.5033799409866333 0.10791496187448502
