Pedestrian 0.0 0 0.5176227688789368 156.48483276367188 166.7332000732422 186.84725952148438 205.74847412109375 0.99577016 1.9573418 0.9179309 -22.305536 1.6506281 36.66894 -0.028873737901449203 0.17784185707569122
Pedestrian 0.0 0 2.675448417663574 939.9827880859375 102.265869140625 1008.098876953125 222.3302459716797 0.7469897 1.8055663 0.6041801 5.56042 0.74439746 11.151398 3.1379992961883545 0.16007664799690247
Pedestrian 0.0 0 1.4929678440093994 782.4474487304688 179.7994842529297 801.811279296875 231.08602905273438 0.92142373 1.6316398 0.54143167 5.9023485 1.8638787 23.58702 1.7381696701049805 0.11915243417024612
Pedestrian 0.0 0 -2.2229440212249756 124.57196807861328 195.5094451904297 192.12640380859375 266.44110107421875 1.6751201 1.807949 0.65315497 -12.173883 2.4353974 19.369968 -2.784050941467285 0.11130461096763611
Cyclist 0.0 0 -2.2229440212249756 124.57196807861328 195.5094451904297 192.12640380859375 266.44110107421875 1.6751201 1.807949 0.65315497 -12.173883 2.4353974 19.369968 -2.784050941467285 0.18170525133609772
Car 0.0 0 1.7017855644226074 542.415283203125 180.99822998046875 574.767822265625 206.04078674316406 4.4867454 1.6950269 1.7837563 -3.7279751 2.3152328 52.61964 1.6310561895370483 0.5450987219810486
Car 0.0 0 0.055224984884262085 289.54443359375 159.5059356689453 381.8968505859375 193.40126037597656 4.25638 1.6380992 1.7346499 -13.758604 0.9933698 36.33728 -0.30672964453697205 0.20723959803581238
Car 0.0 0 -1.9513776302337646 508.6867370605469 176.60008239746094 541.3428955078125 194.27830505371094 3.856548 1.5425527 1.6448443 -7.814536 1.8960435 65.92785 -2.0693588256835938 0.20485150814056396
Car 0.0 0 -2.0959060192108154 208.0446319580078 192.0865936279297 287.2916259765625 228.6264190673828 3.5691047 1.4753487 1.61773 -16.390406 2.3867872 32.52431 -2.5627031326293945 0.1536659300327301
Car 0.0 0 -0.6257479190826416 241.64080810546875 178.1170654296875 345.8337707519531 218.9580841064453 3.7797549 1.5834657 1.6696652 -13.347449 1.8216712 30.553036 -1.0376224517822266 0.13329195976257324
