Pedestrian 0.0 0 1.7271193265914917 401.6343688964844 153.8165740966797 432.2290954589844 218.7466583251953 1.0825878 1.816291 0.69241995 -5.589565 1.2841146 20.755941 1.4640605449676514 0.6296759843826294
Pedestrian 0.0 0 -0.13791796565055847 837.7548828125 134.8108367919922 882.514892578125 244.09439086914062 0.6645183 1.8784226 0.64021987 4.366553 1.2248747 12.776889 0.1913919448852539 0.2147805392742157
Pedestrian 0.0 0 0.802300751209259 48.09664535522461 167.98440551757812 146.5009002685547 307.9044189453125 0.8356792 1.8102837 0.70056057 -6.967396 1.7476386 9.752612 0.18196678161621094 0.17213121056556702
Pedestrian 0.0 0 1.4623396396636963 454.5166320800781 174.15858459472656 468.7602844238281 208.18939208984375 0.7843031 1.8413043 0.68297136 -8.171574 1.9140446 39.55222 1.2586040496826172 0.17140278220176697
Pedestrian 0.0 0 -2.7852084636688232 436.1549987792969 187.1107635498047 453.9008483886719 221.68563842773438 0.6837957 1.679419 0.61749476 -8.194384 2.3918474 35.684628 -3.0109286308288574 0.13299952447414398
Cyclist 0.0 0 1.7284250259399414 401.6591491699219 154.17506408691406 432.2040100097656 219.50633239746094 1.0579721 1.8235506 0.69128406 -5.5747933 1.3025354 20.699516 1.4653470516204834 0.12617436051368713
Car 0.0 0 -1.0382691621780396 124.05635070800781 186.75390625 203.83497619628906 221.1490478515625 3.6495204 1.4923971 1.6289948 -21.348658 2.195443 34.63286 -1.590680480003357 0.8796103596687317
Car 0.0 0 -1.1371619701385498 185.3165283203125 188.84927368164062 259.3688049316406 222.6324920654297 3.9415483 1.453085 1.655818 -18.717186 2.2730973 34.955967 -1.6287660598754883 0.5224849581718445
Car 0.0 0 2.126370906829834 0.0 198.2395782470703 102.5643539428711 253.98455810546875 3.624084 1.4501064 1.6121718 -17.712845 2.3045735 22.3818 1.4568990468978882 0.4324454069137573
Car 0.0 0 2.0488367080688477 288.6373291015625 193.96600341796875 370.78790283203125 228.21556091308594 4.684167 1.4450288 1.8551123 -13.844123 2.5659401 35.86449 1.6804468631744385 0.18815311789512634
Car 0.0 0 2.262488842010498 455.8656311035156 172.92857360839844 496.1509094238281 189.07838439941406 3.868806 1.4405756 1.533135 -12.321314 1.4480143 66.441 2.0791244506835938 0.166652649641037
