Pedestrian 0.0 0 -2.4412150382995605 0.0 158.4183349609375 25.920114517211914 213.35028076171875 0.83525914 1.8693178 0.6373456 -20.854902 1.3784347 24.870716 -3.1390137672424316 0.17137187719345093
Pedestrian 0.0 0 0.33863767981529236 317.2727966308594 169.1477813720703 336.22503662109375 196.6929473876953 1.049846 1.8369517 0.58498645 -19.037985 1.5901463 48.426838 -0.03593125939369202 0.16603295505046844
Cyclist 0.0 0 0.9532167911529541 1071.516357421875 101.68294525146484 1242.0 375.0 1.8651016 1.693906 0.54379565 4.124668 1.2706957 5.236311 1.6204156875610352 0.5815288424491882
Cyclist 0.0 0 0.9950467348098755 916.0650024414062 183.9049835205078 942.3014526367188 219.55087280273438 1.3870443 1.8361722 0.6184432 16.919632 2.4352353 38.353798 1.4105135202407837 0.39104270935058594
Car 0.0 0 1.8130301237106323 375.8211975097656 185.15086364746094 433.7622985839844 221.43812561035156 4.245557 1.5325832 1.6602386 -9.645283 2.150388 34.07747 1.5372047424316406 0.8387658596038818
Car 0.0 0 1.810692548751831 434.1884460449219 184.33154296875 472.2296447753906 210.02342224121094 3.4349694 1.5344225 1.6212496 -10.066159 2.3002641 46.381454 1.5969769954681396 0.7506637573242188
Car 0.0 0 -1.708592176437378 590.9185180664062 182.0291290283203 611.92333984375 196.1230010986328 3.3363874 1.2520623 1.536677 -0.8509881 2.1415987 68.15844 -1.7210769653320312 0.4905494749546051
Car 0.0 0 2.0244295597076416 113.75812530517578 181.94305419921875 297.1897277832031 276.61822509765625 4.510552 1.745795 1.7183014 -8.750007 1.9770496 16.03475 1.524901270866394 0.4054374694824219
Car 0.0 0 -2.3994579315185547 1065.2808837890625 149.4420928955078 1242.0 375.0 3.0734723 1.4903512 1.494823 4.677859 1.3889253 4.703644 -1.616808295249939 0.2355557680130005
Car 0.0 0 -1.5922538042068481 509.0732116699219 177.28240966796875 530.6868896484375 198.07740783691406 3.633102 1.5750664 1.6229309 -7.2170167 1.9393644 57.37982 -1.717373013496399 0.19512362778186798
