Pedestrian 0.0 0 2.1353166103363037 34.54497528076172 202.97169494628906 109.59259033203125 296.9165954589844 0.9529565 1.8261954 0.86431044 -11.1032505 2.4680614 14.857623 1.4935393333435059 0.46059131622314453
Pedestrian 0.0 0 -0.14975571632385254 1122.7646484375 137.96804809570312 1242.0 375.0 0.73092616 1.657666 0.6097753 3.3111358 1.4830778 4.0640616 0.5339059829711914 0.25501543283462524
Pedestrian 0.0 0 -1.7945835590362549 698.319580078125 174.95362854003906 728.2679443359375 222.73721313476562 0.9647412 1.8497792 0.97947747 4.0283084 1.9345856 28.496435 -1.654152274131775 0.16768257319927216
Pedestrian 0.0 0 1.6168571710586548 388.60491943359375 124.90008544921875 423.1395568847656 215.88983154296875 0.91684014 1.8371952 0.6561941 -4.3073006 0.8693043 15.087569 1.3387678861618042 0.1271531879901886
Pedestrian 0.0 0 1.9700946807861328 324.78057861328125 161.98858642578125 362.03631591796875 224.76463317871094 0.99294883 1.798614 0.69627386 -7.8615956 1.4876642 21.18151 1.6147003173828125 0.12279017269611359
Cyclist 0.0 0 -1.0695608854293823 33.17367935180664 200.0447998046875 109.42731475830078 293.2089538574219 0.96728593 1.8038193 0.9030468 -11.093563 2.3834445 14.8264 -1.7119284868240356 0.12186870723962784
Car 0.0 0 1.7435790300369263 403.4715881347656 187.11538696289062 498.0570983886719 258.5853271484375 3.9799163 1.4551475 1.5673326 -3.7824512 1.8416401 17.51363 1.5308741331100464 0.9478561878204346
Car 0.0 0 1.5754741430282593 531.8541259765625 177.81381225585938 563.5280151367188 205.6852264404297 4.3393807 1.5001357 1.7364597 -3.640374 1.8036194 41.86142 1.4887298345565796 0.6843960881233215
Car 0.0 0 1.7122515439987183 457.9894714355469 175.5509490966797 527.79052734375 232.8008270263672 4.1820273 1.6868674 1.6706663 -3.7681322 1.7831684 23.560705 1.5536617040634155 0.3994309604167938
Car 0.0 0 -0.22685573995113373 646.3143920898438 172.42678833007812 711.7677612304688 198.67210388183594 3.6540678 1.5430535 1.6122475 4.100196 1.5182942 43.459927 -0.13278988003730774 0.14587882161140442
Car 0.0 0 3.3294906616210938 397.9969787597656 177.36802673339844 472.61663818359375 211.58731079101562 3.373899 1.6559466 1.6742508 -8.725391 1.8877695 36.076035 3.092186689376831 0.11609116196632385
