Pedestrian 0.0 0 0.9449769258499146 1115.371337890625 158.57257080078125 1212.937744140625 280.3094177246094 1.0606089 1.7739732 0.69253695 8.399321 1.5662192 11.050144 1.594916820526123 0.8385079503059387
Pedestrian 0.0 0 2.971287965774536 514.6259765625 171.41017150878906 534.2154541015625 220.03012084960938 0.6183558 1.8126407 0.74616796 -3.2902415 1.7591699 27.343426 2.8515334129333496 0.7563323974609375
Cyclist 0.0 0 -3.3335161209106445 770.2391967773438 175.27024841308594 833.2512817382812 222.66212463378906 2.0156093 1.6344422 0.8732927 6.6935434 1.7216619 25.434238 -3.0761804580688477 0.9110819101333618
Car 0.0 0 -1.5648016929626465 598.1598510742188 180.94931030273438 674.106201171875 240.96978759765625 3.4291875 1.2878777 1.6815634 0.5950684 1.506416 17.697184 -1.5311893224716187 0.9571414589881897
Car 0.0 0 1.8859716653823853 338.7499084472656 181.01121520996094 401.16961669921875 217.38067626953125 3.8829393 1.6039592 1.723255 -11.478353 2.0179229 34.63673 1.5659688711166382 0.9340303540229797
Car 0.0 0 -1.4581845998764038 582.0803833007812 179.81410217285156 633.9951782226562 223.2122802734375 3.8281705 1.6007704 1.6843617 -0.05643777 1.9025259 29.24707 -1.4601142406463623 0.9231550097465515
Car 0.0 0 -2.179957389831543 476.0819396972656 179.63473510742188 544.6570434570312 213.50677490234375 3.614653 1.5684448 1.6081904 -5.050053 1.9250028 36.0289 -2.319216728210449 0.614865243434906
Car 0.0 0 -2.4113991260528564 492.32781982421875 180.44815063476562 559.8668212890625 206.83895874023438 3.8602772 1.4410568 1.5605512 -4.95807 1.9034947 42.151726 -2.5284855365753174 0.4406079649925232
Car 0.0 0 1.3485591411590576 915.7179565429688 183.33998107910156 978.387451171875 221.669921875 3.2404392 1.3565917 1.533992 13.071942 1.7926723 28.234146 1.7821574211120605 0.3853996992111206
Car 0.0 0 1.7671806812286377 434.5111083984375 176.52291870117188 468.9604797363281 202.8868408203125 4.1540847 1.811994 1.6598463 -11.442214 2.0887578 52.26353 1.5516482591629028 0.36745768785476685
