Pedestrian 0.0 0 -2.077470302581787 884.0704956054688 111.7852783203125 1011.2703857421875 316.8281555175781 1.0241935 1.777943 0.66393816 3.081041 1.2487693 6.7909703 -1.6515463590621948 0.1696929633617401
Pedestrian 0.0 0 1.9921199083328247 1148.6317138671875 93.07967376708984 1242.0 292.6204528808594 0.7684893 1.7604427 0.6086667 5.5827303 1.056994 6.806816 2.6790378093719482 0.14000602066516876
Pedestrian 0.0 0 3.472194194793701 186.15252685546875 171.93121337890625 244.04403686523438 284.351318359375 0.6751561 1.817048 0.6472912 -6.626422 1.8024907 12.036307 2.9689395427703857 0.12533164024353027
Cyclist 0.0 0 1.2486340999603271 1150.0604248046875 93.98194885253906 1242.0 295.43548583984375 1.1241659 1.728366 0.57185256 5.583746 1.052043 6.8147388 1.9350708723068237 0.1093749850988388
Car 0.0 0 1.829392433166504 416.84295654296875 186.29574584960938 517.0147094726562 251.1003875732422 4.1254463 1.471468 1.623495 -3.75025 1.8720795 19.369738 1.638144850730896 0.9489836096763611
Car 0.0 0 -1.6385587453842163 607.6727905273438 177.56910705566406 651.5404052734375 217.30642700195312 2.8173678 1.5360986 1.6072558 0.7229648 1.7398115 29.673737 -1.6141997575759888 0.867735743522644
Car 0.0 0 1.6847530603408813 479.57232666015625 181.49246215820312 536.9144897460938 226.95111083984375 4.0730443 1.4733028 1.6078503 -3.6601584 1.8122098 26.219202 1.546051025390625 0.7477149367332458
Car 0.0 0 1.8048335313796997 510.2207946777344 180.54148864746094 558.8466796875 210.78756713867188 4.211154 1.4616488 1.6261281 -3.9627268 1.8921274 38.1743 1.7013978958129883 0.7335955500602722
Car 0.0 0 1.6296824216842651 548.0123901367188 176.7729949951172 573.118408203125 198.29664611816406 4.1368785 1.5165439 1.6243454 -3.66811 1.8196884 53.6683 1.5614407062530518 0.18404296040534973
Car 0.0 0 1.724256992340088 569.0411376953125 176.9476318359375 592.7236938476562 193.78712463378906 3.9883435 1.4928416 1.6096963 -2.6934817 1.8853363 67.042465 1.6841027736663818 0.16197830438613892
Car 0.0 0 0.17846955358982086 441.7830810546875 168.67889404296875 510.445556640625 194.6898651123047 3.667301 1.4682528 1.5562208 -7.7006063 1.2329364 41.51337 -0.004942750558257103 0.14910319447517395
