Pedestrian 0.0 0 -0.34039780497550964 620.6434326171875 180.20025634765625 646.7785034179688 221.762939453125 0.88512784 1.7023576 0.75448847 1.3235724 1.6501116 29.909512 -0.2961741089820862 0.7282096743583679
Pedestrian 0.0 0 -1.9972666501998901 920.2483520507812 158.22731018066406 1044.4876708984375 323.8226318359375 0.9461724 1.7600049 0.92894953 4.2212534 1.5140145 8.128902 -1.518306851387024 0.7154624462127686
Pedestrian 0.0 0 -1.2954940795898438 514.4569091796875 179.56524658203125 542.1787109375 234.57130432128906 0.74001527 1.6350924 0.66115713 -2.238473 1.5787078 21.771732 -1.3979495763778687 0.5992984771728516
Pedestrian 0.0 0 2.1349217891693115 677.1006469726562 181.43228149414062 709.0458374023438 231.44374084472656 0.9395235 1.761243 0.7583898 3.284845 1.759918 25.89851 2.2610833644866943 0.596957266330719
Pedestrian 0.0 0 1.8224451541900635 407.6768798828125 176.5694580078125 454.21954345703125 272.2721252441406 0.9173946 1.7422723 0.6482589 -3.239235 1.653779 13.538795 1.5876039266586304 0.5592537522315979
Pedestrian 0.0 0 -3.055563449859619 573.74951171875 181.1254119873047 598.7195434570312 225.54165649414062 0.93181735 1.7510722 0.8502839 -0.619898 1.7373129 28.771404 -3.077105760574341 0.5386485457420349
Pedestrian 0.0 0 -0.9325940608978271 0.0 188.84190368652344 118.92094421386719 374.0 0.8127144 1.5731176 0.6862684 -4.9972486 1.64468 6.451334 -1.591658592224121 0.5288640856742859
Pedestrian 0.0 0 0.5742153525352478 2.8949313163757324 151.9276885986328 104.60762023925781 293.1222839355469 0.819757 1.7919278 0.7041469 -7.261705 1.4179544 9.497075 -0.07858048379421234 0.4450634717941284
Pedestrian 0.0 0 -1.427741527557373 367.4112548828125 197.62826538085938 406.40155029296875 274.94134521484375 0.75154114 1.5936121 0.7035496 -4.627108 1.9502709 15.404449 -1.719542145729065 0.3991921544075012
Pedestrian 0.0 0 -3.385495185852051 802.0873413085938 128.31451416015625 916.5157470703125 315.96502685546875 0.90668553 1.6981189 0.57971346 2.3758414 1.2182028 6.827703 -3.0506293773651123 0.3989277482032776
Pedestrian 0.0 0 -2.8585498332977295 427.088623046875 178.03363037109375 459.4802551269531 244.3225860595703 0.71766615 1.7593398 0.5936457 -4.2931294 1.6685066 19.38186 -3.0765328407287598 0.303229421377182
Pedestrian 0.0 0 -0.17495884001255035 589.3787841796875 188.03237915039062 609.91064453125 226.67697143554688 0.79612046 1.6727211 0.6851233 -0.09636281 1.9650841 31.63553 -0.17800486087799072 0.27031174302101135
Pedestrian 0.0 0 -2.394656181335449 264.8865051269531 136.61801147460938 381.0420227050781 309.7243957519531 0.8751051 1.7777289 0.8121553 -3.0988383 1.3181742 7.912149 -2.767948627471924 0.25070926547050476
Car 0.0 0 -1.7727632522583008 701.2693481445312 185.08026123046875 784.1016845703125 239.7689208984375 4.0224524 1.4643842 1.6324675 4.0881386 1.5828192 21.518616 -1.5850192308425903 0.2238859236240387
