Pedestrian 0.0 0 -1.8190040588378906 833.4370727539062 151.71315002441406 885.0243530273438 244.96990966796875 0.8210117 1.6831883 0.7270552 4.5824347 1.3019755 13.458497 -1.490829586982727 0.7632737755775452
Cyclist 0.0 0 1.7276004552841187 461.43292236328125 170.2514190673828 495.47100830078125 236.0431365966797 1.8084252 1.72552 0.6494189 -3.6426063 1.6576205 19.833029 1.5459611415863037 0.9163053631782532
Cyclist 0.0 0 1.8591052293777466 395.4629821777344 172.13308715820312 461.1619567871094 280.0850524902344 1.7485645 1.7892556 0.66715574 -3.2476208 1.7776649 12.8435335 1.6114362478256226 0.8705713748931885
Car 0.0 0 -1.794854998588562 690.4375610351562 176.25546264648438 805.697265625 258.30291748046875 3.4513428 1.4838701 1.5813562 2.6764743 1.5630358 14.953512 -1.6177440881729126 0.9479582905769348
Car 0.0 0 -1.7080384492874146 664.396728515625 169.0945281982422 743.3006591796875 233.99380493164062 3.8110132 1.6178273 1.6236123 2.437737 1.5244682 19.901701 -1.5861567258834839 0.8557347655296326
Car 0.0 0 1.870330810546875 314.3746337890625 184.7692108154297 436.5729064941406 263.1506652832031 3.9368527 1.5250837 1.5653639 -5.2827735 1.8324198 16.6117 1.5624293088912964 0.7637848854064941
Car 0.0 0 2.0661470890045166 140.81488037109375 192.99090576171875 376.4334411621094 307.3500061035156 4.0680804 1.4056159 1.6435679 -5.4181128 1.7900454 11.678822 1.6317726373672485 0.7149980068206787
Car 0.0 0 -1.6916111707687378 650.7919311523438 165.9307403564453 713.7579956054688 218.5560760498047 4.0356736 1.6929455 1.6966126 2.3978674 1.4705838 25.248266 -1.596923589706421 0.6355791091918945
Car 0.0 0 1.73942232131958 471.5914611816406 178.5654296875 516.0863647460938 210.0131072998047 3.684492 1.3895814 1.4980341 -5.520936 1.6769046 34.400906 1.5802911520004272 0.5750588178634644
Car 0.0 0 1.8014791011810303 530.1683349609375 170.58758544921875 562.083251953125 192.20199584960938 3.9868963 1.6473063 1.6483586 -5.037059 1.4749327 57.078434 1.7134591341018677 0.5136102437973022
Car 0.0 0 1.772292137145996 394.0086669921875 180.5182342529297 470.9872131347656 238.96917724609375 3.664726 1.5902348 1.5701631 -5.3540745 1.8438154 21.97603 1.5333154201507568 0.44480547308921814
