Pedestrian 0.0 0 -1.8043293952941895 745.5640869140625 161.7428436279297 772.7711791992188 221.36941528320312 0.72245586 1.8470299 0.68897176 4.64505 1.5032018 22.72008 -1.6026616096496582 0.6627248525619507
Car 0.0 0 -1.8136423826217651 711.6959228515625 180.47874450683594 838.5181884765625 265.07537841796875 3.8167005 1.4322189 1.562605 3.1007428 1.6061864 14.493649 -1.6028814315795898 0.9679197072982788
Car 0.0 0 1.6614439487457275 536.4563598632812 180.43063354492188 573.9697265625 211.0287628173828 3.6629465 1.4578811 1.6014016 -2.80955 1.8675354 37.131973 1.5859239101409912 0.8910800218582153
Car 0.0 0 -1.7303513288497925 680.2940063476562 175.16258239746094 766.6502685546875 243.17420959472656 3.6806293 1.596971 1.6431855 2.817239 1.6637752 18.914951 -1.5824958086013794 0.8852429389953613
Car 0.0 0 -2.1831889152526855 844.7101440429688 191.37509155273438 1242.0 375.0 4.022524 1.460072 1.6229868 2.8452165 1.622396 4.2759423 -1.5960631370544434 0.8410113453865051
Car 0.0 0 -1.6126880645751953 595.5579833984375 177.38632202148438 621.104248046875 201.0189208984375 3.6351447 1.6048607 1.6685272 -0.17909099 1.9407544 51.560482 -1.6161614656448364 0.8357319831848145
Car 0.0 0 3.4426722526550293 332.65582275390625 185.14918518066406 398.8729248046875 206.58599853515625 4.2674956 1.5053912 1.6727661 -17.784863 2.4168844 52.577187 3.116492509841919 0.785969078540802
Car 0.0 0 -1.7171151638031006 672.3546752929688 173.676025390625 732.494384765625 223.30604553222656 2.9223583 1.4769446 1.4773347 2.8401191 1.5051891 22.996622 -1.5942357778549194 0.7678219079971313
Car 0.0 0 0.15458640456199646 413.505126953125 185.27902221679688 475.6645202636719 206.73435974121094 4.208464 1.4993261 1.6271032 -12.020773 2.4201605 52.490757 -0.07053907215595245 0.7489840388298035
Car 0.0 0 -1.7529528141021729 648.86572265625 178.2928924560547 698.24853515625 213.18544006347656 3.6235068 1.4537994 1.5753918 2.7662363 1.7135243 32.525864 -1.668109655380249 0.6563097834587097
