Pedestrian 0.0 0 -1.7654895782470703 757.6510620117188 163.9741973876953 786.048583984375 222.1151123046875 0.89364356 1.8206718 0.72130895 5.410154 1.2729621 22.951702 -1.533996343612671 0.7307591438293457
Pedestrian 0.0 0 -1.022839069366455 696.6929931640625 169.09959411621094 746.2525634765625 246.71531677246094 0.864219 1.7166039 0.7866596 2.7190905 1.4435674 16.468693 -0.8592087030410767 0.3871135413646698
Pedestrian 0.0 0 0.6064774394035339 529.2970581054688 174.2644500732422 546.5978393554688 203.9225616455078 0.8383671 1.7587321 0.6044823 -3.802787 1.3304285 43.065063 0.5184025764465332 0.24988138675689697
Pedestrian 0.0 0 -1.3931844234466553 498.0454406738281 189.5183563232422 530.5096435546875 248.8513641357422 0.90907705 1.6828661 0.7950431 -2.5648696 1.9234781 20.976091 -1.5148563385009766 0.23510000109672546
Pedestrian 0.0 0 -2.816230058670044 554.0042114257812 178.33319091796875 572.911865234375 210.0281982421875 0.96371436 1.8138661 0.55766326 -2.191937 1.6334248 41.505108 -2.868992328643799 0.19612178206443787
Pedestrian 0.0 0 -0.16500096023082733 571.827880859375 175.131591796875 582.8414916992188 198.69985961914062 0.75839514 1.813694 0.6354891 -1.8481275 1.3241631 55.663002 -0.1981908529996872 0.16122086346149445
Pedestrian 0.0 0 -1.7316535711288452 685.5204467773438 172.57920837402344 712.7474975585938 234.56813049316406 1.7238014 1.7145841 0.50329244 2.7746704 1.4689916 20.734762 -1.5986264944076538 0.14868533611297607
Cyclist 0.0 0 -1.7208728790283203 685.18603515625 173.5113067626953 711.766357421875 235.09030151367188 1.7467893 1.6990187 0.49731684 2.7503202 1.4797567 20.694603 -1.5887467861175537 0.47072380781173706
Car 0.0 0 2.280818223953247 0.0 0.0 368.8237609863281 374.0 4.1668544 1.7564281 1.6986281 -2.7655027 1.261684 3.4686422 1.6077338457107544 0.5609872937202454
Car 0.0 0 1.371822476387024 631.2977905273438 175.11131286621094 665.1491088867188 199.293212890625 4.0819592 1.6513112 1.6244296 3.303548 1.2157022 51.181866 1.4362783432006836 0.38918694853782654
Car 0.0 0 -1.0168073177337646 0.4057554006576538 129.0220947265625 268.4169921875 271.2734680175781 3.4466393 1.6303657 1.4867225 -6.1977997 1.0302578 9.955756 -1.5736315250396729 0.21022914350032806
Car 0.0 0 1.8928598165512085 259.7549743652344 159.46844482421875 492.5691223144531 343.5341491699219 3.910796 1.8452065 1.6090416 -2.6177602 1.6257136 9.18774 1.6152957677841187 0.20114825665950775
Car 0.0 0 -1.637864589691162 649.4686279296875 173.3746795654297 687.4857788085938 208.00064086914062 3.936012 1.766381 1.7647533 3.5495265 1.3527493 38.63103 -1.5462391376495361 0.16398264467716217
