Pedestrian 0.0 0 0.10926160216331482 316.94976806640625 172.97817993164062 327.47320556640625 195.9594268798828 0.7119864 1.8068893 0.6121693 -22.80662 1.8171445 57.122116 -0.2706073522567749 0.22377800941467285
Pedestrian 0.0 0 -0.5862301588058472 880.5673217773438 118.74098205566406 951.6520385742188 228.6283721923828 0.9299362 1.8304441 0.6349947 5.205092 0.9294168 12.415533 -0.18924808502197266 0.158288836479187
Pedestrian 0.0 0 0.47001051902770996 23.87082290649414 173.5860137939453 54.668556213378906 221.5303192138672 0.76618 1.8634243 0.5936746 -22.516096 1.8929892 28.419094 -0.20000998675823212 0.15396295487880707
Cyclist 0.0 0 0.08332251012325287 580.5927734375 163.9276580810547 606.2608642578125 187.08575439453125 1.9435428 1.7806011 0.5926137 -1.3039485 1.0946217 55.82951 0.059970855712890625 0.26538321375846863
Cyclist 0.0 0 -0.6127567291259766 1069.522705078125 155.337646484375 1129.194091796875 203.47991943359375 1.7293254 1.8010575 0.8023798 18.531162 1.1461086 27.4077 -0.01823132485151291 0.13701941072940826
Cyclist 0.0 0 -3.3779401779174805 1010.625732421875 171.50914001464844 1058.814697265625 218.4297332763672 1.6835829 1.9756649 0.6053359 18.138948 1.9193958 30.912567 -2.8472962379455566 0.1320064216852188
Cyclist 0.0 0 2.744678497314453 891.44287109375 170.43373107910156 925.8660888671875 210.26072692871094 1.6840872 2.2298079 0.6240891 16.80957 2.094661 40.710766 3.1362578868865967 0.1311444640159607
Car 0.0 0 -1.5890330076217651 569.7847900390625 181.76304626464844 605.1071166992188 212.43838500976562 3.451145 1.3761964 1.6365318 -1.1725721 1.8325025 35.158745 -1.6223714351654053 0.9247462153434753
Car 0.0 0 -1.4907915592193604 525.1876220703125 180.84683227539062 554.9967651367188 205.0615692138672 3.606523 1.4269156 1.5910499 -4.4061427 1.9517887 45.53077 -1.587264060974121 0.6539892554283142
Car 0.0 0 -0.7711770534515381 994.0469970703125 133.98260498046875 1124.638916015625 176.83108520507812 4.34562 1.599531 1.7631472 17.522045 0.14882243 28.259274 -0.21614816784858704 0.2812824845314026
Car 0.0 0 -0.5382981896400452 928.9043579101562 177.47657775878906 1014.9070434570312 205.1690673828125 4.2007036 1.5621226 1.7028399 21.01259 1.8382798 42.040775 -0.07479897141456604 0.15332238376140594
Car 0.0 0 2.6155757904052734 880.3792114257812 146.41404724121094 1136.7890625 236.91436767578125 3.5734885 1.450807 1.529555 6.6659613 1.0273068 12.386274 3.1092936992645264 0.14653968811035156
