Pedestrian 0.0 0 -1.6118154525756836 541.8013916015625 171.0517120361328 557.3155517578125 206.45494079589844 0.5080792 1.7061172 0.7303928 -2.9783342 1.619621 35.066723 -1.6965454816818237 0.13133248686790466
Pedestrian 0.0 0 1.5746221542358398 181.7726287841797 173.5607452392578 215.96942138671875 256.4994201660156 0.5944273 1.7215507 0.62352276 -8.819207 1.7373934 15.393576 1.054356336593628 0.11807052791118622
Pedestrian 0.0 0 -3.6374406814575195 1059.3203125 93.16242218017578 1234.8997802734375 310.09381103515625 1.0146458 1.7519346 0.6770063 4.53257 1.1087046 6.227321 -3.008265495300293 0.11639422178268433
Pedestrian 0.0 0 1.4284489154815674 806.0531005859375 168.9567108154297 823.9837036132812 207.31814575195312 2.0427377 1.8454242 0.56700355 10.109951 1.6582981 35.757694 1.7039920091629028 0.11406906694173813
Pedestrian 0.0 0 1.852970838546753 296.4388732910156 165.99835205078125 322.21343994140625 220.86732482910156 0.7267689 1.8129121 0.62258863 -10.137656 1.5867543 24.23384 1.4567662477493286 0.10885585099458694
Cyclist 0.0 0 1.4423482418060303 806.641357421875 169.3783721923828 823.7547607421875 207.90426635742188 2.0297174 1.8529185 0.55638206 10.115787 1.686115 35.74462 1.7181382179260254 0.7652301788330078
Car 0.0 0 1.7705655097961426 505.1078186035156 178.9586181640625 578.718994140625 229.26454162597656 3.7959313 1.4652735 1.6593663 -2.168708 1.6809376 23.46937 1.6784212589263916 0.939495325088501
Car 0.0 0 1.6699187755584717 583.5103149414062 175.54269409179688 619.2176513671875 202.73683166503906 3.7172577 1.4061148 1.6014761 -0.46565446 1.561231 39.606827 1.6581623554229736 0.8174592852592468
Car 0.0 0 1.5530965328216553 742.8640747070312 176.24769592285156 762.5576171875 193.8163604736328 4.13576 1.4875396 1.6380455 12.6305685 1.7997055 64.11167 1.7476143836975098 0.19264234602451324
Car 0.0 0 -1.7421457767486572 379.014892578125 177.02066040039062 406.6064758300781 194.11380004882812 4.255448 1.4665887 1.6856222 -19.70475 1.8571936 65.296394 -2.035229206085205 0.14800699055194855
Car 0.0 0 3.2817859649658203 258.9422912597656 162.8257598876953 360.0912780761719 207.12242126464844 3.7355697 1.7891366 1.7236159 -12.628679 1.3844552 30.442041 2.888549327850342 0.13514842092990875
