Pedestrian 0.0 0 -1.8924129009246826 924.8302001953125 148.1214599609375 1004.4722290039062 289.6300964355469 0.8626262 1.6636369 0.6370427 4.435643 1.2725701 8.914012 -1.4306843280792236 0.8207184076309204
Pedestrian 0.0 0 -1.8514405488967896 773.8937377929688 153.010009765625 811.7160034179688 223.01039123535156 0.4276968 1.6462655 0.7819854 4.5196786 0.97744226 17.113722 -1.5932389497756958 0.6654177904129028
Pedestrian 0.0 0 1.9893264770507812 593.738525390625 158.43177795410156 609.3516235351562 193.03221130371094 0.7027182 1.8590487 0.61679566 0.0051858276 0.6204486 39.039234 1.9894592761993408 0.4190683960914612
Pedestrian 0.0 0 -1.5929325819015503 730.56982421875 149.69517517089844 745.0549926757812 189.03054809570312 0.5099144 1.9335451 0.69350016 6.7512383 0.37105688 35.61593 -1.405598521232605 0.3245769739151001
Pedestrian 0.0 0 2.1595513820648193 577.6835327148438 159.5003662109375 593.76904296875 193.86483764648438 0.7159722 1.839648 0.5698918 -0.85233724 0.66276854 38.90734 2.137648105621338 0.3160760700702667
Pedestrian 0.0 0 1.8327560424804688 900.553955078125 145.62620544433594 937.1362915039062 222.94715881347656 0.9278663 1.7418677 0.5592052 7.3570657 0.9349263 16.716665 2.247349739074707 0.2503637969493866
Pedestrian 0.0 0 -1.9581875801086426 753.0169677734375 141.3828887939453 778.9263305664062 182.0743408203125 0.9233617 1.8772382 0.90025353 7.694053 0.027422857 33.665176 -1.7335002422332764 0.2206205576658249
Pedestrian 0.0 0 3.3351235389709473 383.1993103027344 148.20863342285156 422.4018859863281 218.12416076660156 0.9095473 1.818714 0.56295186 -5.277891 0.95387757 18.999258 3.0641610622406006 0.20345672965049744
Pedestrian 0.0 0 1.397452473640442 747.8642578125 149.0615997314453 763.7794799804688 187.6343536376953 0.7461053 1.9601387 0.67929626 7.9179945 0.31259713 36.886482 1.608902096748352 0.1777644157409668
Cyclist 0.0 0 2.170689821243286 0.0 127.73365783691406 353.9157409667969 374.0 1.638039 1.6127502 0.77772284 -2.0615597 1.4004836 3.7038648 1.662795901298523 0.7239755392074585
Cyclist 0.0 0 1.379506230354309 584.923095703125 173.35983276367188 600.5025024414062 202.25912475585938 1.7853667 1.6643299 0.5860044 -0.5206637 1.1963189 42.30028 1.36719810962677 0.308169424533844
Cyclist 0.0 0 1.8659234046936035 901.69775390625 143.5064239501953 938.796142578125 221.72988891601562 0.9131811 1.7528975 0.5440077 7.3453007 0.9027217 16.617884 2.2821145057678223 0.2049158215522766
Cyclist 0.0 0 -2.0952837467193604 1145.642822265625 149.7689666748047 1238.0 286.00006103515625 1.6532696 1.6477859 0.5024475 7.9446306 1.2653244 9.543213 -1.4010432958602905 0.1758633404970169
Car 0.0 0 1.7088831663131714 609.5904541015625 162.66014099121094 652.0153198242188 194.26309204101562 3.6708283 1.4362288 1.5515811 1.4539753 0.58096707 34.587547 1.7508959770202637 0.7173454761505127
Car 0.0 0 -1.9231218099594116 1109.2601318359375 150.87298583984375 1238.0 268.2518005371094 3.546794 1.4166648 1.5299107 8.927961 1.0483644 10.595036 -1.222907304763794 0.2837149202823639
