Pedestrian 0.0 0 1.4299522638320923 895.5126342773438 140.02577209472656 916.2489624023438 199.26864624023438 0.604641 1.8903267 0.5377041 9.836236 0.5680637 23.279161 1.8297322988510132 0.4094149172306061
Pedestrian 0.0 0 2.6572301387786865 167.7849578857422 176.33099365234375 205.49867248535156 208.93276977539062 1.6422718 1.722789 0.6732543 -22.413515 1.4504858 38.830723 2.1337358951568604 0.1074226126074791
Cyclist 0.0 0 2.6553854942321777 168.2314910888672 176.71597290039062 205.82672119140625 209.03282165527344 1.6356013 1.7079452 0.6758279 -22.394312 1.4559542 38.83355 2.132293701171875 0.31823405623435974
Car 0.0 0 -1.35811448097229 397.5899353027344 184.95672607421875 509.9996337890625 263.179931640625 3.518833 1.4243951 1.5788522 -2.9859898 1.5063497 15.005889 -1.5545365810394287 0.9353826642036438
Car 0.0 0 1.9781198501586914 219.58035278320312 186.74888610839844 371.4602355957031 270.5538635253906 3.4791896 1.4626585 1.5536604 -6.033224 1.5826482 14.502851 1.5838946104049683 0.9183801412582397
Car 0.0 0 -1.587626576423645 573.3250122070312 177.8629913330078 619.678466796875 220.9239044189453 4.1772413 1.5298905 1.648572 -0.25146097 1.4017292 27.628054 -1.596727967262268 0.8841622471809387
Car 0.0 0 -0.9327179193496704 0.0 203.8142852783203 377.704833984375 374.0 4.160826 1.4489248 1.6238835 -2.7122164 1.6324782 3.7696588 -1.556402325630188 0.826463520526886
Car 0.0 0 -1.4480023384094238 542.0272827148438 176.5939178466797 582.104248046875 207.9859161376953 3.9345973 1.5527728 1.6229734 -2.0099144 1.3109843 37.547863 -1.5014806985855103 0.8146330714225769
Car 0.0 0 -1.5083361864089966 597.025390625 179.07997131347656 627.2760009765625 204.58006286621094 3.429007 1.4354656 1.5681994 0.66601247 1.3000382 42.204845 -1.4925570487976074 0.4214930534362793
Car 0.0 0 -2.1856298446655273 375.8035583496094 180.0826416015625 439.8048400878906 206.79638671875 3.8782732 1.4769762 1.6369203 -11.235344 1.399427 41.581 -2.4495315551757812 0.27752965688705444
Car 0.0 0 1.7152292728424072 584.1262817382812 179.05844116210938 612.7918090820312 197.75048828125 3.5827658 1.3948684 1.7185377 -0.17591166 1.213248 55.496647 1.712059497833252 0.26739826798439026
