Pedestrian 0.0 0 -1.8591514825820923 831.6087646484375 130.3790283203125 882.2671508789062 236.8267822265625 0.7834397 1.8631247 0.6675067 4.394205 1.1200552 13.029891 -1.5338886976242065 0.31204721331596375
Pedestrian 0.0 0 -0.5905293226242065 80.7632064819336 183.85874938964844 133.42413330078125 247.15721130371094 0.9557065 1.8711754 0.957539 -15.484096 2.2190022 22.160643 -1.2003960609436035 0.2912106513977051
Pedestrian 0.0 0 -2.0310802459716797 721.927978515625 193.378173828125 751.1852416992188 245.71456909179688 0.91060936 1.7561523 0.6685058 4.3615932 2.4873047 25.157085 -1.859412431716919 0.1961699277162552
Pedestrian 0.0 0 -2.1058826446533203 1068.5142822265625 164.127685546875 1102.8221435546875 206.8184051513672 0.9141754 1.8307998 0.90715086 20.662056 1.4569278 31.418274 -1.5241522789001465 0.19095055758953094
Cyclist 0.0 0 2.1736645698547363 82.31763458251953 198.2088165283203 157.1892852783203 275.0051574707031 2.0045295 1.7694753 0.52729154 -12.425053 2.447882 18.289032 1.5769175291061401 0.7394288778305054
Car 0.0 0 -1.5824980735778809 566.8706665039062 183.19505310058594 618.6437377929688 233.8986053466797 3.3794181 1.6289091 1.7157294 -0.68021464 2.020887 25.600882 -1.60906183719635 0.9377633333206177
Car 0.0 0 1.8531321287155151 343.4944763183594 195.8278350830078 428.8578796386719 250.21255493164062 3.834115 1.4804792 1.6109498 -7.128792 2.2810183 23.198936 1.555001139640808 0.9111020565032959
Car 0.0 0 1.7149043083190918 493.0641174316406 186.4941864013672 544.3023071289062 223.84716796875 4.3574266 1.5119629 1.7153336 -4.1398835 2.1777334 33.00132 1.590110182762146 0.9074326753616333
Car 0.0 0 -1.8300602436065674 815.0473022460938 173.54408264160156 847.5965576171875 193.23350524902344 3.801927 1.5805794 1.6624793 18.33369 1.6401548 59.985046 -1.5334392786026 0.2943352162837982
Car 0.0 0 2.4014227390289307 1086.6688232421875 169.21009826660156 1205.8885498046875 205.2576141357422 4.0879416 1.5067503 1.6620188 23.094542 1.3547974 31.19331 3.038731098175049 0.15455758571624756
