Pedestrian 0.0 0 -1.5228631496429443 688.61083984375 167.0690155029297 701.90625 200.9260711669922 1.0002944 1.6982644 0.62644184 4.30758 1.4084487 36.73418 -1.406132698059082 0.4551657438278198
Cyclist 0.0 0 1.7735928297042847 543.89111328125 175.99327087402344 559.9843139648438 204.38197326660156 1.9244484 1.7557912 0.64672446 -3.7104118 1.9599168 45.83745 1.692821741104126 0.7609989047050476
Cyclist 0.0 0 1.668731927871704 518.9263916015625 174.9962158203125 537.080078125 216.55996704101562 1.9394295 1.722618 0.5905426 -3.549185 1.8178444 30.976318 1.5546519756317139 0.717454195022583
Cyclist 0.0 0 1.6071975231170654 688.8740844726562 167.4800262451172 701.4915771484375 201.35643005371094 1.1705416 1.6950036 0.5972393 4.3030186 1.4264747 36.72328 1.7238397598266602 0.39132943749427795
Cyclist 0.0 0 1.6711138486862183 536.7401733398438 174.57630920410156 555.2300415039062 216.0893096923828 1.9666424 1.7572705 0.6159109 -2.8325748 1.8354409 31.608887 1.5817393064498901 0.34727102518081665
Car 0.0 0 1.8437086343765259 322.3824157714844 182.6978759765625 441.9173278808594 262.7674255371094 3.8104851 1.5659895 1.6244141 -5.104373 1.8178996 16.50911 1.5438464879989624 0.9554575681686401
Car 0.0 0 -1.7632215023040771 694.7835693359375 178.42575073242188 823.915283203125 279.9673767089844 3.5122116 1.5612705 1.5940446 2.491639 1.675955 13.043444 -1.5744693279266357 0.9152759909629822
Car 0.0 0 1.7552131414413452 462.52874755859375 182.69754028320312 518.467529296875 219.83909606933594 4.410994 1.4980508 1.7034085 -5.3386006 1.9721766 32.501343 1.5924091339111328 0.8516916036605835
Car 0.0 0 -1.5474337339401245 633.5989990234375 177.58804321289062 657.900390625 199.19798278808594 3.778758 1.509506 1.7037661 2.6392236 1.8716846 53.197628 -1.497862696647644 0.7099983096122742
Car 0.0 0 -0.5899088978767395 0.0 222.4814910888672 73.61934661865234 375.0 3.8440883 1.488394 1.6236184 -4.5761094 1.831798 3.0627003 -1.5708953142166138 0.3475832939147949
Car 0.0 0 1.641356110572815 521.4898681640625 179.24314880371094 547.9637451171875 202.5444793701172 3.8072045 1.5513752 1.5995446 -5.316515 2.020646 51.023438 1.5375332832336426 0.33665329217910767
