Pedestrian 0.0 0 2.558945655822754 889.49755859375 170.58352661132812 943.404296875 263.38311767578125 0.76603645 1.7875724 0.62030786 6.002518 1.744195 14.271191 2.9570868015289307 0.23191936314105988
Pedestrian 0.0 0 3.763746500015259 0.0 156.17103576660156 107.56258392333984 335.97296142578125 1.1355236 1.8664815 0.6444231 -6.311498 1.6936574 7.840639 3.0859808921813965 0.19167988002300262
Pedestrian 0.0 0 -1.8929940462112427 841.8878173828125 169.0151824951172 889.3878173828125 246.9765167236328 1.6693543 1.7370678 0.54231316 5.9158535 1.6518928 16.91241 -1.5565030574798584 0.10359814763069153
Cyclist 0.0 0 -1.913571834564209 842.3197631835938 169.4606475830078 888.93603515625 246.54823303222656 1.5578095 1.7236345 0.5314647 5.917594 1.6481189 16.910954 -1.5769623517990112 0.18165913224220276
Car 0.0 0 -1.7937532663345337 726.861328125 183.2494354248047 876.0934448242188 287.94091796875 3.7109487 1.4658492 1.6247152 3.0300236 1.6709825 12.340884 -1.5529886484146118 0.9565148949623108
Car 0.0 0 -1.750972867012024 686.6563720703125 178.9871368408203 783.16455078125 249.66378784179688 3.8983033 1.5071521 1.6223694 2.8842785 1.6745797 17.688457 -1.5893354415893555 0.8895268440246582
Car 0.0 0 1.619123935699463 506.1373596191406 178.6954345703125 548.8812255859375 217.69406127929688 3.648557 1.4807372 1.5818777 -3.3963819 1.7377362 29.825874 1.505738615989685 0.8751491904258728
Car 0.0 0 -1.6742454767227173 645.7151489257812 178.79672241210938 685.81884765625 210.28541564941406 3.9349144 1.452642 1.5867295 2.6925967 1.7661073 36.023808 -1.5996392965316772 0.6145357489585876
Car 0.0 0 1.5796809196472168 533.8905639648438 179.00274658203125 561.8876342773438 204.98956298828125 3.8690104 1.4235426 1.5668787 -3.6721501 1.802652 42.453346 1.4933972358703613 0.40730711817741394
Car 0.0 0 1.5179696083068848 542.7991333007812 175.3112335205078 569.2014770507812 198.7555694580078 3.8980458 1.568999 1.6415819 -3.860707 1.7491436 50.751297 1.442044734954834 0.16477526724338531
