Pedestrian 0.0 0 1.5912517309188843 673.0021362304688 171.625 683.6344604492188 201.18614196777344 1.1691549 1.6946424 0.5935129 3.944473 1.6245458 41.97522 1.6849480867385864 0.33965855836868286
Cyclist 0.0 0 1.5912517309188843 673.0021362304688 171.625 683.6344604492188 201.18614196777344 1.1691549 1.6946424 0.5935129 3.944473 1.6245458 41.97522 1.6849480867385864 0.3648972511291504
Car 0.0 0 1.948988437652588 250.36911010742188 186.11041259765625 404.1155090332031 275.5522766113281 3.3888967 1.4270107 1.5626105 -5.2491555 1.7107745 13.718572 1.583544135093689 0.9645192623138428
Car 0.0 0 -1.9768214225769043 769.1655883789062 175.99649047851562 1038.244140625 323.81048583984375 3.9960523 1.4548013 1.6230983 3.3400724 1.5042548 9.227759 -1.6295324563980103 0.9523095488548279
Car 0.0 0 1.8612444400787354 348.8685302734375 180.57492065429688 457.95391845703125 245.7725830078125 3.853206 1.4487249 1.6306587 -5.1813955 1.6670736 18.429287 1.5871696472167969 0.9455405473709106
Car 0.0 0 -1.821848750114441 731.3707275390625 178.8622283935547 855.9189453125 263.42218017578125 3.5491803 1.4741068 1.57128 3.5175557 1.6110631 14.615481 -1.5856672525405884 0.9445575475692749
Car 0.0 0 -2.365983247756958 962.2998657226562 179.7345428466797 1242.0 375.0 3.7036355 1.4959707 1.6125396 3.430027 1.5481098 3.5540252 -1.5983376502990723 0.8392947316169739
Car 0.0 0 0.8313730359077454 478.3802795410156 176.3863067626953 532.9212036132812 200.09024047851562 3.7855928 1.552184 1.565255 -7.223941 1.8041538 49.58837 0.6867125034332275 0.3656536340713501
Car 0.0 0 -0.711515486240387 711.7620239257812 164.5843505859375 780.4061279296875 194.43751525878906 3.9934492 1.7654014 1.7288765 8.356812 1.2767236 44.415733 -0.5255398750305176 0.24271345138549805
Car 0.0 0 2.5884056091308594 602.5548095703125 173.3731689453125 651.04248046875 191.13497924804688 3.8878748 1.4738014 1.5859298 1.4227993 1.5197066 61.631992 2.6114869117736816 0.21891620755195618
