Pedestrian 0.0 0 2.7124032974243164 683.00830078125 156.58018493652344 703.451904296875 194.8929901123047 0.8321258 1.8937403 0.6216604 4.122737 1.0897099 36.08626 2.8261568546295166 0.30538633465766907
Pedestrian 0.0 0 0.3740335702896118 348.68048095703125 129.4752655029297 440.61199951171875 276.2798156738281 0.99743193 1.8021672 0.5206731 -2.7732642 1.2700093 9.15412 0.07987022399902344 0.2533949017524719
Car 0.0 0 -1.6786895990371704 732.8882446289062 197.34298706054688 865.8824462890625 310.8800048828125 3.586935 1.3898319 1.6140581 2.7994576 1.8453664 11.5253 -1.4404075145721436 0.9469527006149292
Car 0.0 0 -2.004513740539551 783.8068237304688 202.60671997070312 1242.0 375.0 3.6114104 1.4141109 1.6444324 2.5115902 1.7130128 5.4311213 -1.571359634399414 0.9205266833305359
Car 0.0 0 1.7389870882034302 483.3706970214844 181.32310485839844 567.9558715820312 245.1871337890625 3.845328 1.5148879 1.6533388 -2.229141 1.7683877 19.598867 1.6257355213165283 0.9017509818077087
Car 0.0 0 -1.7591792345046997 689.92626953125 187.23451232910156 780.2393188476562 260.6136169433594 3.2761464 1.5481913 1.549578 2.8884811 1.9309487 17.527058 -1.5958460569381714 0.891176164150238
Car 0.0 0 -1.7385497093200684 662.9220581054688 186.27642822265625 730.820068359375 236.63357543945312 3.512913 1.4116653 1.5629555 2.6403186 1.8729085 22.977024 -1.6241402626037598 0.826102077960968
Car 0.0 0 -1.6898648738861084 645.9717407226562 183.91299438476562 688.0962524414062 217.88912963867188 3.5709631 1.4860432 1.5876528 2.6419487 2.043958 34.556915 -1.6135611534118652 0.5696898102760315
Car 0.0 0 -1.7298128604888916 659.3956909179688 185.93307495117188 709.5673828125 226.23501586914062 3.5600579 1.4979601 1.5048438 2.9765975 2.0719197 29.819672 -1.6303224563598633 0.36908337473869324
Car 0.0 0 1.7494785785675049 573.5492553710938 177.8437042236328 605.2648315429688 201.29885864257812 3.780743 1.5549049 1.5808307 -1.4364474 1.9193777 50.662918 1.7211331129074097 0.2689013183116913
