Pedestrian 0.0 0 1.0567147731781006 501.1491394042969 170.1846466064453 545.8697509765625 246.19602966308594 1.0511068 1.9154173 0.73459786 -2.3110044 1.8485103 18.820309 0.9345333576202393 0.7306675910949707
Pedestrian 0.0 0 1.690048098564148 461.3997802734375 162.56565856933594 500.89556884765625 247.8634033203125 0.7624609 1.7398977 0.7314675 -2.739797 1.5303948 15.11762 1.510762095451355 0.6306433081626892
Pedestrian 0.0 0 -2.5023677349090576 347.65032958984375 167.4024200439453 370.8431091308594 207.96096801757812 0.7936916 1.7914239 0.5745096 -11.24963 1.550992 32.259518 -2.837904214859009 0.2807166576385498
Pedestrian 0.0 0 0.41404199600219727 300.1601867675781 188.176513671875 347.5495300292969 244.8624725341797 1.181662 1.7028174 0.686748 -8.853651 2.1830878 22.23247 0.03506183624267578 0.21447817981243134
Cyclist 0.0 0 -3.0080783367156982 707.9662475585938 167.27322387695312 762.4247436523438 219.72157287597656 1.8612932 1.8413647 0.61830914 4.451465 1.6457922 25.902445 -2.837885856628418 0.7969345450401306
Cyclist 0.0 0 0.4000163674354553 293.0182189941406 188.1185760498047 351.568603515625 245.52825927734375 1.5479523 1.7287 0.645041 -8.903155 2.206769 22.240698 0.019243478775024414 0.4924059510231018
Cyclist 0.0 0 -0.9247101545333862 420.26312255859375 141.76708984375 464.2551574707031 191.18270874023438 1.6713431 1.7382231 0.6967653 -6.1356134 0.64508104 26.282938 -1.1540477275848389 0.371924489736557
Cyclist 0.0 0 -1.63125741481781 836.2767944335938 174.20216369628906 850.1499633789062 218.02210998535156 1.6642468 1.6692513 0.41611812 9.127433 1.7242699 28.393597 -1.3202297687530518 0.19782982766628265
Car 0.0 0 2.0160698890686035 274.9049987792969 186.16127014160156 470.1711120605469 284.92626953125 4.2867093 1.4482186 1.731378 -4.200758 1.7376424 13.426472 1.7128467559814453 0.938959538936615
Car 0.0 0 2.2785205841064453 1129.2738037109375 161.52748107910156 1242.0 205.74876403808594 4.033495 1.4693475 1.6222439 20.487558 1.0933576 25.129284 2.9625132083892822 0.7556383609771729
