Pedestrian 0.0 0 -1.6851933002471924 705.218994140625 156.6879425048828 762.6101684570312 270.25775146484375 0.9635076 1.8282413 0.83818054 2.1637344 1.430111 12.068294 -1.5077873468399048 0.8864928483963013
Pedestrian 0.0 0 -1.674887776374817 659.1067504882812 162.0556182861328 707.2024536132812 270.3384704589844 0.8747617 1.7263029 0.6989185 1.2956029 1.4176052 11.888398 -1.566335678100586 0.7446311116218567
Pedestrian 0.0 0 -1.3786242008209229 371.19390869140625 164.096923828125 426.1355895996094 273.41717529296875 0.9081294 1.6852503 0.6927754 -3.2863748 1.4182705 11.55286 -1.6557676792144775 0.6729286313056946
Pedestrian 0.0 0 -2.980984926223755 493.70745849609375 170.7058563232422 520.6975708007812 217.7308349609375 0.90498734 1.7520584 0.74701077 -3.5751297 1.3509247 27.147911 -3.111922264099121 0.6559557318687439
Pedestrian 0.0 0 1.5697087049484253 751.5435791015625 168.58323669433594 767.9039306640625 221.23175048828125 0.7996728 1.6745276 0.509218 5.104592 1.2648014 23.2895 1.7854766845703125 0.6500087380409241
Pedestrian 0.0 0 2.169267177581787 766.4505615234375 153.68484497070312 806.1995239257812 221.95513916015625 0.97352153 1.8614348 0.644022 5.157919 1.104193 20.146578 2.41990327835083 0.47662511467933655
Pedestrian 0.0 0 2.7654621601104736 731.0970458984375 161.62527465820312 762.5625610351562 213.5402374267578 0.9310714 1.7847359 0.5690807 5.044097 1.1025517 25.054607 2.9641306400299072 0.41824349761009216
Pedestrian 0.0 0 -1.4960052967071533 707.42529296875 165.25469970703125 728.4673461914062 219.27255249023438 0.8188657 1.7566404 0.63122565 3.8450875 1.2294422 23.828989 -1.3360224962234497 0.3641967475414276
Pedestrian 0.0 0 0.4039513170719147 257.41650390625 174.05809020996094 304.6335144042969 251.9033203125 0.83729726 1.7718287 0.5869621 -7.4525228 1.6036559 16.64788 -0.01695159450173378 0.3271484375
Pedestrian 0.0 0 -0.1965906322002411 783.761962890625 148.73992919921875 815.8007202148438 210.6654052734375 0.8396742 1.8678445 0.61941963 6.0409584 0.8808312 22.003223 0.07135605812072754 0.3019069731235504
Pedestrian 0.0 0 3.0240862369537354 579.0164184570312 173.18588256835938 592.4577026367188 195.5297088623047 1.0394258 1.8104808 0.53306335 -1.2556446 1.1373029 58.538773 3.0026397705078125 0.29553064703941345
Pedestrian 0.0 0 -0.4322768449783325 754.579833984375 151.75640869140625 795.47412109375 216.1774139404297 1.0030346 1.8451631 0.59330386 5.031325 0.99437964 20.961071 -0.1967017501592636 0.29011964797973633
Pedestrian 0.0 0 -0.4297250509262085 754.5289916992188 164.59237670898438 776.7810668945312 202.5503692626953 0.8569207 1.7677557 0.58046544 7.719316 0.9812659 33.822727 -0.20533965528011322 0.2648588716983795
Cyclist 0.0 0 1.7188682556152344 581.8135375976562 170.4024200439453 615.6295166015625 223.95953369140625 1.7374868 1.7038769 0.8752415 -0.09620321 1.3519176 23.773197 1.7148215770721436 0.9159575700759888
Cyclist 0.0 0 1.8119689226150513 521.1500244140625 167.55874633789062 565.6167602539062 245.44357299804688 1.756989 1.779552 0.6725471 -1.4101536 1.4622262 17.331112 1.7307822704315186 0.8957822322845459
Cyclist 0.0 0 1.573362946510315 548.2284545898438 167.98016357421875 566.539306640625 216.07791137695312 1.7296779 1.6748374 0.63695264 -1.6096095 1.2051209 25.893167 1.5112793445587158 0.8530977964401245
Cyclist 0.0 0 -1.777679443359375 1078.0478515625 182.68771362304688 1238.0 374.0 1.6289442 1.6492351 0.5455399 2.4444003 1.6571802 3.0916002 -1.1086604595184326 0.28973618149757385
Cyclist 0.0 0 -1.5589954853057861 706.1680297851562 166.78834533691406 727.4324340820312 220.79812622070312 0.92686826 1.7566924 0.6844525 3.8135846 1.2792821 23.87626 -1.4006104469299316 0.13664601743221283
Car 0.0 0 1.6240347623825073 552.3738403320312 170.3226318359375 580.4140625 196.59706115722656 4.075095 1.6875558 1.6657631 -2.3001795 0.97036064 48.176823 1.5763264894485474 0.550787627696991
