Pedestrian 0.0 0 -1.0861550569534302 787.891845703125 160.412109375 855.6480712890625 274.5109558105469 0.6953725 1.7733381 0.83174664 3.3950725 1.5803224 11.750357 -0.8048816323280334 0.2900039255619049
Pedestrian 0.0 0 1.760802984237671 469.0205993652344 171.04051208496094 501.1241149902344 237.80950927734375 0.94430083 1.8268992 0.72314316 -3.538125 1.7776376 20.217745 1.5875563621520996 0.2899850606918335
Pedestrian 0.0 0 1.7207821607589722 452.2475891113281 166.62646484375 480.9398193359375 237.3655548095703 0.7669613 1.7782484 0.6171793 -3.7246745 1.6220579 18.53331 1.5224522352218628 0.24507346749305725
Pedestrian 0.0 0 2.9338881969451904 671.064208984375 167.52569580078125 685.6435546875 192.46783447265625 1.0058707 1.888502 0.58800817 5.179875 1.4854246 54.977913 3.0278282165527344 0.19257304072380066
Pedestrian 0.0 0 1.7831326723098755 705.48681640625 165.1131134033203 722.586669921875 206.77638244628906 0.6512625 1.8684433 0.6468824 4.6883416 1.521651 32.7732 1.9252227544784546 0.1901259571313858
Pedestrian 0.0 0 0.4597656726837158 515.5488891601562 164.64901733398438 542.6903076171875 211.62539672851562 0.8912471 1.7815897 0.540073 -3.153808 1.4707723 27.767124 0.34666967391967773 0.17963768541812897
Pedestrian 0.0 0 -2.489476442337036 293.5948486328125 197.6316680908203 368.3680725097656 322.9624328613281 0.7347452 1.6242478 0.6159892 -3.874087 1.9783983 9.902565 -2.862391471862793 0.11451476812362671
Cyclist 0.0 0 1.7751820087432861 467.5714416503906 171.02481079101562 501.62408447265625 238.50283813476562 1.0252563 1.8390347 0.7482827 -3.5444283 1.7895405 20.185741 1.6013633012771606 0.13652534782886505
Cyclist 0.0 0 -1.4772074222564697 1098.23193359375 146.68905639648438 1138.3548583984375 243.94876098632812 1.5323057 1.660576 0.4553712 9.153566 1.2142032 13.047463 -0.8654358386993408 0.1362503319978714
Cyclist 0.0 0 -1.3391523361206055 449.871337890625 169.22467041015625 488.3507080078125 239.5712890625 1.4955288 1.7586231 0.6610432 -3.6992278 1.6682502 18.794834 -1.5334898233413696 0.13142509758472443
Car 0.0 0 -1.6783956289291382 658.689208984375 184.891845703125 696.4417724609375 214.79495239257812 3.8299992 1.4626886 1.6076087 3.5448873 2.142095 38.770893 -1.5872174501419067 0.7976214289665222
Car 0.0 0 1.6504833698272705 553.1485595703125 183.26638793945312 579.8424072265625 207.01382446289062 4.1494575 1.641631 1.6635487 -3.232931 2.4485805 53.800316 1.5904642343521118 0.13372842967510223
Car 0.0 0 -1.5123015642166138 669.493408203125 174.97784423828125 689.1802978515625 191.44662475585938 3.5944688 1.4488395 1.5832518 6.3322287 1.648652 65.86144 -1.4164514541625977 0.12618796527385712
Car 0.0 0 -1.6602009534835815 750.0672607421875 173.14794921875 853.8486328125 271.1522216796875 2.8782332 1.5795623 1.5483572 3.344152 1.5859193 13.179329 -1.41170334815979 0.1173921748995781
Car 0.0 0 3.623505115509033 39.15869140625 176.19229125976562 372.25115966796875 296.90509033203125 3.7268922 1.5350114 1.6379064 -5.502117 1.585926 10.07212 3.123528480529785 0.11591365188360214
