Pedestrian 0.0 0 1.1217145919799805 704.39111328125 171.0710906982422 732.083251953125 220.71392822265625 0.9169955 1.8159338 0.6913898 3.9905772 1.7510735 26.931654 1.2688184976577759 0.4654559791088104
Pedestrian 0.0 0 0.0802464634180069 660.5932006835938 174.1294708251953 672.843994140625 201.38186645507812 0.7603241 1.7802134 0.5861209 3.7061799 1.8651803 47.512306 0.15809345245361328 0.3326214551925659
Pedestrian 0.0 0 2.581892490386963 750.2261962890625 150.8330078125 792.1898803710938 223.2935791015625 0.800957 1.7978401 0.68299973 4.0476274 1.2518289 18.355734 2.798929452896118 0.26378297805786133
Pedestrian 0.0 0 -2.734635591506958 804.5802001953125 142.28309631347656 827.6267700195312 193.75741577148438 0.60766006 1.9481333 0.7482723 7.896699 0.7914836 27.787048 -2.457749128341675 0.16962763667106628
Pedestrian 0.0 0 -0.9532384276390076 40.5091667175293 138.60006713867188 101.35794830322266 230.87106323242188 0.768707 1.7856324 0.6446108 -10.75982 1.1231065 14.353 -1.5965197086334229 0.16149047017097473
Car 0.0 0 1.7714192867279053 437.1121520996094 186.6593780517578 518.4365844726562 244.97157287597656 3.5609064 1.4008306 1.5304683 -3.6098962 1.8178681 19.978233 1.5926566123962402 0.9490637183189392
Car 0.0 0 3.232203960418701 0.0 187.06820678710938 232.54747009277344 291.04473876953125 3.8940518 1.5784557 1.6587893 -9.134307 1.8700695 13.096736 2.623192071914673 0.9339002966880798
Car 0.0 0 2.910529136657715 436.5319519042969 182.93218994140625 512.6248168945312 209.98545837402344 4.167327 1.4991524 1.6411711 -8.055391 2.1191313 42.763817 2.72434139251709 0.7220627069473267
Car 0.0 0 0.8312470316886902 930.2493286132812 13.905879974365234 1242.0 305.6123352050781 4.330236 1.5198191 1.7472353 4.5850673 0.69204175 5.988782 1.484663486480713 0.14956890046596527
Car 0.0 0 1.5209922790527344 531.2089233398438 180.39678955078125 557.13720703125 203.57687377929688 3.9675627 1.5081166 1.6000746 -4.6579022 2.05677 50.369884 1.4287805557250977 0.1340818554162979
Car 0.0 0 1.6356160640716553 673.2857055664062 181.5274200439453 700.876708984375 206.17478942871094 3.711925 1.4768703 1.5356032 4.9764557 2.0606308 46.570663 1.7420703172683716 0.1302485167980194
