Pedestrian 0.0 0 -1.138059139251709 1064.625732421875 159.97283935546875 1134.3345947265625 260.4764099121094 0.9151991 1.7317464 0.7217947 8.748972 1.5101528 12.975655 -0.5448175668716431 0.7961187958717346
Pedestrian 0.0 0 -1.4503285884857178 523.6871337890625 153.76756286621094 538.8397827148438 192.42274475097656 0.8888168 1.929233 0.6603676 -4.011483 0.97701013 36.45629 -1.5599230527877808 0.2887042462825775
Pedestrian 0.0 0 -3.737934112548828 1121.59716796875 168.47605895996094 1153.1300048828125 220.01161193847656 0.6767553 1.8167684 0.6202987 18.774715 1.6627921 25.754747 -3.1080214977264404 0.24487332999706268
Pedestrian 0.0 0 3.4564242362976074 316.6510314941406 137.6954803466797 392.7350158691406 263.4461364746094 0.89933103 1.7199737 0.4931171 -3.6237805 1.2394453 10.125623 3.1127448081970215 0.2326369434595108
Cyclist 0.0 0 1.7569236755371094 1044.846435546875 174.09608459472656 1098.5274658203125 262.76873779296875 1.7279826 1.6736995 0.600955 9.228799 1.7004191 14.475333 2.3244993686676025 0.4614162743091583
Cyclist 0.0 0 -1.4503285884857178 523.6871337890625 153.76756286621094 538.8397827148438 192.42274475097656 0.8888168 1.929233 0.6603676 -4.011483 0.97701013 36.45629 -1.5599230527877808 0.12220124155282974
Car 0.0 0 -1.5851696729660034 568.4296875 184.2095489501953 641.7444458007812 255.94334411621094 3.527212 1.5959961 1.6910715 -0.20707874 1.9140701 18.400389 -1.5964232683181763 0.9408654570579529
Car 0.0 0 1.6669249534606934 414.37652587890625 186.038818359375 448.42889404296875 212.29562377929688 4.222859 1.5448248 1.7520529 -11.586322 2.4425929 46.89152 1.4246890544891357 0.6274176239967346
Car 0.0 0 -2.7992169857025146 703.6958618164062 185.37042236328125 823.4769287109375 233.45294189453125 4.035894 1.6168731 1.7294104 5.674867 2.1164548 26.984638 -2.59193754196167 0.3564625680446625
Car 0.0 0 1.6918326616287231 473.35308837890625 185.19554138183594 495.0588684082031 201.74525451660156 3.6229167 1.4622805 1.6020384 -11.908707 2.6635926 68.35985 1.5193573236465454 0.29920274019241333
Car 0.0 0 -1.3731886148452759 155.8179168701172 210.27149963378906 234.63836669921875 259.9443054199219 3.8365855 1.4519401 1.772745 -15.079041 2.9279275 26.352219 -1.8929246664047241 0.2781294584274292
Car 0.0 0 -0.40870052576065063 935.6515502929688 166.4631805419922 1143.4730224609375 231.64503479003906 3.9349134 1.4573963 1.6021851 10.020281 1.3148623 17.160563 0.11980652809143066 0.26322826743125916
