Pedestrian 0.0 0 2.220564365386963 167.6898956298828 165.6958465576172 241.4944305419922 294.00543212890625 0.69916487 1.7857083 0.63804126 -5.8988476 1.6864446 10.428362 1.7057820558547974 0.32218611240386963
Pedestrian 0.0 0 -1.8566255569458008 722.6436157226562 160.15489196777344 764.3136596679688 226.9744110107422 0.961347 1.849909 0.92858297 3.7331495 1.4986904 20.50012 -1.6764955520629883 0.3211115896701813
Pedestrian 0.0 0 1.7524908781051636 524.5040283203125 184.28652954101562 544.8837280273438 219.33485412597656 0.9607715 1.885895 0.95788556 -4.170429 2.523096 39.674355 1.647758960723877 0.2789445221424103
Pedestrian 0.0 0 -3.2992968559265137 992.62060546875 138.4725799560547 1134.9903564453125 366.06964111328125 0.8864745 1.718026 0.69180703 3.6285398 1.4588544 5.9325953 -2.7503714561462402 0.2472975254058838
Pedestrian 0.0 0 -2.7160415649414062 517.8282470703125 183.86241149902344 536.7093505859375 218.8643035888672 0.79168683 1.8038334 0.63976467 -4.377375 2.3885825 37.875156 -2.8311047554016113 0.19356276094913483
Pedestrian 0.0 0 -1.3267903327941895 507.34912109375 179.5104217529297 528.9237060546875 218.2247314453125 1.7202508 1.7597921 0.6130637 -4.354852 2.0819669 33.991337 -1.4542127847671509 0.10365262627601624
Cyclist 0.0 0 -1.2893680334091187 506.59197998046875 179.0635986328125 529.59326171875 217.7825927734375 1.7333217 1.7614894 0.6209573 -4.3595185 2.0624037 34.017017 -1.4168301820755005 0.3432571291923523
Cyclist 0.0 0 -2.1469459533691406 1018.0352783203125 131.78208923339844 1242.0 375.0 1.5110515 1.7102542 0.6159862 3.703922 1.4479911 5.374533 -1.5435311794281006 0.1244562640786171
Cyclist 0.0 0 -1.8128750324249268 728.3204345703125 158.56040954589844 769.0517578125 226.9114227294922 1.0680144 1.8832424 0.9002568 3.8666816 1.489776 20.43541 -1.6258710622787476 0.11302730441093445
Car 0.0 0 1.8210537433624268 338.4479064941406 180.6444091796875 472.3431701660156 275.99005126953125 3.5370212 1.5302953 1.5902345 -3.7581518 1.6973327 13.652075 1.5524265766143799 0.9417752623558044
Car 0.0 0 -1.567211627960205 651.6760864257812 183.6681671142578 691.3646850585938 221.5978240966797 3.567636 1.5743616 1.7032686 2.762849 2.0949063 32.85352 -1.4833130836486816 0.2401396483182907
Car 0.0 0 1.5599758625030518 635.0238647460938 189.48023986816406 656.302734375 209.81887817382812 4.176184 1.5010986 1.6715838 2.8579524 2.905971 58.83163 1.6085162162780762 0.1986139714717865
Car 0.0 0 -1.723781704902649 646.9464111328125 173.35394287109375 671.301513671875 191.2329864501953 3.9588928 1.5857341 1.6384417 4.4522038 1.6333424 66.14873 -1.6565771102905273 0.13020086288452148
