Pedestrian 0.0 0 -0.6058516502380371 1069.3486328125 108.25145721435547 1197.7872314453125 272.5682678222656 1.0162323 1.8066489 0.6209596 5.9043875 1.0967076 8.248761 0.015393733978271484 0.46812623739242554
Pedestrian 0.0 0 2.9021615982055664 501.84893798828125 169.8783416748047 519.6747436523438 200.00909423828125 0.94478196 1.7566924 0.5125434 -5.8771996 1.5835624 42.476715 2.764671802520752 0.19120237231254578
Pedestrian 0.0 0 -0.49860870838165283 838.5233154296875 143.01004028320312 865.9533081054688 197.48440551757812 0.72520703 1.8993706 0.5896424 8.516411 0.8591521 25.509157 -0.17638690769672394 0.16149483621120453
Pedestrian 0.0 0 0.465131938457489 209.30352783203125 144.09994506835938 254.8734893798828 205.74659729003906 1.040512 1.7997075 0.59325045 -11.230285 0.9606221 21.3681 -0.018756382167339325 0.10573417693376541
Pedestrian 0.0 0 1.8055356740951538 463.99114990234375 157.08314514160156 481.5436706542969 195.77462768554688 0.74815625 1.9073027 0.70561653 -6.8725944 1.130234 35.955444 1.6166718006134033 0.1004040390253067
Cyclist 0.0 0 -1.7626476287841797 740.1250610351562 173.91392517089844 753.0643310546875 204.29478454589844 1.7208134 1.6571188 0.3859803 7.582049 1.7179089 40.274998 -1.5765684843063354 0.21676671504974365
Cyclist 0.0 0 -0.960874617099762 430.3612060546875 160.7085723876953 453.61199951171875 187.48867797851562 1.8301922 1.7791257 0.59474134 -11.40355 0.9726064 48.89244 -1.1900156736373901 0.159257173538208
Cyclist 0.0 0 -0.9254144430160522 214.5695037841797 143.61866760253906 262.50592041015625 206.85446166992188 1.3379766 1.8216041 0.5835559 -11.091748 0.9797933 21.490778 -1.4018720388412476 0.10979923605918884
Car 0.0 0 1.6986525058746338 596.212158203125 174.86244201660156 620.3621215820312 192.9729766845703 3.6644957 1.5089678 1.6385307 -0.14128067 1.6885456 62.46214 1.6963906288146973 0.5369122624397278
Car 0.0 0 -1.5871323347091675 683.4994506835938 181.77780151367188 730.0048217773438 223.56466674804688 3.7593014 1.4637015 1.6743641 3.681204 1.8355578 28.072151 -1.4567426443099976 0.14125125110149384
