Pedestrian 0.0 0 2.1448123455047607 106.40987396240234 158.76626586914062 130.3438720703125 206.2926483154297 0.5233283 1.9126183 0.6230228 -19.632448 0.9987365 29.172873 1.5524591207504272 0.29493609070777893
Pedestrian 0.0 0 -2.717562198638916 396.3556213378906 171.77577209472656 415.7373352050781 204.18661499023438 0.81959623 1.7155185 0.6153473 -10.442863 1.2016551 38.387627 -2.9831719398498535 0.28453144431114197
Pedestrian 0.0 0 -2.5935566425323486 243.22332763671875 185.31849670410156 288.5793151855469 258.1294250488281 0.7883728 1.6977925 0.5899013 -8.024387 1.7917875 17.118895 -3.031888723373413 0.19649508595466614
Cyclist 0.0 0 -1.983229160308838 681.0254516601562 176.55262756347656 721.1063232421875 235.89337158203125 1.770534 1.6681861 0.49287912 2.8773687 1.5302522 21.110123 -1.8477611541748047 0.21539193391799927
Cyclist 0.0 0 -1.3613059520721436 397.3292236328125 172.52249145507812 413.1332702636719 204.65121459960938 1.0330241 1.6954753 0.6159534 -10.497511 1.2225655 38.438114 -1.6279064416885376 0.17602889239788055
Car 0.0 0 -1.4358124732971191 536.4827880859375 170.10411071777344 581.1966552734375 202.37010192871094 3.9647899 1.4457452 1.6079352 -1.979798 0.93607163 34.222378 -1.4935990571975708 0.9058250188827515
Car 0.0 0 1.7008856534957886 504.58392333984375 171.32891845703125 542.85400390625 198.55380249023438 4.313795 1.5005331 1.6674622 -4.4608784 0.9407582 41.765354 1.5944809913635254 0.8147776126861572
Car 0.0 0 -1.6308578252792358 609.2346801757812 168.7909393310547 638.5801391601562 192.75694274902344 3.9387736 1.4508562 1.6150297 1.3894936 0.6822248 45.476376 -1.6003131866455078 0.7210975289344788
Car 0.0 0 -1.4570879936218262 585.4854125976562 168.61669921875 610.5700073242188 188.04200744628906 3.6052003 1.4718478 1.5690988 -0.21507925 0.49624953 56.30313 -1.460908055305481 0.6100519895553589
Car 0.0 0 -1.5868492126464844 565.3790893554688 170.303466796875 590.4738159179688 194.4108123779297 3.2989028 1.4533501 1.5118111 -1.4947721 0.77910274 44.988083 -1.6200629472732544 0.277793288230896
