Pedestrian 0.0 0 -0.5310447812080383 986.6148071289062 79.54920959472656 1115.76171875 259.5947570800781 1.0214548 1.8390943 0.5705867 4.603008 0.8863807 7.657947 0.01016545295715332 0.2538147568702698
Pedestrian 0.0 0 -0.3888559639453888 775.9007568359375 141.8739013671875 825.201416015625 215.97103881835938 1.0576006 1.8258092 0.5771292 4.733303 1.0627943 18.13288 -0.13351935148239136 0.2395189255475998
Pedestrian 0.0 0 -0.9841394424438477 72.66812896728516 162.8356170654297 121.28318786621094 225.5272979736328 0.93312526 1.85045 0.81658787 -15.514135 1.555099 21.7742 -1.6032060384750366 0.106430783867836
Cyclist 0.0 0 -3.6029021739959717 1056.747314453125 149.7158203125 1106.3349609375 190.25125122070312 1.8209527 1.8357319 0.6126218 21.568953 0.7882289 33.08361 -3.0251553058624268 0.4155742824077606
Cyclist 0.0 0 -1.9021563529968262 859.2635498046875 168.7952880859375 874.3095703125 192.3087921142578 1.747606 1.8122963 0.57047194 20.06925 1.4998295 56.486202 -1.56077241897583 0.15710531175136566
Cyclist 0.0 0 1.8216767311096191 468.3953857421875 169.98126220703125 482.4305419921875 194.56146240234375 1.6054305 1.7604704 0.62640804 -9.81278 1.5550776 52.496502 1.636886715888977 0.10736863315105438
Cyclist 0.0 0 -0.3888559639453888 775.9007568359375 141.8739013671875 825.201416015625 215.97103881835938 1.0576006 1.8258092 0.5771292 4.733303 1.0627943 18.13288 -0.13351935148239136 0.10281737148761749
Car 0.0 0 -1.5052543878555298 562.7474365234375 169.14614868164062 618.5457153320312 220.2748260498047 3.1801643 1.6153518 1.6829647 -0.6397344 1.4985645 24.415356 -1.5314505100250244 0.9323055148124695
Car 0.0 0 2.648345470428467 959.2867431640625 179.0081024169922 1026.009033203125 198.99147033691406 4.1107354 1.4478726 1.5989525 28.357487 1.9122558 53.589046 3.135052442550659 0.41084617376327515
Car 0.0 0 1.8037261962890625 207.23403930664062 179.0159149169922 269.3467712402344 215.49159240722656 3.813869 1.5041344 1.6493286 -16.691994 1.7994959 32.492165 1.3291599750518799 0.143682599067688
Car 0.0 0 1.1054553985595703 1067.97900390625 170.8714141845703 1130.8267822265625 196.85470581054688 3.8418505 1.5245738 1.6402372 29.959097 1.4086035 44.34401 1.699621558189392 0.13301627337932587
Car 0.0 0 1.47440505027771 1133.6553955078125 169.08230590820312 1175.7926025390625 196.6047821044922 3.787903 1.5494552 1.6244084 32.11316 1.3374755 42.657772 2.119701623916626 0.12312372028827667
Car 0.0 0 2.741461753845215 878.5326538085938 179.712646484375 939.1575317382812 200.7430419921875 3.8170125 1.5210446 1.6491362 22.128447 2.0386534 53.572124 3.1331748962402344 0.10925624519586563
Car 0.0 0 1.034574031829834 977.5833129882812 187.87933349609375 1108.3702392578125 238.33216857910156 4.235767 1.4540758 1.8291253 14.272237 2.0020905 24.175928 1.5678670406341553 0.10723530501127243
Car 0.0 0 0.9687392711639404 800.1881713867188 180.44143676757812 875.5408325195312 214.9754180908203 3.6403232 1.5078005 1.6397909 10.732311 1.8902528 34.352028 1.271552562713623 0.10442442446947098
