Pedestrian 0.0 0 -0.6254892945289612 1113.65283203125 140.05715942382812 1187.7442626953125 246.51089477539062 0.83793116 1.7885575 0.582537 9.239606 1.2378868 12.417196 0.014223575592041016 0.1309107393026352
Pedestrian 0.0 0 -0.5719583630561829 867.8240966796875 170.9461669921875 893.9727172851562 218.85317993164062 0.72116774 1.757851 0.5605378 10.024642 1.6882048 26.823168 -0.21430093050003052 0.125728040933609
Pedestrian 0.0 0 -1.7373892068862915 868.3168334960938 148.4625244140625 891.2994995117188 196.11219787597656 1.6966809 1.7878654 0.5567078 10.397759 0.87302977 27.95569 -1.381306529045105 0.12245988845825195
Pedestrian 0.0 0 -1.818346381187439 963.4237060546875 163.9002227783203 1022.7110595703125 251.24610900878906 1.0946903 1.8120036 0.8874637 8.208074 1.6266142 15.601818 -1.334039568901062 0.11076667904853821
Pedestrian 0.0 0 -0.8225982189178467 1130.301025390625 160.53170776367188 1228.9619140625 277.25128173828125 0.8950851 1.6635149 0.7392649 8.3889885 1.4882524 10.716386 -0.15842176973819733 0.11041367053985596
Cyclist 0.0 0 -1.4559823274612427 684.3182373046875 165.398681640625 699.8093872070312 200.19142150878906 2.0409377 1.9019487 0.6368257 4.5820565 1.4947605 40.50617 -1.3433412313461304 0.8315085172653198
Cyclist 0.0 0 1.978985071182251 255.50148010253906 183.3789825439453 276.90484619140625 213.48304748535156 1.568286 1.7695599 0.6001011 -20.87362 2.41988 43.760628 1.5339099168777466 0.5664616823196411
Cyclist 0.0 0 -1.7373892068862915 868.3168334960938 148.4625244140625 891.2994995117188 196.11219787597656 1.6966809 1.7878654 0.5567078 10.397759 0.87302977 27.95569 -1.381306529045105 0.32095029950141907
Cyclist 0.0 0 2.2665209770202637 113.16472625732422 203.55482482910156 150.24598693847656 249.73736572265625 1.2616243 1.7725649 0.57894224 -19.401651 3.044592 29.225594 1.6804651021957397 0.11355625838041306
Car 0.0 0 1.9922971725463867 289.28033447265625 188.51441955566406 348.0047302246094 216.81170654296875 3.7519958 1.4676245 1.7451229 -16.694149 2.4088776 41.439793 1.6093336343765259 0.9078584313392639
Car 0.0 0 2.097350835800171 148.96607971191406 180.8471221923828 222.55075073242188 213.66636657714844 4.1130543 1.6849312 1.685956 -23.511663 2.1524007 40.1037 1.5670868158340454 0.37747862935066223
Car 0.0 0 -1.8083301782608032 812.2485961914062 178.43800354003906 902.1578979492188 234.67799377441406 3.7239506 1.4565581 1.618791 7.025572 1.6342769 20.990713 -1.4853509664535522 0.2207547426223755
Car 0.0 0 -1.41070556640625 372.1085510253906 178.06460571289062 396.76123046875 195.1488037109375 3.795828 1.508567 1.5993361 -20.905542 2.0065832 66.918076 -1.7135039567947388 0.1324782520532608
Car 0.0 0 -1.5532872676849365 719.746826171875 181.5482635498047 760.2744140625 218.9780731201172 3.9950426 1.4649833 1.6242291 5.6357784 1.8685051 31.338648 -1.3753544092178345 0.10720083117485046
