Pedestrian 0.0 0 -1.234520435333252 0.0 178.61009216308594 39.01861572265625 238.8802032470703 0.9451438 1.8509976 0.9730048 -18.934683 2.0388348 22.886017 -1.925715446472168 0.26885348558425903
Pedestrian 0.0 0 -1.0365378856658936 1068.9808349609375 147.08668518066406 1098.2701416015625 193.82449340820312 0.8904772 1.9118634 0.65666085 19.652973 0.8581796 30.003582 -0.45664119720458984 0.18411068618297577
Pedestrian 0.0 0 1.2384114265441895 409.8779296875 168.9098358154297 451.7554626464844 231.7419891357422 0.94192505 1.8080366 0.9495128 -5.369178 1.6948987 21.41382 0.9927418231964111 0.11895986646413803
Cyclist 0.0 0 1.9413331747055054 35.22336196899414 186.9221954345703 62.180416107177734 222.32028198242188 1.5311927 1.7934825 0.6096352 -29.60619 2.551351 38.028065 1.2798181772232056 0.11959809064865112
Car 0.0 0 -0.11381849646568298 260.8832092285156 193.94644165039062 338.5009460449219 222.1448974609375 3.964556 1.4658911 1.6324536 -17.96894 2.735838 41.734005 -0.5203880071640015 0.7613641619682312
Car 0.0 0 2.2934021949768066 276.4724426269531 159.26499938964844 335.3614501953125 185.42568969726562 3.9261284 1.7859219 1.6919197 -21.62028 0.8585941 51.38505 1.8951365947723389 0.31365519762039185
Car 0.0 0 1.7179770469665527 76.1345443725586 195.9650115966797 112.64562225341797 219.76339721679688 3.830966 1.5618968 1.6591015 -38.19385 3.3420696 53.480938 1.0978119373321533 0.3009408116340637
Car 0.0 0 -2.805293083190918 574.0379638671875 191.9021759033203 649.0839233398438 219.68994140625 3.8619366 1.4279188 1.7270621 0.061663378 2.5365558 40.523727 -2.803771495819092 0.17167583107948303
Car 0.0 0 -1.6807790994644165 627.4998168945312 158.80157470703125 651.2984008789062 180.8832550048828 4.5360026 2.0150094 1.7530569 2.7229116 0.73304737 68.163216 -1.6408534049987793 0.1464689075946808
Car 0.0 0 3.131044864654541 425.0159606933594 167.0086669921875 512.4482421875 198.32638549804688 4.2251077 1.523238 1.7818778 -7.148096 1.2392889 36.392933 2.9370994567871094 0.13417036831378937
