Car 0.0 0 -1.7757153511047363 681.109619140625 182.29495239257812 750.6324462890625 231.84007263183594 3.3333051 1.3938797 1.4958384 3.2015383 1.713166 22.66034 -1.6353604793548584 0.9240173101425171
Car 0.0 0 3.547623872756958 106.23750305175781 183.86212158203125 369.5989990234375 276.3658752441406 3.9296594 1.5303845 1.6121291 -6.6307898 1.7445555 13.083574 3.0785489082336426 0.9216341376304626
Car 0.0 0 -1.8893877267837524 767.7295532226562 179.65606689453125 1006.9912719726562 336.9352111816406 3.7341278 1.5626087 1.6579748 3.1744094 1.6674875 9.206403 -1.5573488473892212 0.920301079750061
Car 0.0 0 3.8028454780578613 0.0 183.41297912597656 233.27359008789062 340.8974914550781 4.0362806 1.4400862 1.604565 -6.472286 1.5647948 7.6046014 3.097712278366089 0.8898875713348389
Car 0.0 0 -2.229728937149048 893.4308471679688 187.58372497558594 1242.0 375.0 3.8522284 1.5208443 1.6354014 3.1356883 1.6442347 4.093618 -1.5760698318481445 0.8569783568382263
Car 0.0 0 0.2986835241317749 212.0322265625 183.236328125 433.63824462890625 259.0319519042969 4.05823 1.4749238 1.6140156 -5.976498 1.7086005 15.255938 -0.07468976080417633 0.7565817832946777
Car 0.0 0 0.2765144407749176 327.9186706542969 179.54881286621094 477.41259765625 239.374267578125 3.6870449 1.5801764 1.6456175 -5.7287755 1.7744031 20.065845 -0.0015860144048929214 0.7522851228713989
Car 0.0 0 -3.364286184310913 730.9572143554688 182.51678466796875 841.6530151367188 219.91049194335938 4.2080154 1.4872403 1.6321957 7.2188244 1.9003817 29.975838 -3.127964735031128 0.7480273842811584
Car 0.0 0 3.3142166137695312 437.9322509765625 163.97068786621094 522.6278686523438 206.84861755371094 3.9994516 2.1280534 1.7452399 -6.582354 1.6875284 36.689926 3.13670015335083 0.6843490600585938
Car 0.0 0 0.34055739641189575 256.3528747558594 178.6410369873047 444.690673828125 244.66592407226562 4.054613 1.5382783 1.6284128 -6.333391 1.6877357 17.76927 -0.0018286965787410736 0.6074005961418152
Car 0.0 0 -2.889819860458374 364.2406311035156 171.6918182373047 488.6101989746094 223.9379425048828 3.49516 1.5773416 1.5417533 -5.7200303 1.5426127 22.557781 -3.138157844543457 0.6050875782966614
Car 0.0 0 3.145946741104126 498.8631286621094 173.96116638183594 560.3571166992188 199.97962951660156 4.273988 1.8078057 1.754898 -5.7344112 1.8886113 51.325016 3.0346808433532715 0.5944321155548096
