Pedestrian 0.0 0 -2.2203497886657715 845.646484375 152.14321899414062 968.333984375 357.03533935546875 0.74936783 1.6198746 0.6422124 2.4523828 1.4564934 6.148488 -1.8408269882202148 0.6149786710739136
Pedestrian 0.0 0 1.5171366930007935 734.1632690429688 157.17950439453125 748.4281616210938 196.26060485839844 0.66620207 1.8301121 0.6283767 6.1730223 1.0964557 34.15554 1.6959391832351685 0.4377956688404083
Pedestrian 0.0 0 -1.6492063999176025 534.3090209960938 171.1920166015625 556.4108276367188 219.26699829101562 0.80554694 1.708735 0.73379034 -2.387662 1.6500211 26.101894 -1.7404272556304932 0.4223979115486145
Pedestrian 0.0 0 -0.3657713830471039 796.2122192382812 180.064453125 826.6692504882812 241.47396850585938 0.6216102 1.6695418 0.65301514 5.545053 1.873854 20.051819 -0.09597758203744888 0.273205429315567
Pedestrian 0.0 0 2.244225025177002 771.5009155273438 170.49127197265625 809.3079223632812 228.9605712890625 0.8796132 1.7898057 0.77229536 5.6188736 1.7178382 22.65833 2.487304210662842 0.2250037044286728
Pedestrian 0.0 0 -1.2132443189620972 305.5892333984375 185.9724884033203 367.8192443847656 297.1097717285156 0.67276275 1.6765567 0.7235539 -4.31988 1.8885996 11.301145 -1.5783573389053345 0.1996167153120041
Pedestrian 0.0 0 -0.5548949837684631 831.9276733398438 149.47894287109375 874.3897094726562 208.86007690429688 1.0647945 1.8022321 0.646062 7.475249 1.0931513 22.332836 -0.23189689218997955 0.1995876133441925
Pedestrian 0.0 0 -1.4223073720932007 452.4034118652344 150.72964477539062 472.98291015625 198.2567596435547 0.8865738 1.8385174 0.67060477 -5.8283725 0.9830272 28.369675 -1.624931812286377 0.17201152443885803
Pedestrian 0.0 0 3.5800609588623047 0.0 75.47190856933594 101.41517639160156 327.6036682128906 0.66890204 1.7357825 0.6173667 -4.34381 1.0657206 5.3449574 2.89762806892395 0.16128158569335938
Cyclist 0.0 0 1.6981201171875 469.0594482421875 164.8414306640625 506.5715637207031 244.2527618408203 1.848784 1.7970902 0.6592483 -2.9487252 1.6161225 17.263134 1.5289422273635864 0.8919294476509094
Cyclist 0.0 0 1.766634225845337 392.32794189453125 163.721435546875 450.12274169921875 270.3113708496094 1.882511 1.6788391 0.6031582 -3.2378657 1.5353547 12.319727 1.509626865386963 0.8771780133247375
Cyclist 0.0 0 -0.5718225836753845 830.8139038085938 150.2292022705078 876.7822875976562 209.13430786132812 1.1917479 1.7863135 0.6394712 7.4959764 1.1005685 22.334305 -0.24800992012023926 0.11787991225719452
Car 0.0 0 -0.26957643032073975 807.9628295898438 171.2264862060547 983.9137573242188 233.1581573486328 3.8969696 1.499196 1.580821 7.142282 1.4601564 18.444456 0.09987473487854004 0.7044456005096436
Car 0.0 0 -1.5358916521072388 715.4027709960938 174.03904724121094 742.0137939453125 198.67991638183594 3.718564 1.5628718 1.6176866 7.8867645 1.645216 47.93422 -1.3728196620941162 0.15615274012088776
