Pedestrian 0.0 0 -2.7833008766174316 362.73797607421875 164.35357666015625 393.09326171875 213.00770568847656 0.9028823 1.7490189 0.59082633 -8.285928 1.1701096 25.728212 -3.094867706298828 0.6227041482925415
Pedestrian 0.0 0 1.6715962886810303 417.8914794921875 158.7064666748047 442.96533203125 211.59669494628906 0.99643344 1.7880265 0.74736226 -6.0554833 1.0528028 24.443895 1.4287554025650024 0.5590994358062744
Pedestrian 0.0 0 0.3037157654762268 522.2364501953125 159.80323791503906 549.8265991210938 209.3760986328125 0.8991999 1.8626782 0.6361075 -2.6519287 1.086518 26.965265 0.20568490028381348 0.5536502003669739
Pedestrian 0.0 0 3.140000343322754 374.1295471191406 166.3155059814453 399.80718994140625 212.6394500732422 0.9498148 1.783233 0.6524233 -8.555823 1.2387086 27.665314 2.8400683403015137 0.4151219427585602
Cyclist 0.0 0 -0.49345862865448 658.1769409179688 157.53416442871094 695.683349609375 193.05465698242188 1.853588 1.8076664 0.63528085 3.7152348 0.64034075 36.625202 -0.39236512780189514 0.9001674056053162
Cyclist 0.0 0 -0.6496657133102417 302.1155090332031 166.13372802734375 361.7139587402344 224.00088500976562 1.7676395 1.7842487 0.6288496 -8.780696 1.3428419 22.713238 -1.0185580253601074 0.8845227956771851
Cyclist 0.0 0 -0.33097678422927856 784.6219482421875 151.55799865722656 834.6903686523438 196.9235382080078 1.7988893 1.7789892 0.6429626 8.097789 0.645542 28.087925 -0.05028688535094261 0.8793917894363403
Cyclist 0.0 0 -0.18133991956710815 847.07275390625 140.54620361328125 909.3287353515625 197.06092834472656 1.8310132 1.8271726 0.6335627 8.967113 0.5369756 23.334814 0.18554210662841797 0.8106651902198792
Cyclist 0.0 0 -2.042036294937134 1015.2618408203125 152.92910766601562 1043.7222900390625 188.97994995117188 1.7283862 1.695687 0.4382324 20.45929 0.4003119 34.128998 -1.502007007598877 0.5312553644180298
Cyclist 0.0 0 -1.5686721801757812 809.9656372070312 152.7845458984375 819.5899047851562 188.05409240722656 1.7191411 1.7058334 0.44692886 10.394574 0.36679882 35.07946 -1.2805994749069214 0.49130335450172424
Cyclist 0.0 0 1.778019905090332 344.1524963378906 170.163818359375 356.2681579589844 195.4359588623047 1.417476 1.7745032 0.53361255 -18.14515 1.0500373 50.37981 1.4323164224624634 0.3721873164176941
Car 0.0 0 -1.3900542259216309 437.4780578613281 173.1297607421875 520.5765991210938 228.1009063720703 3.8113322 1.3920789 1.6263865 -3.453927 1.2070287 19.812426 -1.5626510381698608 0.9724829792976379
Car 0.0 0 -0.6184754371643066 1031.007568359375 147.2023468017578 1141.995849609375 179.8886260986328 4.4972277 1.6131246 1.6972998 24.320938 -0.030337254 35.821014 -0.02201216295361519 0.8178184032440186
Car 0.0 0 -0.5050591230392456 942.71630859375 157.59381103515625 1028.776123046875 190.313720703125 3.4783826 1.6117094 1.6016225 19.135923 0.48483688 35.64494 -0.012369288131594658 0.5792890191078186
Car 0.0 0 -0.9152460098266602 0.0 153.49285888671875 85.3812255859375 192.77316284179688 4.1528974 1.9148153 1.7613376 -29.25711 0.5997234 36.55504 -1.5902050733566284 0.3411900997161865
