Pedestrian 0.0 0 -0.21532289683818817 734.89501953125 173.1215057373047 752.1261596679688 200.50489807128906 0.9477851 1.6943085 0.60583407 8.2850485 1.7114565 44.96608 -0.03311537578701973 0.1561783254146576
Pedestrian 0.0 0 2.8302481174468994 687.7651977539062 172.71026611328125 704.1126708984375 197.29835510253906 1.0902404 1.8359877 0.59694725 6.4355726 1.8256116 54.271954 2.948276996612549 0.14748524129390717
Pedestrian 0.0 0 -1.7764089107513428 640.0205688476562 159.244384765625 714.0421142578125 309.1438903808594 0.9318165 1.7250007 0.7177142 0.7424216 1.568743 8.806474 -1.6923036575317383 0.14103835821151733
Pedestrian 0.0 0 0.8235810995101929 1126.1824951171875 193.43905639648438 1156.3089599609375 226.73208618164062 1.2822328 1.7680815 0.63607067 29.272825 2.9237843 39.82088 1.4574859142303467 0.10940135270357132
Cyclist 0.0 0 -1.848404049873352 734.8427734375 174.21043395996094 750.876953125 201.79446411132812 1.6277689 1.6866176 0.5573534 8.251901 1.7732164 45.03472 -1.6671801805496216 0.3058123290538788
Cyclist 0.0 0 0.8644416928291321 1126.6234130859375 191.69944763183594 1155.4688720703125 224.8939666748047 1.2381531 1.7694228 0.62801653 29.266075 2.8267622 39.82578 1.4981777667999268 0.2846294343471527
Cyclist 0.0 0 -1.6050773859024048 692.1368408203125 173.42489624023438 700.607421875 197.7750244140625 1.3406398 1.8092486 0.5861982 6.4736395 1.8531454 54.333607 -1.486490249633789 0.27401456236839294
Car 0.0 0 1.9823999404907227 298.525146484375 186.9046173095703 357.0500793457031 216.54733276367188 3.6892047 1.543492 1.7877373 -16.087385 2.3833039 41.226986 1.6103572845458984 0.929913341999054
Car 0.0 0 2.144634246826172 101.35449981689453 190.95079040527344 208.0171661376953 234.37246704101562 4.238529 1.6284366 1.864859 -19.42722 2.4589689 30.965488 1.5843231678009033 0.7724441885948181
Car 0.0 0 -1.574885606765747 557.9124755859375 157.87901306152344 694.1069946289062 291.584228515625 3.21018 1.5651973 1.5956597 0.14938432 1.3902528 10.057396 -1.5600335597991943 0.4895036220550537
Car 0.0 0 2.0316972732543945 424.173583984375 184.30880737304688 459.32763671875 201.12155151367188 3.8559864 1.4690363 1.6855329 -15.818875 2.5807836 67.93356 1.802916169166565 0.24535095691680908
Car 0.0 0 2.6740736961364746 873.7530517578125 145.9612579345703 959.9136352539062 178.0435791015625 3.9595475 1.7042226 1.7465276 16.646147 0.27603018 39.32964 3.074458599090576 0.1682329773902893
Car 0.0 0 1.477927565574646 735.9373168945312 169.4209747314453 768.3711547851562 196.82260131835938 3.8932364 1.693233 1.6935167 9.105611 1.4814532 46.604828 1.6708760261535645 0.13470624387264252
