Pedestrian 0.0 0 1.7816884517669678 318.58203125 185.22840881347656 344.2099914550781 236.29531860351562 0.6968559 1.6624733 0.666374 -8.978822 1.7893176 23.834131 1.4214097261428833 0.21553471684455872
Pedestrian 0.0 0 -3.7216851711273193 1170.14794921875 163.5685272216797 1238.0 258.4117736816406 0.8346829 1.6746657 0.56452566 10.904222 1.35932 13.010391 -3.0241308212280273 0.18547111749649048
Pedestrian 0.0 0 1.736581802368164 230.05648803710938 176.1154022216797 258.90814208984375 229.0641632080078 1.41556 1.5762614 0.5734068 -11.016538 1.4170908 22.142523 1.2749133110046387 0.12625987827777863
Cyclist 0.0 0 -3.3883955478668213 821.9862060546875 135.8337860107422 873.2100830078125 180.7460174560547 1.8283591 1.763263 0.63708884 9.771457 -0.029443 28.605436 -3.0592286586761475 0.3850163221359253
Cyclist 0.0 0 1.6937206983566284 227.44383239746094 176.60504150390625 254.7617645263672 230.9056396484375 1.4748782 1.617531 0.5805892 -11.143469 1.4728438 22.187572 1.2282832860946655 0.2186436951160431
Car 0.0 0 -1.4248850345611572 499.497314453125 173.9910430908203 563.5462646484375 219.9464111328125 4.0583324 1.4374591 1.6003859 -2.3236198 1.2036911 24.53418 -1.519312858581543 0.9509294629096985
Car 0.0 0 -1.4688541889190674 604.2254638671875 168.11155700683594 644.337646484375 200.7943572998047 3.8224063 1.5890832 1.6819609 1.2183901 0.9390148 36.93079 -1.4358749389648438 0.8502546548843384
Car 0.0 0 -1.4838815927505493 538.1161499023438 173.49179077148438 577.3662109375 205.0283660888672 3.7733786 1.4615952 1.5993593 -2.0986702 1.0913707 35.19722 -1.543437123298645 0.7949057221412659
Car 0.0 0 -1.5282776355743408 574.58935546875 168.43899536132812 601.1919555664062 193.0919189453125 3.919527 1.5681224 1.6019287 -0.85328615 0.73805076 47.668133 -1.5461763143539429 0.5523605942726135
Car 0.0 0 0.06174987554550171 34.11896514892578 173.3502960205078 145.3589630126953 216.03443908691406 3.505274 1.5993053 1.6097548 -20.211178 1.2949814 28.519587 -0.5547759532928467 0.19910724461078644
