Pedestrian 0.0 0 -2.0179059505462646 894.1740112304688 168.1690216064453 929.7725830078125 232.443359375 0.89531326 1.7077519 0.55955094 8.158147 1.5836313 19.630228 -1.6240317821502686 0.7505157589912415
Pedestrian 0.0 0 -1.4192124605178833 966.5076904296875 162.88711547851562 996.527099609375 234.77322387695312 0.7827259 1.682639 0.53169405 8.893743 1.4497023 17.359226 -0.9457454681396484 0.5665920376777649
Pedestrian 0.0 0 -2.4562506675720215 1162.5802001953125 192.33697509765625 1242.0 356.2025451660156 0.6432242 1.6044028 0.5120721 6.218278 1.8175704 7.5135503 -1.7649005651474 0.33861449360847473
Pedestrian 0.0 0 -2.66576886177063 333.61602783203125 169.29324340820312 360.3537292480469 217.60650634765625 0.7276601 1.7709551 0.62651664 -9.809386 1.6407915 26.801874 -3.016622543334961 0.2985435128211975
Pedestrian 0.0 0 0.24780479073524475 140.21124267578125 186.01461791992188 193.39898681640625 265.57635498046875 0.85841167 1.7071642 0.74148875 -9.936222 2.010419 16.121334 -0.30454280972480774 0.28180328011512756
Cyclist 0.0 0 1.9670498371124268 226.7162322998047 166.91781616210938 316.055908203125 286.46734619140625 1.9707657 1.8231356 0.63393617 -5.622894 1.7329662 11.998555 1.5288108587265015 0.9522722363471985
Cyclist 0.0 0 2.1597583293914795 137.95428466796875 156.88600158691406 271.8158264160156 312.8822326660156 1.8311678 1.8043271 0.5803147 -5.182796 1.6199913 9.278651 1.6503576040267944 0.9283313155174255
Cyclist 0.0 0 -0.997997522354126 625.9410400390625 172.82369995117188 669.0575561523438 225.84780883789062 1.9714658 1.8586925 0.5961715 1.3400177 1.8579881 26.26405 -0.9470207691192627 0.6629778146743774
Cyclist 0.0 0 -3.330350637435913 818.5254516601562 179.68199157714844 887.3093872070312 233.23486328125 1.8341206 1.5590383 0.8221095 7.2235527 1.7694638 21.666737 -3.0085458755493164 0.6373050212860107
Cyclist 0.0 0 -0.829943060874939 36.93648910522461 196.05662536621094 130.4803009033203 287.5584411621094 1.6745671 1.649282 0.49950075 -10.430271 2.1371717 14.298423 -1.4601750373840332 0.28408175706863403
Cyclist 0.0 0 -1.6355540752410889 254.166259765625 167.4720001220703 266.2261047363281 195.90745544433594 1.9357172 1.8634104 0.6000618 -23.439053 1.5110793 48.270226 -2.087599277496338 0.24286365509033203
Cyclist 0.0 0 -2.4562506675720215 1162.5802001953125 192.33697509765625 1242.0 356.2025451660156 0.6432242 1.6044028 0.5120721 6.218278 1.8175704 7.5135503 -1.7649005651474 0.13960811495780945
Cyclist 0.0 0 1.7731800079345703 335.478271484375 169.63893127441406 358.8381042480469 216.89404296875 0.9256388 1.7242087 0.6448369 -9.809737 1.6072576 26.82951 1.42264723777771 0.12964178621768951
Car 0.0 0 -2.6919445991516113 376.7655029296875 181.1997528076172 457.09234619140625 211.6806640625 3.7435832 1.5214726 1.5881416 -10.1178875 1.9717021 37.76152 -2.9537370204925537 0.7604354619979858
Car 0.0 0 -0.448517769575119 232.94137573242188 178.43165588378906 330.5638732910156 214.69012451171875 3.7853138 1.5582888 1.6829461 -15.269755 1.8338948 33.611866 -0.87493896484375 0.4375471770763397
Car 0.0 0 -1.3483164310455322 239.24693298339844 190.1719970703125 302.5326232910156 230.02040100097656 3.5345519 1.3800244 1.519996 -13.363079 2.1102233 28.516369 -1.78653883934021 0.29602888226509094
Car 0.0 0 -1.2381892204284668 346.351806640625 185.16897583007812 407.11334228515625 219.70358276367188 3.7158115 1.4886434 1.6244519 -11.054792 2.106652 34.311108 -1.549880027770996 0.21453942358493805
