Pedestrian 0.0 0 2.490346908569336 1027.810546875 135.48287963867188 1126.7371826171875 286.11566162109375 0.8796545 1.8485276 0.5896373 5.875954 1.3902763 9.181616 3.059638500213623 0.39985355734825134
Pedestrian 0.0 0 2.703075647354126 864.8630981445312 88.02735137939453 971.3012084960938 252.73902893066406 0.9088136 1.7444214 0.60248584 3.3239079 0.84640086 7.9593487 3.098670721054077 0.3413032591342926
Pedestrian 0.0 0 -1.794562816619873 859.0645141601562 160.334716796875 876.9807739257812 198.43324279785156 0.8234243 1.760522 0.6214762 12.037746 1.1823679 33.78488 -1.4522814750671387 0.29088154435157776
Pedestrian 0.0 0 1.4576581716537476 874.1361694335938 172.29563903808594 898.0175170898438 225.85267639160156 1.0073891 1.8099223 0.65949315 9.49377 1.7914109 24.95082 1.8212413787841797 0.2844940423965454
Cyclist 0.0 0 1.589760661125183 403.9074401855469 184.492431640625 421.530517578125 233.50613403320312 1.5862068 1.6911362 0.5887 -7.179689 2.1266394 26.133389 1.3216432332992554 0.26467734575271606
Cyclist 0.0 0 -0.45171523094177246 158.93911743164062 167.6638946533203 243.98757934570312 241.01849365234375 1.7512457 1.7116718 0.55496657 -10.046109 1.5909228 17.712292 -0.9676549434661865 0.24955114722251892
Cyclist 0.0 0 1.4576581716537476 874.1361694335938 172.29563903808594 898.0175170898438 225.85267639160156 1.0073891 1.8099223 0.65949315 9.49377 1.7914109 24.95082 1.8212413787841797 0.13942378759384155
Cyclist 0.0 0 -1.794562816619873 859.0645141601562 160.334716796875 876.9807739257812 198.43324279785156 0.8234243 1.760522 0.6214762 12.037746 1.1823679 33.78488 -1.4522814750671387 0.10333547741174698
Car 0.0 0 1.9792510271072388 252.65296936035156 193.323486328125 480.3457336425781 328.5599670410156 3.6963544 1.3965925 1.5848076 -3.1353173 1.7337643 9.949788 1.673986554145813 0.9156203866004944
Car 0.0 0 -1.3599637746810913 682.3067016601562 166.5568084716797 730.454345703125 197.2913818359375 4.2273974 1.5110527 1.6481581 5.061744 1.201812 37.73916 -1.2266349792480469 0.8366643190383911
Car 0.0 0 2.343440055847168 0.0 199.1671600341797 250.5233917236328 375.0 3.8193424 1.4437732 1.5779575 -3.867482 1.6639856 4.1032557 1.5876131057739258 0.8088273406028748
Car 0.0 0 1.7914372682571411 721.9766845703125 161.40011596679688 760.325927734375 186.87489318847656 4.1839147 1.6246558 1.6491307 8.785047 0.8945413 48.261257 1.971496820449829 0.4758785367012024
Car 0.0 0 0.9258843660354614 424.4054870605469 187.56912231445312 500.57037353515625 222.8141632080078 3.8928926 1.5347569 1.5771941 -7.2033567 2.284491 34.863647 0.7221362590789795 0.35163572430610657
