Pedestrian 0.0 0 -0.7544880509376526 1067.236328125 153.69798278808594 1209.9349365234375 325.31756591796875 1.0228809 1.7486778 0.7031521 5.664573 1.4772779 7.607002 -0.11441809684038162 0.6670547127723694
Pedestrian 0.0 0 1.450624942779541 490.6098327636719 168.34483337402344 538.9641723632812 265.6473083496094 0.9172276 1.738015 0.7849221 -1.735713 1.522542 13.166105 1.3195488452911377 0.14511528611183167
Pedestrian 0.0 0 0.3492226004600525 626.2620239257812 172.02606201171875 684.453857421875 272.399658203125 0.88121253 1.7724323 0.69920313 0.8869283 1.62444 12.9785595 0.41745448112487793 0.13509836792945862
Pedestrian 0.0 0 2.1494200229644775 82.91915130615234 146.99415588378906 145.40916442871094 240.56687927246094 0.89101905 1.7947978 0.6352123 -9.752404 1.153763 14.011441 1.5413624048233032 0.12457145750522614
Pedestrian 0.0 0 1.3541465997695923 672.3133544921875 159.52171325683594 718.1163330078125 250.33905029296875 1.0300419 1.7866501 0.7198498 1.7873147 1.3755744 14.45121 1.477200984954834 0.11231143772602081
Pedestrian 0.0 0 -0.47455576062202454 855.7182006835938 142.02069091796875 914.292236328125 249.34642028808594 0.6905734 1.7641104 0.67297065 4.6915603 1.1332786 11.986506 -0.10148207098245621 0.11199796199798584
Pedestrian 0.0 0 3.6108241081237793 180.85240173339844 151.34487915039062 251.6149444580078 244.49017333984375 1.0702904 1.7989666 0.60099024 -7.710245 1.2375103 13.969739 3.106504440307617 0.11192245781421661
Cyclist 0.0 0 0.8978279232978821 1142.125732421875 156.91586303710938 1224.0 268.63763427734375 1.5011151 1.8132691 0.52753794 10.072362 1.4321463 12.22531 1.5869696140289307 0.1540333330631256
Cyclist 0.0 0 -1.9215561151504517 842.5839233398438 135.19293212890625 909.8903198242188 242.4678497314453 1.5586123 1.7370512 0.57757735 4.610247 1.0050689 12.226041 -1.5609594583511353 0.1138828843832016
Cyclist 0.0 0 2.028275966644287 193.2335662841797 154.4323272705078 256.48779296875 246.45530700683594 1.320668 1.7367659 0.583268 -7.5472245 1.2464217 14.009862 1.5341436862945557 0.11022131890058517
Car 0.0 0 -2.4222464561462402 71.11650848388672 193.78929138183594 279.7361145019531 271.4366760253906 3.48539 1.442307 1.6153256 -8.843903 1.7391242 14.602746 -2.9667975902557373 0.13023795187473297
Car 0.0 0 -1.5682690143585205 785.786865234375 143.0532684326172 814.3861083984375 174.21022033691406 4.3236394 1.9603821 1.7799371 13.173883 -0.44410393 47.741837 -1.2990291118621826 0.12209931761026382
Car 0.0 0 -2.159242630004883 597.3028564453125 130.54495239257812 698.6644897460938 194.40216064453125 5.0339637 2.5258114 1.8846062 1.7192385 0.551385 30.608652 -2.103133201599121 0.10860010236501694
