Pedestrian 0.0 0 1.5888843536376953 771.5978393554688 154.9801788330078 788.5808715820312 205.47462463378906 0.8138652 1.8407441 0.6001846 6.2711444 1.1895229 26.768654 1.8190062046051025 0.23037657141685486
Pedestrian 0.0 0 3.5976924896240234 171.22274780273438 164.82301330566406 230.5360565185547 256.7384948730469 0.84933656 1.78592 0.59927225 -8.171382 1.6302358 14.342034 3.0798122882843018 0.22520357370376587
Cyclist 0.0 0 -2.186958074569702 1012.46533203125 123.52100372314453 1196.31103515625 313.9061584472656 1.9293429 1.7762522 0.59377664 5.102706 1.316344 7.7024703 -1.6018619537353516 0.8946466445922852
Cyclist 0.0 0 1.5888843536376953 771.5978393554688 154.9801788330078 788.5808715820312 205.47462463378906 0.8138652 1.8407441 0.6001846 6.2711444 1.1895229 26.768654 1.8190062046051025 0.11620916426181793
Car 0.0 0 1.8731224536895752 243.1553192138672 190.96701049804688 438.151611328125 308.3466796875 4.453495 1.4425378 1.6750005 -4.159834 1.7962154 11.816289 1.5346293449401855 0.9278799295425415
Car 0.0 0 1.6828055381774902 459.2324523925781 181.2954559326172 513.92138671875 225.40301513671875 3.5624416 1.43808 1.556465 -4.429993 1.7644631 26.042074 1.5143094062805176 0.8927931189537048
Car 0.0 0 1.5772501230239868 551.3716430664062 176.2921600341797 588.0365600585938 209.17059326171875 4.078224 1.4597083 1.6495074 -1.9567246 1.6345843 34.543926 1.5206660032272339 0.8487074971199036
Car 0.0 0 2.2814157009124756 0.0 196.1793975830078 269.55316162109375 375.0 4.131194 1.533757 1.7199293 -3.885594 1.7408837 4.308334 1.5475636720657349 0.8064292073249817
Car 0.0 0 1.5968767404556274 527.827880859375 176.9918212890625 554.4814453125 200.83770751953125 4.3659563 1.5218016 1.6925232 -4.669565 1.8163236 49.056526 1.501975178718567 0.3959014117717743
Car 0.0 0 -1.3718955516815186 497.86834716796875 171.74420166015625 545.2164306640625 205.57106018066406 4.044905 1.6785175 1.701754 -4.6173453 1.6238066 37.882904 -1.4931819438934326 0.18190912902355194
