Pedestrian 0.0 0 1.517256498336792 479.9641418457031 186.71090698242188 491.357421875 217.10414123535156 1.3863263 1.6738694 0.56494063 -7.130766 2.4786897 41.147396 1.3456625938415527 0.2881249189376831
Cyclist 0.0 0 1.517256498336792 479.9641418457031 186.71090698242188 491.357421875 217.10414123535156 1.3863263 1.6738694 0.56494063 -7.130766 2.4786897 41.147396 1.3456625938415527 0.4531406760215759
Car 0.0 0 -1.856040358543396 652.1000366210938 186.52029418945312 717.28759765625 228.2834930419922 3.417426 1.4511532 1.6156307 2.796797 2.018315 28.09408 -1.7568161487579346 0.9250394105911255
Car 0.0 0 -1.9823776483535767 814.1292724609375 184.74119567871094 1200.646240234375 375.0 3.7025015 1.5159531 1.626223 3.137271 1.6576593 6.7051325 -1.5447455644607544 0.9217637777328491
Car 0.0 0 2.1096818447113037 0.0 212.01895141601562 362.4090881347656 375.0 3.836018 1.3947575 1.5945054 -3.6685722 1.8388996 6.2487783 1.5788118839263916 0.905487060546875
Car 0.0 0 -3.2310893535614014 801.1798095703125 182.9906463623047 946.9335327148438 241.5918426513672 3.7092545 1.5121527 1.5819312 7.2484694 1.8146623 20.273333 -2.8877158164978027 0.9043614268302917
Car 0.0 0 -1.8245413303375244 590.5472412109375 186.6517333984375 631.0006713867188 214.1827392578125 3.494913 1.488804 1.5652721 -0.02968652 2.3437126 42.796894 -1.8252350091934204 0.7946556806564331
Car 0.0 0 2.3072969913482666 550.9549560546875 184.2993927001953 595.5992431640625 204.75003051757812 3.5917802 1.528282 1.5763173 -2.9449792 2.4774275 57.92147 2.2564964294433594 0.6207313537597656
Car 0.0 0 -3.544020414352417 977.0064697265625 180.7451171875 1136.8076171875 241.43753051757812 3.3340073 1.5315366 1.5189753 11.895408 1.7556005 19.457775 -2.9953010082244873 0.5398596525192261
Car 0.0 0 -2.727609157562256 0.0 0.0 1242.0 375.0 3.8016787 1.529412 1.6252432 3.4050434 1.7112731 1.6758604 -1.6141769886016846 0.431504487991333
Car 0.0 0 2.6786983013153076 315.9605712890625 161.4387969970703 415.9961853027344 202.82662963867188 3.82294 1.7048967 1.6536077 -10.694614 1.2350264 31.658447 2.352921962738037 0.3879631757736206
