Pedestrian 0.0 0 3.319958209991455 123.01176452636719 105.11859130859375 202.8726806640625 244.22930908203125 0.8390137 1.8418165 0.6598425 -6.1635985 0.8454445 9.818878 2.7593986988067627 0.28668710589408875
Pedestrian 0.0 0 -0.38426828384399414 991.9305419921875 115.41590881347656 1068.335205078125 245.69912719726562 0.7728913 1.7426301 0.49615428 5.804976 0.8737563 9.756195 0.15246963500976562 0.26456961035728455
Pedestrian 0.0 0 0.4396476149559021 114.20327758789062 152.47573852539062 139.23080444335938 192.3173828125 0.8632243 1.9355284 0.5561936 -23.475618 0.57553387 34.685383 -0.15534847974777222 0.25072112679481506
Pedestrian 0.0 0 1.0159721374511719 274.1156921386719 179.0341339111328 325.82501220703125 265.7289123535156 0.6761417 1.7119713 0.7224312 -6.2725 1.6846545 14.446682 0.6063494682312012 0.20766803622245789
Pedestrian 0.0 0 0.035712167620658875 508.271728515625 165.7614288330078 522.6812744140625 187.28018188476562 1.2114285 1.8428521 0.6010283 -7.6892457 0.5818454 60.899933 -0.08988358080387115 0.20621365308761597
Pedestrian 0.0 0 2.865940570831299 723.7183837890625 163.11024475097656 739.1597900390625 188.0047149658203 1.0802591 1.9536607 0.58888483 9.994001 0.59019506 55.828735 3.0430760383605957 0.1817142814397812
Cyclist 0.0 0 -1.5824594497680664 989.8404541015625 147.3654327392578 1025.1175537109375 216.3897705078125 1.7238162 1.7088102 0.7666654 10.443229 0.8901061 18.43907 -1.0671393871307373 0.8156933188438416
Cyclist 0.0 0 -0.22745376825332642 770.0847778320312 156.57107543945312 803.494873046875 187.9632568359375 1.7680073 1.7858508 0.58448064 10.40708 0.42595693 40.53119 0.023883819580078125 0.22863340377807617
Cyclist 0.0 0 -1.0737251043319702 508.7269287109375 166.7313232421875 523.3572998046875 187.76553344726562 1.6052207 1.7889736 0.55491966 -7.647231 0.6191376 60.978607 -1.1984822750091553 0.1854170560836792
Car 0.0 0 -0.8136706352233887 0.0 202.2807159423828 285.72589111328125 370.0 3.822335 1.5467232 1.6137028 -3.218657 1.7105875 3.339885 -1.5805869102478027 0.8554762005805969
Car 0.0 0 1.7411091327667236 438.1766052246094 175.7113494873047 474.1977844238281 199.85589599609375 3.9269094 1.4969152 1.6442856 -9.595506 1.2013782 45.82251 1.5346859693527222 0.6760688424110413
Car 0.0 0 1.8827379941940308 427.37042236328125 174.6790008544922 456.9227600097656 190.36483764648438 3.9977627 1.4602757 1.6178554 -15.567744 0.91951436 67.87916 1.6572917699813843 0.22092396020889282
Car 0.0 0 -1.6703402996063232 558.7598266601562 170.5480194091797 588.7601928710938 194.5133056640625 3.9487638 1.5404775 1.6221336 -2.1372726 0.9021043 47.51437 -1.7152916193008423 0.15558309853076935
