Pedestrian 0.0 0 2.8865714073181152 297.76922607421875 181.95559692382812 340.80108642578125 273.01434326171875 0.6149868 1.7363005 0.78005886 -5.8382754 1.9239848 14.351223 2.5002050399780273 0.5027704834938049
Pedestrian 0.0 0 0.6089004874229431 719.8629150390625 129.3616485595703 762.1497802734375 209.34542846679688 0.74782676 1.7815324 0.5958843 2.952932 0.81315625 16.54363 0.7855339050292969 0.45543479919433594
Cyclist 0.0 0 1.5544205904006958 567.8276977539062 180.3858642578125 575.893798828125 202.84481811523438 1.7335461 1.7246653 0.60482585 -3.0368252 2.3281012 56.88529 1.5010861158370972 0.5080186724662781
Cyclist 0.0 0 1.5699763298034668 579.743896484375 179.35836791992188 587.7374877929688 202.14234924316406 1.7646825 1.7656251 0.6248415 -2.1124723 2.29074 57.31582 1.533136248588562 0.3663688898086548
Car 0.0 0 -1.190420150756836 158.64234924316406 209.0596466064453 393.35711669921875 358.943359375 3.5010843 1.4285077 1.5675868 -4.167359 1.9951293 9.5069895 -1.6035411357879639 0.9561789035797119
Car 0.0 0 -1.7581961154937744 705.868408203125 183.7156524658203 826.4274291992188 279.1331481933594 3.2057295 1.5133109 1.5829766 2.7185512 1.7400106 13.420502 -1.5583335161209106 0.9557721018791199
Car 0.0 0 1.7461596727371216 475.6562805175781 186.58380126953125 527.166259765625 224.6287384033203 3.7405295 1.5435781 1.669206 -4.869992 2.1989732 32.529285 1.5975524187088013 0.9090086221694946
Car 0.0 0 -1.6873759031295776 655.39892578125 180.29714965820312 704.9669189453125 220.4770050048828 3.61114 1.4840403 1.5695641 2.7318232 1.8038949 29.14594 -1.5939198732376099 0.8989728689193726
Car 0.0 0 -1.3225531578063965 377.5063781738281 183.98460388183594 487.722900390625 261.7991027832031 4.322998 1.719692 1.7521536 -4.491346 2.0426567 18.737415 -1.5578137636184692 0.8983783721923828
Car 0.0 0 -2.3031344413757324 909.7044677734375 196.76858520507812 1242.0 375.0 3.7195213 1.4610125 1.6242608 2.7719672 1.6236566 3.0265198 -1.5616079568862915 0.7877547144889832
Car 0.0 0 1.528403639793396 519.090576171875 187.261962890625 545.3468627929688 211.4763946533203 3.9481423 1.4725672 1.5783975 -5.2825665 2.4810061 48.410713 1.4197138547897339 0.5718872547149658
