Pedestrian 0.0 0 -2.19592022895813 982.1988525390625 151.86367797851562 1025.197265625 221.34632873535156 0.97733843 1.8996191 0.5991883 10.988021 1.3261129 20.246605 -1.6986916065216064 0.2480562925338745
Pedestrian 0.0 0 -1.9307512044906616 952.9854736328125 134.23068237304688 979.3483276367188 191.00863647460938 0.5443396 2.0141654 0.7010609 12.7357025 0.6443834 25.89825 -1.4737179279327393 0.14029620587825775
Pedestrian 0.0 0 -1.78072190284729 919.7659301757812 153.75592041015625 935.8402709960938 190.52000427246094 0.50964713 1.9633149 0.700658 17.073166 0.9437771 38.85014 -1.3666657209396362 0.12356005609035492
Pedestrian 0.0 0 1.5833687782287598 1049.15283203125 181.266845703125 1076.776123046875 250.57614135742188 0.7312607 1.6471986 0.5644535 11.076624 1.8595294 17.717148 2.142106294631958 0.11253059655427933
Pedestrian 0.0 0 -1.7807786464691162 933.2216186523438 165.87960815429688 969.0304565429688 232.13388061523438 1.150294 1.8346919 0.69759804 9.685507 1.6419175 20.617203 -1.341599702835083 0.11063014715909958
Pedestrian 0.0 0 1.9615260362625122 288.3894958496094 175.17352294921875 305.0769348144531 197.2880859375 1.7277703 1.7637193 0.6341364 -25.45507 1.9552467 58.59488 1.5516996383666992 0.11034437268972397
Cyclist 0.0 0 2.028015613555908 287.43548583984375 175.35716247558594 305.721923828125 197.93104553222656 1.8164147 1.7972481 0.6251606 -25.455471 2.0040033 58.56976 1.618026614189148 0.2675613760948181
Cyclist 0.0 0 -1.7762380838394165 930.4288330078125 163.96597290039062 964.2290649414062 226.3956756591797 1.1683515 1.7234085 0.64454854 9.550049 1.4784074 20.557884 -1.3413550853729248 0.14203597605228424
Car 0.0 0 1.9623477458953857 270.0235290527344 184.6143035888672 387.66033935546875 243.8111114501953 4.190094 1.4544481 1.6541283 -7.9378057 1.8263992 20.680733 1.5958616733551025 0.9298974871635437
Car 0.0 0 -1.5587379932403564 588.8497924804688 175.2595672607422 622.5003051757812 208.80191040039062 4.0204077 1.6461095 1.6651958 -0.24075855 1.7789203 37.711018 -1.5651222467422485 0.9149397015571594
Car 0.0 0 1.768694519996643 414.2383728027344 181.85830688476562 470.354248046875 221.4504852294922 3.3830736 1.3998829 1.4848732 -6.4849176 1.7710838 28.000982 1.5411107540130615 0.18716570734977722
Car 0.0 0 -1.5898020267486572 611.8905639648438 184.03143310546875 639.8843383789062 210.90350341796875 3.847221 1.496885 1.6144354 0.8921482 2.2043076 43.715775 -1.56939697265625 0.15127268433570862
Car 0.0 0 1.6697280406951904 445.7410583496094 182.8597412109375 486.6521911621094 216.19638061523438 3.567296 1.3965677 1.5012945 -6.6009855 1.8827391 33.1822 1.4733600616455078 0.11024156957864761
Car 0.0 0 -3.2219696044921875 1138.2552490234375 143.3885955810547 1242.0 179.71075439453125 3.941613 1.543879 1.6896638 26.214771 0.291805 32.47498 -2.5428357124328613 0.10630679875612259
