Pedestrian 0.0 0 1.343658685684204 0.0 117.2669677734375 62.73748016357422 277.89227294921875 0.5233127 1.818036 0.6804134 -7.0727296 1.1892326 8.593162 0.6550111770629883 0.6315720081329346
Cyclist 0.0 0 2.128066301345825 211.3104248046875 182.2800750732422 241.29119873046875 216.01364135742188 1.506817 1.5830425 0.57821536 -18.668776 2.051529 35.05979 1.6387704610824585 0.7342506051063538
Cyclist 0.0 0 1.9241595268249512 258.9869384765625 177.01022338867188 287.45733642578125 218.71575927734375 1.6927146 1.6970232 0.536168 -14.212588 1.8774694 30.395502 1.4867756366729736 0.6326853632926941
Car 0.0 0 -1.5042239427566528 553.9813842773438 186.1847381591797 612.0095825195312 232.3031768798828 3.6070607 1.3373878 1.6755431 -0.86491126 1.8113967 23.805971 -1.5405396223068237 0.9468799233436584
Car 0.0 0 -2.4530515670776367 192.40911865234375 179.35687255859375 412.8709411621094 266.2090759277344 3.8878026 1.5493515 1.6488739 -6.151793 1.6916307 14.406712 -2.8566224575042725 0.9276362657546997
Car 0.0 0 -2.3222157955169678 375.5306396484375 182.23831176757812 486.87432861328125 228.11207580566406 3.9060478 1.484409 1.6341072 -6.4683642 1.8431487 25.806011 -2.5678093433380127 0.9003353118896484
Car 0.0 0 -1.5652278661727905 574.6925048828125 179.64405822753906 613.4351196289062 216.41676330566406 3.6436663 1.5398542 1.6591618 -0.75508887 1.8654826 32.725708 -1.5882970094680786 0.8713114857673645
Car 0.0 0 -1.4434802532196045 519.6932983398438 180.58023071289062 563.5435180664062 213.61964416503906 3.8540661 1.4535761 1.6181176 -3.2611194 1.8454564 34.607803 -1.5374336242675781 0.8251960277557373
Car 0.0 0 -2.155653476715088 415.9604797363281 184.28807067871094 502.13079833984375 224.11962890625 3.76207 1.4362895 1.5615035 -6.1485343 1.9254501 28.967346 -2.364806652069092 0.5612242221832275
Car 0.0 0 -2.485983371734619 1069.117431640625 218.8121337890625 1242.0 375.0 3.809521 1.4644324 1.61483 3.1068292 1.7172078 1.9936979 -1.485715627670288 0.5298691987991333
