Pedestrian 0.0 0 1.1567559242248535 1180.7354736328125 108.945556640625 1236.577392578125 208.2105255126953 0.7256671 1.8436717 0.5790561 11.406094 0.65704274 13.826496 1.8465230464935303 0.2805005609989166
Pedestrian 0.0 0 -1.7748546600341797 944.089599609375 136.90858459472656 962.2841796875 178.31398010253906 0.6662283 1.9353831 0.65474606 16.188068 0.25556952 34.12471 -1.3319125175476074 0.23320013284683228
Pedestrian 0.0 0 1.78883695602417 120.75647735595703 160.94009399414062 139.99095153808594 197.98605346679688 0.8631369 1.8100144 0.6230825 -23.807299 1.2282757 35.765507 1.2015386819839478 0.1596093326807022
Pedestrian 0.0 0 2.4144155979156494 1186.548583984375 147.42616271972656 1242.0 262.2737731933594 0.9301122 1.7664579 0.60154134 9.766389 1.3757131 11.404696 3.1225833892822266 0.11054181307554245
Pedestrian 0.0 0 -0.6645159125328064 1143.214111328125 147.55894470214844 1218.8887939453125 255.37156677246094 0.8116955 1.7570198 0.56993186 9.464997 1.3451446 12.041766 0.001638650894165039 0.10310240834951401
Cyclist 0.0 0 -1.5750049352645874 1021.534423828125 159.7873992919922 1030.76611328125 184.99668884277344 1.9442711 1.8837714 0.5985242 31.63683 0.9077233 54.907066 -1.0522778034210205 0.10755251348018646
Car 0.0 0 1.89517080783844 330.055419921875 186.55734252929688 410.481201171875 233.76388549804688 3.7576773 1.5170674 1.6521553 -8.6327305 2.0501163 26.16214 1.576449990272522 0.9373779296875
Car 0.0 0 -1.4926508665084839 598.4176025390625 175.4700469970703 629.830810546875 203.39306640625 3.4984517 1.6512318 1.6851358 0.2601264 1.8206742 44.819077 -1.4868470430374146 0.9317789077758789
Car 0.0 0 -1.925920009613037 923.8558349609375 170.6329803466797 1031.747314453125 225.85836791992188 3.6303482 1.4442875 1.5794891 10.394081 1.3865604 20.757723 -1.4616860151290894 0.25599926710128784
Car 0.0 0 -0.22237437963485718 1056.87255859375 158.38282775878906 1127.2264404296875 178.1925506591797 4.3057075 1.5077271 1.7113892 37.63504 0.40667728 56.482254 0.3653855323791504 0.1329587996006012
