Car 0.0 0 -1.7321687936782837 727.4763793945312 185.38577270507812 818.5101318359375 251.55294799804688 4.168806 1.43966 1.604961 4.0252213 1.8003933 18.623507 -1.5193065404891968 0.943324863910675
Car 0.0 0 -2.020876407623291 916.4246826171875 179.48397827148438 1242.0 375.0 3.4359367 1.4501511 1.5643827 3.7393622 1.5203625 5.798602 -1.4481139183044434 0.9275704026222229
Car 0.0 0 1.2862637042999268 775.316162109375 188.8909912109375 948.996826171875 297.865966796875 4.274931 1.4798682 1.64557 4.089424 1.8081934 12.592412 1.600272297859192 0.9254896640777588
Car 0.0 0 1.6572500467300415 556.4212646484375 178.29531860351562 595.4756469726562 209.76791381835938 3.9151108 1.4711984 1.6371988 -1.7036018 1.7610898 36.401894 1.6104843616485596 0.8304538726806641
Car 0.0 0 -1.7157645225524902 716.6763305664062 181.95509338378906 778.1837768554688 231.51841735839844 3.2105973 1.4748425 1.5213741 4.399853 1.7947927 23.701181 -1.5322153568267822 0.8216201066970825
Car 0.0 0 2.2325615882873535 0.0 199.80503845214844 318.2767333984375 375.0 3.5111027 1.4457867 1.5171876 -2.8783662 1.6419698 3.4610078 1.5388143062591553 0.7777339220046997
Car 0.0 0 1.7338147163391113 428.4607238769531 155.51307678222656 548.35546875 264.1907653808594 4.224085 1.9032485 1.7253059 -2.3616135 1.5999185 14.749069 1.575042963027954 0.7713844180107117
Car 0.0 0 -1.7145953178405762 698.552978515625 182.2760467529297 746.7661743164062 221.42575073242188 3.2936072 1.5171506 1.5402163 4.651652 1.9361947 30.40719 -1.562793493270874 0.7622895836830139
Car 0.0 0 1.6757789850234985 491.4870300292969 180.7764129638672 560.6551513671875 239.7322235107422 3.706529 1.4676046 1.5503064 -2.3220568 1.7115121 20.318619 1.5619903802871704 0.7496190667152405
Car 0.0 0 -1.6905803680419922 683.7078247070312 179.54629516601562 725.8103637695312 213.7389678955078 3.5166516 1.5458014 1.6101599 4.516522 1.8878565 35.072754 -1.5625094175338745 0.7173335552215576
