Pedestrian 0.0 0 -3.48764705657959 998.3668823242188 121.99744415283203 1102.1014404296875 211.0948944091797 1.6450968 1.7329619 0.694215 8.781732 0.7441503 14.533049 -2.944101572036743 0.17926611006259918
Cyclist 0.0 0 -1.757083535194397 930.3970947265625 131.11016845703125 972.8538818359375 222.4794158935547 1.6278743 1.6823751 0.45025954 6.61404 0.91410685 14.127233 -1.3192172050476074 0.4854544401168823
Cyclist 0.0 0 -3.4303956031799316 995.4111328125 122.18511199951172 1103.854248046875 211.50802612304688 1.7436041 1.7317406 0.6775101 8.764475 0.74975955 14.532864 -2.8877146244049072 0.3735488951206207
Cyclist 0.0 0 -0.8692717552185059 935.4329833984375 129.0048828125 1016.6997680664062 210.2648468017578 1.7446716 1.7116847 0.60910136 7.979559 0.7883913 15.817562 -0.40205082297325134 0.2739347815513611
Car 0.0 0 -1.7220160961151123 705.7029418945312 175.25111389160156 776.1508178710938 231.6961212158203 3.7525024 1.6052191 1.5987804 3.9576752 1.6868647 22.571299 -1.5484395027160645 0.9376158714294434
Car 0.0 0 -1.864793062210083 828.85107421875 185.8736572265625 1151.072265625 375.0 3.8698177 1.4808332 1.5928649 3.2620132 1.6468704 7.1552277 -1.4370499849319458 0.9059218168258667
Car 0.0 0 -1.7178593873977661 634.9862060546875 173.72451782226562 666.785888671875 197.11981201171875 3.6161594 1.5830051 1.7192997 2.8141654 1.6469681 50.838036 -1.6625603437423706 0.8426699042320251
Car 0.0 0 -1.8314309120178223 752.0950317382812 161.6009521484375 897.26708984375 282.9351806640625 3.6345797 1.8418424 1.5244626 3.5663931 1.6713799 12.776125 -1.5592150688171387 0.7138975858688354
Car 0.0 0 -1.6398147344589233 697.187744140625 181.2187042236328 735.4249267578125 213.90345764160156 3.462949 1.422775 1.5425738 4.938678 1.8392076 34.10349 -1.496000051498413 0.5073798298835754
Car 0.0 0 0.6452869772911072 987.5823364257812 0.0 1242.0 375.0 3.7077029 1.5543731 1.6119436 2.817021 0.873876 2.1055434 1.5742250680923462 0.3264999985694885
Car 0.0 0 -1.2084712982177734 335.3126220703125 181.1388397216797 441.7871398925781 239.31976318359375 3.9256468 1.4447436 1.5939245 -6.199626 1.7036365 20.500538 -1.5021402835845947 0.24854378402233124
