Pedestrian 0.0 0 0.3382736146450043 528.473876953125 174.29129028320312 581.9904174804688 253.60446166992188 1.0571295 1.7351615 0.61544174 -1.2761884 1.7687207 16.231466 0.2598106861114502 0.15230372548103333
Pedestrian 0.0 0 -1.522664189338684 1118.6221923828125 168.10226440429688 1135.465087890625 201.44581604003906 0.7549576 1.7890397 0.7093395 28.07668 1.5344449 39.22728 -0.9014499187469482 0.1398860067129135
Pedestrian 0.0 0 1.0593276023864746 352.2232360839844 165.70785522460938 372.1030578613281 202.35794067382812 0.64256996 1.7900828 0.7065147 -12.306327 1.4414048 35.716457 0.7275106906890869 0.13867685198783875
Cyclist 0.0 0 -1.2748031616210938 285.5686340332031 136.119384765625 341.9728088378906 215.1965789794922 1.2997218 1.7633573 0.8741794 -6.9109597 0.94456327 16.775272 -1.6655882596969604 0.1629791557788849
Cyclist 0.0 0 -3.0135064125061035 528.3314208984375 173.83462524414062 597.371337890625 253.7467803955078 1.4796784 1.7513506 0.6077079 -1.0942113 1.7741575 16.167019 -3.081084966659546 0.1544772833585739
Cyclist 0.0 0 1.4909145832061768 164.5980987548828 181.3756561279297 187.0522003173828 225.7186279296875 1.7546294 1.5980847 0.5848125 -16.434599 1.9304245 27.223413 0.9477837085723877 0.1529017835855484
Car 0.0 0 1.9059607982635498 917.5820922851562 182.87704467773438 1043.142578125 248.38491821289062 4.19138 1.505241 1.6960753 9.914459 1.8018582 19.26555 2.3812367916107178 0.8569380044937134
Car 0.0 0 1.824738621711731 1012.0032958984375 183.2063751220703 1113.2735595703125 236.95309448242188 4.246266 1.4801123 1.690231 14.278281 1.8364525 22.736935 2.3854761123657227 0.7971883416175842
Car 0.0 0 1.6877890825271606 1105.245361328125 183.79562377929688 1170.3809814453125 226.6201171875 3.9231753 1.4639057 1.5677375 20.21874 1.9133296 27.639896 2.3193483352661133 0.6822161078453064
Car 0.0 0 1.762563705444336 1198.817138671875 178.96664428710938 1242.0 212.715087890625 3.8074956 1.5996041 1.6079661 31.426178 1.9259667 36.6661 2.4711599349975586 0.4659253656864166
Car 0.0 0 -0.4470456540584564 434.60003662109375 161.0395050048828 495.24432373046875 183.0072479248047 4.040534 1.56227 1.7164452 -10.704739 0.72242117 53.211525 -0.6455691456794739 0.14893734455108643
