Pedestrian 0.0 0 1.345634937286377 459.53582763671875 170.6594696044922 483.3180236816406 223.20663452148438 0.5814147 1.800201 0.7002969 -4.8721604 1.7253767 25.12379 1.1540863513946533 0.6189632415771484
Pedestrian 0.0 0 -1.8059422969818115 903.7445068359375 161.44009399414062 941.2271728515625 224.64907836914062 0.7803976 1.6368885 0.7488674 8.226584 1.3416669 19.130737 -1.3998280763626099 0.32327187061309814
Cyclist 0.0 0 -3.46844482421875 891.3363037109375 166.99148559570312 956.5401611328125 228.810791015625 1.3819544 1.594793 0.8458501 8.236717 1.4439117 19.088356 -3.061077356338501 0.34269979596138
Car 0.0 0 -1.9178978204727173 786.9650268554688 180.90521240234375 1032.8753662109375 323.6898498535156 4.193911 1.4684287 1.6182181 3.6455736 1.6012181 9.760346 -1.5604352951049805 0.9707320332527161
Car 0.0 0 2.869682788848877 742.8773803710938 166.20492553710938 820.029541015625 194.24627685546875 4.1176414 1.6132301 1.657143 10.006425 1.2310641 42.418346 3.101346015930176 0.8161768913269043
Car 0.0 0 0.9297575950622559 229.91806030273438 181.44337463378906 297.3731689453125 208.8661346435547 3.6883032 1.4714918 1.5830363 -19.841347 1.9813833 41.244423 0.4813704490661621 0.7178593873977661
Car 0.0 0 2.287867784500122 525.6834106445312 175.41148376464844 601.6337890625 205.94618225097656 3.9951959 1.437092 1.5861479 -2.3156412 1.5737056 36.37051 2.22428560256958 0.6154640913009644
Car 0.0 0 3.0844027996063232 414.4939270019531 181.72706604003906 481.1180725097656 208.81834411621094 3.5315075 1.4302304 1.6172327 -9.081787 1.9403048 40.181915 2.8621208667755127 0.5565454959869385
Car 0.0 0 2.3653364181518555 0.0 186.03387451171875 88.90218353271484 216.7876434326172 4.252014 1.5345057 1.6225604 -31.526922 2.307956 40.10813 1.6991608142852783 0.4513944685459137
Car 0.0 0 -3.3464183807373047 926.8555297851562 167.46630859375 1020.8839721679688 194.12042236328125 4.555213 1.4739628 1.6826344 20.701286 1.1763836 41.29631 -2.881742000579834 0.4358625113964081
