Pedestrian 0.0 0 -2.1981418132781982 696.525390625 172.67376708984375 755.2222290039062 267.3760070800781 0.82622623 1.6917009 0.7311192 2.0958388 1.6888392 13.420557 -2.043226718902588 0.7401440739631653
Pedestrian 0.0 0 0.33246472477912903 322.8564147949219 172.35110473632812 411.4559631347656 311.01708984375 0.8931646 1.6829598 0.65866446 -3.093034 1.6772139 9.08567 0.0043408870697021484 0.6423282623291016
Pedestrian 0.0 0 -0.0770987942814827 534.4457397460938 176.08877563476562 554.1281127929688 213.7245330810547 0.815468 1.6365076 0.65760183 -2.9431996 1.7813467 31.832035 -0.1692969650030136 0.40395286679267883
Pedestrian 0.0 0 1.0253345966339111 580.9251708984375 174.0843505859375 595.9718017578125 200.69789123535156 0.941833 1.7434967 0.5950648 -1.463087 1.8264433 47.874863 0.9947834014892578 0.3509640395641327
Pedestrian 0.0 0 0.7086868286132812 590.31396484375 173.0592041015625 604.2669067382812 200.0095977783203 0.7513538 1.7829384 0.5551522 -0.879583 1.7971315 48.19168 0.6904370784759521 0.31410154700279236
Pedestrian 0.0 0 1.9043828248977661 709.1273803710938 151.9720001220703 725.1929931640625 188.98846435546875 0.6563188 1.8482673 0.62307173 5.3792644 0.8059674 36.45926 2.050867795944214 0.2219053953886032
Pedestrian 0.0 0 -1.7491248846054077 95.61441802978516 90.11146545410156 196.0743408203125 297.7663879394531 0.79851973 1.7689965 0.6436889 -4.3436112 1.064477 6.6552434 -2.3273677825927734 0.2125203013420105
Pedestrian 0.0 0 -3.1354212760925293 620.1984252929688 187.63742065429688 638.109375 227.12315368652344 0.75244784 1.645868 0.60627127 0.7730005 2.2801673 30.623348 -3.11018443107605 0.19718867540359497
Cyclist 0.0 0 1.733493685722351 497.53826904296875 169.63827514648438 521.6927490234375 216.5667266845703 2.0698798 1.8057158 0.63108313 -4.032644 1.6823388 28.802715 1.594388723373413 0.8135101199150085
Cyclist 0.0 0 1.8117815256118774 464.48577880859375 173.14195251464844 499.975830078125 237.95245361328125 1.9280374 1.8080337 0.5825869 -3.7633853 1.817211 21.115685 1.635406494140625 0.7905356884002686
Cyclist 0.0 0 1.0253345966339111 580.9251708984375 174.0843505859375 595.9718017578125 200.69789123535156 0.941833 1.7434967 0.5950648 -1.463087 1.8264433 47.874863 0.9947834014892578 0.14961940050125122
Car 0.0 0 -0.231007918715477 730.0420532226562 176.4449005126953 854.6904296875 222.97592163085938 4.0771074 1.6128191 1.6694521 6.4536295 1.7468598 25.999023 0.012300252914428711 0.33469510078430176
Car 0.0 0 0.6331862211227417 1098.3544921875 154.69772338867188 1242.0 207.12387084960938 3.8051264 1.5402256 1.6172475 18.077679 1.0071713 23.24636 1.2941536903381348 0.2891383171081543
Car 0.0 0 -1.7591230869293213 783.26904296875 167.02084350585938 816.40576171875 191.82322692871094 4.477103 1.9306225 1.7820107 15.303639 1.4769254 58.455574 -1.5030702352523804 0.2280094176530838
