Pedestrian 0.0 0 -0.9750657081604004 358.48638916015625 170.24900817871094 376.2906494140625 206.5719757080078 0.6079324 1.9099462 0.6711521 -12.919658 1.7733278 38.31998 -1.3002490997314453 0.2205844521522522
Pedestrian 0.0 0 -1.350273609161377 355.82904052734375 171.30813598632812 373.3535461425781 205.78184509277344 1.3089209 1.6975676 0.56158537 -12.345575 1.6218038 36.208435 -1.6788710355758667 0.18715785443782806
Pedestrian 0.0 0 2.354405641555786 746.3201904296875 152.4422607421875 772.8298950195312 196.94723510742188 0.97004664 1.8716326 0.60129005 6.3570375 1.0135857 30.85939 2.5575637817382812 0.15675844252109528
Pedestrian 0.0 0 0.5085278749465942 0.0 84.77932739257812 91.8507308959961 200.77346801757812 1.2273507 1.7615685 0.5733199 -9.030417 0.42436248 11.338071 -0.16405603289604187 0.13555921614170074
Cyclist 0.0 0 -0.552605152130127 0.0 84.07134246826172 96.3222427368164 204.46751403808594 1.4181089 1.760119 0.6414943 -9.053688 0.46252832 11.32136 -1.2271629571914673 0.12718653678894043
Cyclist 0.0 0 -1.350273609161377 355.82904052734375 171.30813598632812 373.3535461425781 205.78184509277344 1.3089209 1.6975676 0.56158537 -12.345575 1.6218038 36.208435 -1.6788710355758667 0.12436844408512115
Car 0.0 0 -1.6555163860321045 656.1917114257812 174.8771514892578 720.2113647460938 228.37509155273438 3.4073272 1.3776236 1.497311 2.0903397 1.4400691 20.423706 -1.5535228252410889 0.945465624332428
Car 0.0 0 1.7048746347427368 527.9578247070312 170.26612854003906 573.4110717773438 205.03842163085938 4.0597506 1.5689975 1.6459616 -2.822863 1.452586 34.62495 1.6235276460647583 0.742702305316925
Car 0.0 0 -1.6044639348983765 646.5956420898438 169.22998046875 685.198486328125 205.6853485107422 3.5193279 1.5665631 1.6205313 2.453052 1.411189 32.7946 -1.5298024415969849 0.34165477752685547
Car 0.0 0 -1.590322494506836 636.2415161132812 171.84471130371094 667.4530029296875 201.9015350341797 3.6215196 1.5114219 1.5664266 2.1345913 1.4610273 38.118195 -1.534381628036499 0.3032352924346924
Car 0.0 0 -1.5629277229309082 651.1903076171875 176.04522705078125 697.7991333007812 219.28961181640625 3.6306314 1.4749873 1.6061964 2.3579364 1.6020855 26.769388 -1.4750711917877197 0.21351486444473267
Car 0.0 0 -0.06764371693134308 430.63250732421875 181.85421752929688 511.3916015625 218.7843780517578 3.6115885 1.6353904 1.6183084 -6.5687504 2.0729537 33.801994 -0.25958171486854553 0.13481959700584412
