Pedestrian 0.0 0 1.4545120000839233 455.32757568359375 146.5162353515625 474.9283752441406 196.3455810546875 0.8003149 1.8858745 0.6501589 -5.6262455 0.88943607 27.786425 1.2547311782836914 0.4037748873233795
Pedestrian 0.0 0 1.7593389749526978 704.1567993164062 177.83682250976562 717.206298828125 203.19464111328125 1.6638454 1.7790084 0.6296593 7.21426 2.1436315 51.855904 1.8975729942321777 0.10147131234407425
Cyclist 0.0 0 1.7646024227142334 704.1490478515625 178.09121704101562 717.2198486328125 203.43406677246094 1.704534 1.7770325 0.615416 7.2168736 2.1604934 51.87176 1.9028441905975342 0.5439102053642273
Car 0.0 0 1.8391497135162354 597.5491333007812 185.38327026367188 653.771728515625 219.25733947753906 3.7487245 1.4372698 1.7298034 0.76296216 2.066468 34.167362 1.861476182937622 0.923181414604187
Car 0.0 0 1.843949556350708 0.45589402318000793 197.5025177001953 99.74447631835938 251.24449157714844 3.9366229 1.4991764 1.6236731 -18.68509 2.3993077 24.207264 1.1865921020507812 0.7044559717178345
Car 0.0 0 1.8370232582092285 0.0 196.05075073242188 31.856487274169922 269.2399597167969 3.7364485 1.4805845 1.593254 -15.906785 2.1219003 17.906635 1.1106998920440674 0.6425672173500061
Car 0.0 0 1.7402806282043457 86.9666976928711 197.82911682128906 148.5360107421875 238.24276733398438 4.0398345 1.5589539 1.645831 -22.259663 2.7668223 32.703293 1.1426560878753662 0.4561629295349121
Car 0.0 0 1.4398550987243652 795.0252075195312 174.341796875 819.201416015625 190.58499145507812 3.7501714 1.4176078 1.630001 17.78595 1.5566683 65.296875 1.7057894468307495 0.30144602060317993
Car 0.0 0 0.691717803478241 0.0 185.15731811523438 40.399295806884766 209.4244384765625 3.9269545 1.4783772 1.6437372 -38.694515 2.2716455 45.654068 -0.011357447132468224 0.28152820467948914
Car 0.0 0 1.6764042377471924 182.07833862304688 182.5745086669922 207.36326599121094 199.90704345703125 3.8700542 1.4909295 1.6229012 -38.266186 2.4156628 66.514305 1.1543388366699219 0.24086156487464905
Car 0.0 0 2.0041391849517822 0.0 173.5615692138672 30.029050827026367 205.74378967285156 3.6124208 1.5865836 1.7022523 -32.193455 1.6257719 37.624928 1.2963789701461792 0.22320927679538727
