Pedestrian 0.0 0 -0.6096494793891907 1128.85888671875 160.79605102539062 1186.7598876953125 250.07301330566406 0.75308794 1.7313337 0.5133859 10.766935 1.4978536 14.260386 0.03705930709838867 0.39288610219955444
Pedestrian 0.0 0 1.8274707794189453 278.0933837890625 156.13722229003906 297.3601379394531 201.25054931640625 0.80258197 1.8706447 0.55580425 -13.595752 1.1778337 30.3575 1.4064022302627563 0.23777738213539124
Pedestrian 0.0 0 -2.000276565551758 957.8518676757812 163.83045959472656 1003.0684204101562 224.83270263671875 0.9386066 1.8436215 0.93553513 11.385562 1.5712681 22.29256 -1.5280787944793701 0.18148145079612732
Cyclist 0.0 0 -1.927697777748108 873.9328002929688 165.10337829589844 897.16259765625 205.54415893554688 1.6076248 1.7304746 0.41438282 12.044785 1.399181 31.677217 -1.5643454790115356 0.1908065378665924
Cyclist 0.0 0 -1.341078519821167 258.02313232421875 164.66464233398438 282.1437072753906 210.45559692382812 1.707351 1.7710222 0.49729162 -13.591929 1.454647 28.790466 -1.7821567058563232 0.13032841682434082
Car 0.0 0 -1.7247703075408936 718.4129638671875 169.27305603027344 757.3924560546875 197.32415771484375 3.6499717 1.5680798 1.6951243 7.3924217 1.3682601 42.173008 -1.5512452125549316 0.7861092686653137
Car 0.0 0 3.3979053497314453 149.76206970214844 164.5362091064453 276.7181701660156 206.37266540527344 4.0749755 1.5662975 1.675189 -15.499897 1.2552496 28.316536 2.89707612991333 0.21068057417869568
Car 0.0 0 1.9642925262451172 151.88795471191406 181.00003051757812 206.5380859375 206.6913299560547 3.6788974 1.4408295 1.5445031 -26.003895 1.9554708 43.61882 1.4266996383666992 0.20000499486923218
Car 0.0 0 -1.281435251235962 555.327880859375 163.70159912109375 599.8171997070312 190.10263061523438 3.6169295 1.4269855 1.5554699 -1.8266034 0.93265295 40.93967 -1.3260226249694824 0.1744166612625122
Car 0.0 0 1.3806548118591309 568.282470703125 170.98306274414062 601.64501953125 194.54063415527344 3.6157703 1.5600089 1.6378012 -1.7914011 1.4364713 49.7238 1.3446433544158936 0.17190863192081451
Car 0.0 0 1.3332396745681763 731.3456420898438 176.9519500732422 766.4785766601562 197.6276397705078 4.3116 1.4726921 1.6270278 10.405938 1.7947838 54.453182 1.5220619440078735 0.1264558732509613
