Pedestrian 0.0 0 -3.324275255203247 762.495361328125 169.7421112060547 777.3156127929688 195.4611358642578 0.9583783 1.8357635 0.52524155 11.444461 1.6140015 51.778107 -3.106743812561035 0.29926449060440063
Pedestrian 0.0 0 0.673055112361908 739.409912109375 156.66712951660156 757.625 195.23519897460938 0.561178 1.9052557 0.7320212 6.8918867 1.1059853 36.09237 0.8617351055145264 0.29481738805770874
Pedestrian 0.0 0 1.4657219648361206 777.232666015625 141.14141845703125 799.0073852539062 194.28857421875 0.8203086 1.9408209 0.70128393 6.566235 0.78310287 26.799953 1.7059979438781738 0.25477463006973267
Car 0.0 0 -1.9891669750213623 783.7523193359375 197.8053741455078 1145.093505859375 375.0 3.7087336 1.3747665 1.5777029 2.8874824 1.679418 6.9245057 -1.5940964221954346 0.947725236415863
Car 0.0 0 1.7972004413604736 340.2303771972656 186.38296508789062 479.6661071777344 276.9102783203125 4.10135 1.347367 1.5871031 -3.576238 1.6385827 13.433195 1.5370113849639893 0.9276890754699707
Car 0.0 0 1.4116885662078857 661.7840576171875 182.51771545410156 738.5795288085938 237.121826171875 4.353644 1.4595827 1.6528797 2.6243382 1.7879127 22.27569 1.5289597511291504 0.9235017895698547
Car 0.0 0 1.734710693359375 454.943603515625 175.72409057617188 527.936767578125 230.80691528320312 3.6260815 1.4912046 1.5749533 -3.4941595 1.5844574 21.535389 1.5738604068756104 0.8772444725036621
Car 0.0 0 1.6615684032440186 506.13140869140625 174.94566345214844 552.5935668945312 212.6974639892578 4.0401917 1.5010426 1.620559 -3.4343312 1.597023 30.947453 1.5510475635528564 0.6613902449607849
Car 0.0 0 1.6135159730911255 534.3233642578125 176.55259704589844 563.7767333984375 202.92539978027344 3.6487117 1.4592723 1.5681388 -3.5693407 1.6859709 42.297424 1.52932870388031 0.45668482780456543
Car 0.0 0 -1.6026617288589478 652.4866333007812 183.75326538085938 691.5596313476562 219.67604064941406 3.6308918 1.3944852 1.5442322 2.572454 1.8908861 30.983128 -1.5198241472244263 0.31696826219558716
