Car 0.0 0 -1.9256569147109985 633.783203125 195.19647216796875 816.7061157226562 309.3624572753906 3.85892 1.3865006 1.5983108 1.5872912 1.8105228 11.622216 -1.789922833442688 0.9629210233688354
Car 0.0 0 -1.7160199880599976 526.4341430664062 188.5522003173828 588.0127563476562 234.0337677001953 4.056579 1.4447238 1.6734608 -2.064022 2.0703423 26.573107 -1.7935377359390259 0.9512120485305786
Car 0.0 0 1.8907158374786377 18.9023494720459 209.64208984375 241.42286682128906 342.8807373046875 3.669083 1.4043638 1.6237358 -6.848191 2.0499372 10.673543 1.3202654123306274 0.9382694959640503
Car 0.0 0 -2.882347822189331 720.5009155273438 169.86325073242188 830.164794921875 217.38027954101562 3.7414074 1.687669 1.6240568 6.181357 1.5818043 27.211672 -2.658980131149292 0.8762568235397339
Car 0.0 0 1.7150720357894897 347.85162353515625 189.1842498779297 389.5656433105469 221.45204162597656 3.7971942 1.6107177 1.669206 -13.378477 2.5636976 40.071655 1.3928440809249878 0.8557659387588501
Car 0.0 0 -1.6712872982025146 516.2512817382812 184.51223754882812 562.2020263671875 222.5565185546875 3.9230502 1.5162697 1.6372756 -3.24686 2.0693192 32.118195 -1.772036075592041 0.6744884848594666
Car 0.0 0 2.0223324298858643 0.0 219.2781982421875 138.92562866210938 375.0 4.029806 1.444735 1.6523008 -5.5863914 1.9707594 5.9985895 1.2724995613098145 0.6646003127098083
Car 0.0 0 -2.809110641479492 652.2153930664062 178.1149139404297 753.3485107421875 213.25303649902344 4.3445625 1.5203403 1.6592 4.2447605 1.7769244 33.433014 -2.6828231811523438 0.6155338287353516
Car 0.0 0 -1.6374086141586304 501.8290710449219 182.6937255859375 526.0867919921875 204.71694946289062 4.4343476 1.7077708 1.7146834 -8.09474 2.5636044 60.38533 -1.7706656455993652 0.4481947422027588
Car 0.0 0 -2.420179605484009 868.7341918945312 83.17976379394531 1242.0 375.0 3.721242 1.708791 1.6072356 3.2404907 1.4221394 4.290841 -1.7733516693115234 0.43007615208625793
