Pedestrian 0.0 0 0.5759620666503906 60.46318435668945 184.29489135742188 107.76448059082031 245.32273864746094 0.98670495 1.7994295 0.593834 -15.866206 2.1493125 21.716988 -0.05500026047229767 0.6235044598579407
Pedestrian 0.0 0 -1.6461910009384155 678.59375 164.1558837890625 705.7852172851562 230.42652893066406 0.8456268 1.7491723 0.66477257 2.1626694 1.5199488 19.476034 -1.5356014966964722 0.3574124872684479
Pedestrian 0.0 0 1.951331615447998 917.512939453125 87.43608856201172 1007.8074340820312 265.32861328125 0.9127594 1.7958083 0.5837652 3.7665794 0.93388045 7.804473 2.40097713470459 0.26191380620002747
Pedestrian 0.0 0 -2.248396158218384 683.173828125 163.03182983398438 734.27685546875 225.49139404296875 1.6932513 1.7045132 0.48226935 2.7418501 1.4368253 20.536932 -2.1156728267669678 0.1377495676279068
Cyclist 0.0 0 -1.7800472974777222 658.1256713867188 177.26605224609375 689.0890502929688 237.37591552734375 1.773272 1.699473 0.55472875 1.82589 1.836573 21.445528 -1.6951112747192383 0.6569458842277527
Cyclist 0.0 0 -2.248396158218384 683.173828125 163.03182983398438 734.27685546875 225.49139404296875 1.6932513 1.7045132 0.48226935 2.7418501 1.4368253 20.536932 -2.1156728267669678 0.4548121392726898
Cyclist 0.0 0 -2.4067764282226562 683.642822265625 165.32797241210938 749.5582885742188 237.9205780029297 1.7234559 1.725675 0.51075983 2.5844617 1.547124 17.975727 -2.263979911804199 0.39556002616882324
Cyclist 0.0 0 -1.6434438228607178 678.0057373046875 163.6212158203125 706.3038940429688 230.697265625 0.94016504 1.765951 0.6894785 2.160489 1.5232325 19.47639 -1.5329668521881104 0.1338256597518921
Car 0.0 0 -1.342559814453125 346.35638427734375 178.440185546875 507.81048583984375 302.4947814941406 4.1010847 1.6637423 1.6518978 -2.8437788 1.7722794 11.914693 -1.5768547058105469 0.9300937056541443
Car 0.0 0 2.131706714630127 64.1841812133789 195.47438049316406 219.66151428222656 263.31298828125 3.756608 1.5315171 1.776418 -12.451666 2.2002518 19.430714 1.5618093013763428 0.9251523613929749
Car 0.0 0 -1.576385498046875 589.6516723632812 177.16664123535156 616.397216796875 203.83946228027344 3.5081534 1.6379839 1.6641076 -0.494605 1.9277236 46.64586 -1.5869884490966797 0.9048606157302856
Car 0.0 0 -1.1724870204925537 0.0 196.37527465820312 59.81965255737305 225.18258666992188 3.33947 1.4723427 1.5447876 -33.472115 2.8901517 41.6612 -1.8493196964263916 0.28608953952789307
Car 0.0 0 1.8385106325149536 466.3581848144531 182.6737518310547 497.23895263671875 201.27993774414062 3.7125914 1.3882669 1.5077664 -10.252428 2.2010572 57.775562 1.662886142730713 0.2810612618923187
Car 0.0 0 -0.9098221659660339 64.97766876220703 158.09890747070312 155.03672790527344 196.43170166015625 3.8911173 1.8493078 1.7555468 -25.42098 1.1378285 36.79872 -1.5143547058105469 0.25545060634613037
Car 0.0 0 -3.2227582931518555 705.2409057617188 176.6181182861328 833.711181640625 222.4381103515625 4.089377 1.4608028 1.5893734 5.2167935 1.5930754 24.228937 -3.010683536529541 0.2396392971277237
