Pedestrian 0.0 0 -1.8133783340454102 813.6182250976562 156.72618103027344 861.625244140625 244.86941528320312 0.88117373 1.757233 0.7490709 4.6174593 1.4360652 14.843814 -1.5117971897125244 0.8505086898803711
Cyclist 0.0 0 1.78719162940979 478.49041748046875 172.04733276367188 511.4233703613281 230.7195587158203 1.8356107 1.7483908 0.6349003 -3.6028397 1.7247107 22.433002 1.6279470920562744 0.9388710260391235
Cyclist 0.0 0 1.6987797021865845 435.1288146972656 174.19322204589844 484.0477294921875 265.19781494140625 1.8392653 1.8068316 0.7904647 -3.2080986 1.8373494 15.298639 1.4920765161514282 0.8772914409637451
Car 0.0 0 -1.7942684888839722 686.0198974609375 178.83314514160156 787.5844116210938 252.1265869140625 3.2446618 1.4707316 1.5672935 2.7243922 1.6209276 16.413359 -1.6297818422317505 0.9537965059280396
Car 0.0 0 -1.715033769607544 659.6713256835938 172.92694091796875 732.5440673828125 228.75225830078125 3.7448604 1.515918 1.609614 2.4252868 1.5186409 21.492453 -1.6026654243469238 0.7686576247215271
Car 0.0 0 1.7128219604492188 534.79052734375 170.75173950195312 561.0639038085938 193.2882843017578 3.8338602 1.7686586 1.6005322 -5.030015 1.6040317 58.58219 1.6271694898605347 0.7190649509429932
Car 0.0 0 1.8786354064941406 339.97833251953125 184.18504333496094 450.64385986328125 250.40969848632812 3.7729838 1.4312184 1.5869355 -5.3059173 1.7465101 18.147068 1.5941801071166992 0.6366691589355469
Car 0.0 0 -1.6813514232635498 648.5371704101562 168.0494842529297 704.8560791015625 217.40272521972656 3.974866 1.7000262 1.6399974 2.3625727 1.5348877 26.857033 -1.5936088562011719 0.5743787288665771
Car 0.0 0 1.9873942136764526 217.1216583251953 186.5078125 396.6897888183594 282.5189514160156 3.7716594 1.4386792 1.6266702 -5.3923497 1.726186 13.261985 1.6012094020843506 0.4818764925003052
Car 0.0 0 1.8128809928894043 439.15087890625 177.02099609375 503.5699462890625 217.55477905273438 4.015152 1.4808542 1.6091404 -5.494114 1.6595335 28.826744 1.6245487928390503 0.372729629278183
Car 0.0 0 1.7989938259124756 399.869384765625 179.1790313720703 477.1968078613281 230.46807861328125 3.890278 1.4839116 1.5850084 -5.4791045 1.7056184 23.300625 1.568041205406189 0.34732311964035034
