Pedestrian 0.0 0 -1.0369765758514404 996.99755859375 145.5159149169922 1084.770751953125 292.5256042480469 0.79707736 1.7032102 0.6003375 5.205162 1.3868371 8.811969 -0.5034290552139282 0.37791353464126587
Pedestrian 0.0 0 1.1056649684906006 551.7225341796875 156.84060668945312 570.1148071289062 198.08729553222656 0.64312524 1.9754541 0.67280877 -2.420974 1.2088724 35.002357 1.0366089344024658 0.2567007839679718
Pedestrian 0.0 0 -2.2179112434387207 1127.5657958984375 122.77774810791016 1199.8043212890625 241.99288940429688 0.7041729 1.7792056 0.5736048 8.4635935 1.0322093 11.118809 -1.5672831535339355 0.23148980736732483
Pedestrian 0.0 0 -0.8742051124572754 1087.718505859375 143.4979248046875 1187.40380859375 295.20501708984375 0.73936003 1.7050393 0.6182982 6.145658 1.3754635 8.497076 -0.24803350865840912 0.22312691807746887
Pedestrian 0.0 0 -0.13909167051315308 838.8314819335938 149.801025390625 892.3356323242188 246.94622802734375 0.84556866 1.7049829 0.49404147 4.5368695 1.3007407 12.985871 0.197021484375 0.14566437900066376
Pedestrian 0.0 0 -0.24548235535621643 867.5416870117188 145.02867126464844 923.4609985351562 259.36602783203125 0.6632449 1.6910512 0.60833156 4.2920437 1.2798721 11.01228 0.12615728378295898 0.13535214960575104
Pedestrian 0.0 0 1.2445974349975586 855.6482543945312 147.99703979492188 906.81982421875 254.61181640625 0.7747775 1.7137226 0.5751572 4.4419117 1.3145303 11.990674 1.5993707180023193 0.1340378373861313
Pedestrian 0.0 0 0.20871460437774658 538.7633666992188 150.1505584716797 560.1082153320312 192.7205810546875 0.8364546 1.88249 0.6472587 -2.7456524 0.8788783 32.27721 0.12385416030883789 0.13262203335762024
Cyclist 0.0 0 -1.2037800550460815 539.9778442382812 164.15008544921875 570.2744750976562 212.54254150390625 1.8611608 1.6783947 0.45272717 -2.0025475 1.3768747 25.978777 -1.2807118892669678 0.7109225988388062
Cyclist 0.0 0 2.172389030456543 0.0 185.2545166015625 290.59136962890625 375.0 1.5394342 1.596559 0.6577611 -2.6073244 1.682355 4.185 1.6152172088623047 0.16187894344329834
Car 0.0 0 1.3779277801513672 609.7548828125 162.7774658203125 648.4061279296875 190.4142303466797 3.8613684 1.5804254 1.5995041 1.0642092 1.0045508 43.296192 1.4025025367736816 0.8137441277503967
Car 0.0 0 -2.880157232284546 539.2845458984375 172.84564208984375 610.061767578125 203.31387329101562 3.4496288 1.5666782 1.609722 -1.888515 1.5666063 38.24869 -2.9294917583465576 0.2562173902988434
Car 0.0 0 -1.1990106105804443 431.5654296875 145.51016235351562 564.1928100585938 231.08885192871094 4.329276 1.8038458 1.701841 -2.593322 1.2278445 17.505802 -1.3460817337036133 0.14730404317378998
Car 0.0 0 -2.7824254035949707 978.525146484375 136.08560180664062 1140.0765380859375 201.11782836914062 4.020523 1.8903499 1.7885717 14.228451 0.8219281 23.10738 -2.2305028438568115 0.13848909735679626
