Pedestrian 0.0 0 1.214818000793457 725.1739501953125 147.44056701660156 761.265380859375 218.29022216796875 0.79712296 1.7844148 0.6789929 3.3819058 1.1447119 18.62179 1.3944700956344604 0.4100319445133209
Pedestrian 0.0 0 2.0166919231414795 229.4099578857422 173.7264862060547 261.2104797363281 217.22598266601562 1.4438399 1.6469659 0.53568846 -14.217088 1.6821532 28.072971 1.5479109287261963 0.11299232393503189
Cyclist 0.0 0 2.1609697341918945 185.39605712890625 177.19773864746094 219.8035125732422 212.69384765625 1.5572217 1.5703334 0.60360676 -18.606682 1.7736562 32.912575 1.6464279890060425 0.7855446934700012
Cyclist 0.0 0 2.02054500579834 228.7528839111328 175.06637573242188 260.9595947265625 219.36221313476562 1.4040942 1.673046 0.5635827 -14.212119 1.7615197 28.027695 1.551254153251648 0.6356072425842285
Car 0.0 0 -1.5063562393188477 556.8739624023438 183.5895538330078 614.8006591796875 228.91519165039062 3.3855784 1.3218037 1.6761016 -0.76806474 1.6984917 23.571774 -1.538928747177124 0.9526836276054382
Car 0.0 0 -2.4152016639709473 145.1847381591797 179.94000244140625 396.8148193359375 276.5892333984375 3.9607534 1.5150644 1.6526377 -6.0538416 1.6550052 12.858332 -2.855226516723633 0.931556761264801
Car 0.0 0 -2.3168375492095947 366.6237487792969 178.9011688232422 478.7510986328125 226.78146362304688 3.6742537 1.4667169 1.5450324 -6.3423367 1.683269 24.153688 -2.5736231803894043 0.9173448085784912
Car 0.0 0 -1.5616241693496704 575.2446899414062 176.53353881835938 614.7388916015625 213.9880828857422 3.65811 1.5885746 1.6951474 -0.7076023 1.765598 32.80096 -1.5831934213638306 0.898998498916626
Car 0.0 0 -1.528593897819519 517.8856811523438 181.7762451171875 557.1947021484375 216.06979370117188 4.0003242 1.4232359 1.624935 -3.3031914 1.857567 33.04899 -1.6282113790512085 0.7780060172080994
Car 0.0 0 -2.2138562202453613 400.0982971191406 182.23745727539062 498.1866455078125 224.52964782714844 3.8948195 1.4423865 1.6005089 -6.1761127 1.8222563 27.307863 -2.4362802505493164 0.6268852353096008
Car 0.0 0 -1.4801381826400757 529.5421142578125 180.53689575195312 566.097900390625 210.61183166503906 3.5494647 1.4842125 1.6197802 -3.2918112 1.9112803 38.292927 -1.5658912658691406 0.3287487030029297
