Pedestrian 0.0 0 1.206508755683899 606.9840698242188 168.43292236328125 622.1485595703125 207.3499298095703 0.6120616 1.8810506 0.559005 0.1828542 1.6677161 35.25747 1.2116949558258057 0.3139605224132538
Pedestrian 0.0 0 -2.0230114459991455 0.0 104.5714111328125 78.23951721191406 267.98974609375 0.5169172 1.7894372 0.62238276 -6.6588173 1.0420982 8.289947 -2.6997249126434326 0.23894184827804565
Pedestrian 0.0 0 1.9255727529525757 600.3387451171875 168.05516052246094 614.98193359375 203.34918212890625 0.67588466 1.8949815 0.59779793 -0.1607356 1.6376833 39.15759 1.921467900276184 0.21048897504806519
Pedestrian 0.0 0 -1.4356074333190918 323.526123046875 154.56431579589844 359.4100341796875 238.4945831298828 0.8520377 1.7066401 0.5992361 -5.6782627 1.3350952 15.150831 -1.7941871881484985 0.20496907830238342
Pedestrian 0.0 0 2.5277819633483887 785.8665771484375 131.19427490234375 896.9988403320312 302.744140625 0.99812573 1.781751 0.6045777 2.4795632 1.3494228 7.9317265 2.8307700157165527 0.18920423090457916
Cyclist 0.0 0 1.7601927518844604 605.3685302734375 185.12533569335938 625.92333984375 228.70436096191406 1.6650959 1.7150983 0.546473 0.2020379 2.2363257 29.753841 1.766982913017273 0.21852685511112213
Car 0.0 0 1.817710041999817 226.99366760253906 200.39100646972656 428.0040588378906 340.08233642578125 4.354379 1.4003466 1.593193 -3.799652 1.8821975 10.365181 1.4663430452346802 0.9725279808044434
Car 0.0 0 -1.6563013792037964 564.2550048828125 186.89720153808594 589.3156127929688 208.01336669921875 3.522522 1.506416 1.6356663 -2.6225808 2.6287615 55.79101 -1.7032740116119385 0.6398530602455139
Car 0.0 0 -1.5413371324539185 577.66552734375 182.91192626953125 618.4490966796875 221.38052368164062 3.6062083 1.5211301 1.6641442 -0.50805724 1.9829934 31.29088 -1.5575722455978394 0.36657413840293884
Car 0.0 0 0.19084522128105164 266.56494140625 152.61058044433594 409.3796081542969 212.71519470214844 3.955465 1.7946509 1.6907692 -8.49162 1.1905651 22.703974 -0.16706135869026184 0.2318560630083084
