Pedestrian 0.0 0 2.509681463241577 712.5374755859375 169.0712432861328 746.74951171875 227.00340270996094 0.85931635 1.7521055 0.5904763 3.6465354 1.6380575 22.277233 2.671931505203247 0.26089125871658325
Pedestrian 0.0 0 1.6748199462890625 1154.0167236328125 146.0709228515625 1242.0 351.4046630859375 0.6052956 1.7674654 0.6124021 5.3840094 1.5372808 6.6386056 2.356241464614868 0.2523191571235657
Pedestrian 0.0 0 -0.039830226451158524 639.52978515625 174.8409423828125 654.7175903320312 204.560791015625 0.8954601 1.7939973 0.714549 2.2252326 1.916421 43.96236 0.010743379592895508 0.19860759377479553
Pedestrian 0.0 0 1.2479162216186523 882.5573120117188 157.43478393554688 941.3524780273438 270.68310546875 0.9383908 1.8283803 0.64405364 5.0077305 1.5797969 12.136515 1.639251708984375 0.16053088009357452
Pedestrian 0.0 0 1.8797667026519775 213.11639404296875 156.82504272460938 307.4617614746094 319.72967529296875 0.9555016 1.7042725 0.69415337 -3.9327118 1.536939 8.068588 1.4262416362762451 0.13815400004386902
Pedestrian 0.0 0 3.3360543251037598 345.8499755859375 113.93612670898438 439.5555419921875 266.6622619628906 0.99453586 1.7852018 0.6170038 -2.6788402 1.096874 8.788498 3.040188789367676 0.1078404039144516
Cyclist 0.0 0 -2.41367244720459 0.0 108.02059173583984 231.43260192871094 337.722412109375 1.7629724 1.6972866 0.60814255 -4.0799856 1.2185849 5.7268314 -3.0326943397521973 0.2725238502025604
Cyclist 0.0 0 -1.3257603645324707 459.62957763671875 161.47589111328125 503.7333984375 234.6402130126953 1.7458315 1.7605805 0.6989897 -3.2696762 1.487143 18.254478 -1.5029972791671753 0.1263667494058609
Car 0.0 0 1.5557563304901123 513.265625 180.1129608154297 563.767822265625 226.37319946289062 4.2732964 1.4025406 1.5788912 -2.537614 1.6745231 24.782326 1.4537158012390137 0.9165179133415222
Car 0.0 0 -0.6759985685348511 0.0 151.45497131347656 101.81690216064453 323.4261169433594 3.7046392 1.5753641 1.6979504 -8.364251 1.3796934 8.547782 -1.450545072555542 0.22849319875240326
