Pedestrian 0.0 0 -1.1667336225509644 495.21343994140625 181.21719360351562 513.0689086914062 216.0673370361328 0.6563887 1.6829854 0.6637114 -5.2347183 2.0987704 35.436523 -1.3133939504623413 0.27980753779411316
Pedestrian 0.0 0 -0.36353766918182373 1100.7274169921875 82.6843032836914 1242.0 283.56103515625 1.1154884 1.892627 0.7436507 5.6987205 1.043421 7.3147893 0.2983090877532959 0.26916784048080444
Pedestrian 0.0 0 -2.6518092155456543 460.4505310058594 161.52835083007812 487.2519836425781 197.21153259277344 1.2019202 1.8087846 0.6204041 -7.0260863 1.2350441 37.047176 -2.839235544204712 0.18580155074596405
Pedestrian 0.0 0 -0.11008071899414062 412.2514953613281 153.79319763183594 435.311767578125 200.9331817626953 0.833317 1.8655279 0.61875004 -7.5267396 1.1115696 28.989004 -0.36411264538764954 0.17066213488578796
Pedestrian 0.0 0 1.2601697444915771 855.9061279296875 140.85646057128906 901.5355224609375 221.8861541748047 1.0826459 1.8301933 0.69776505 6.2093267 1.1078326 16.850046 1.613234043121338 0.16111154854297638
Pedestrian 0.0 0 -1.877526044845581 879.58349609375 142.0226593017578 917.7142944335938 208.7681884765625 1.341968 1.8387142 0.6296903 8.1628685 0.9897269 20.565922 -1.49968421459198 0.14715220034122467
Pedestrian 0.0 0 -0.1863361895084381 783.7576904296875 164.62551879882812 818.104736328125 220.92579650878906 0.99573016 1.8170805 0.5767005 6.1945276 1.551866 23.607347 0.07027697563171387 0.12481439858675003
Pedestrian 0.0 0 -1.831717610359192 800.0667724609375 140.32763671875 826.0394897460938 194.55169677734375 0.956374 1.8988581 0.66608137 7.193508 0.7601841 25.746588 -1.559268593788147 0.12333422899246216
Cyclist 0.0 0 -1.7430329322814941 679.203369140625 183.40748596191406 692.9547119140625 219.67169189453125 1.6637424 1.6936918 0.3814481 3.647591 2.218778 35.02972 -1.6392784118652344 0.17749759554862976
Cyclist 0.0 0 -1.877526044845581 879.58349609375 142.0226593017578 917.7142944335938 208.7681884765625 1.341968 1.8387142 0.6296903 8.1628685 0.9897269 20.565922 -1.49968421459198 0.11631450802087784
Car 0.0 0 -1.7551590204238892 668.9395141601562 178.67181396484375 715.3881225585938 209.531494140625 3.8175852 1.4504356 1.6592292 4.0730553 1.7618911 36.615604 -1.644376277923584 0.13950641453266144
