Car 0.0 0 1.8115061521530151 381.1343994140625 183.45648193359375 468.4040222167969 239.48036193847656 3.7797294 1.4143742 1.5768942 -5.279686 1.7486594 20.82646 1.5632280111312866 0.9533482193946838
Car 0.0 0 1.9639474153518677 181.86083984375 191.40208435058594 316.9587707519531 256.5597839355469 4.208705 1.376751 1.610466 -9.153442 1.9111158 18.619226 1.5070323944091797 0.9415366053581238
Car 0.0 0 -1.5215448141098022 659.7697143554688 173.51583862304688 691.0325927734375 202.13462829589844 3.4409122 1.5187466 1.5686194 3.6418808 1.5576298 40.184658 -1.4311630725860596 0.9212899804115295
Car 0.0 0 2.1104743480682373 0.0 193.5017547607422 216.96800231933594 305.90289306640625 4.2523813 1.5445825 1.690359 -8.960234 1.9762611 12.891293 1.5030708312988281 0.8627877235412598
Car 0.0 0 2.1507725715637207 279.9980163574219 187.02784729003906 380.56292724609375 234.8632354736328 3.6143422 1.4800159 1.5748366 -9.780429 2.0173328 25.399267 1.7832050323486328 0.7974868416786194
Car 0.0 0 -1.4163333177566528 628.1785888671875 168.3116912841797 661.4144287109375 191.6751708984375 3.932327 1.5415748 1.703569 2.408014 1.2422202 49.70342 -1.3679234981536865 0.6533046364784241
Car 0.0 0 2.1455776691436768 0.0 195.50869750976562 96.46965789794922 279.3522644042969 3.4330468 1.3473498 1.4771779 -12.067653 1.854923 14.356936 1.4465982913970947 0.5401167869567871
Car 0.0 0 2.3001561164855957 0.0 189.98509216308594 37.139400482177734 375.0 3.918288 1.519554 1.6020726 -8.443273 1.7526494 7.7720785 1.4733891487121582 0.397725909948349
Car 0.0 0 -1.4922566413879395 678.45947265625 169.20413208007812 704.1569213867188 190.3017578125 3.5966446 1.4731812 1.5754111 5.8941793 1.2186799 52.29506 -1.380020260810852 0.35219332575798035
Car 0.0 0 -0.7485625147819519 1027.088134765625 143.1278839111328 1152.8082275390625 181.90846252441406 4.185519 1.5002869 1.6997312 19.266579 0.35064402 29.090414 -0.16358913481235504 0.34803256392478943
