Pedestrian 0.0 0 1.9409973621368408 998.7597045898438 165.0099639892578 1042.61279296875 242.58621215820312 0.75168055 1.698497 0.63183415 9.2163 1.5271134 16.277473 2.4561927318573 0.7051264047622681
Pedestrian 0.0 0 -0.10986902564764023 546.3385009765625 171.2222137451172 558.0142822265625 193.7125701904297 0.8752489 1.7902952 0.5639529 -4.6578608 1.6607581 57.793316 -0.19029034674167633 0.32256564497947693
Pedestrian 0.0 0 -0.8151659965515137 1214.923583984375 161.77297973632812 1242.0 235.8939208984375 0.6166237 1.696457 0.5096138 14.553389 1.4431962 16.79623 -0.10118900239467621 0.2504459321498871
Pedestrian 0.0 0 1.499909520149231 612.2855224609375 174.2971649169922 623.0744018554688 204.33973693847656 0.7269977 1.735961 0.5785642 0.41150182 1.821305 42.107197 1.5096819400787354 0.2261047661304474
Car 0.0 0 1.6740899085998535 444.0749816894531 178.11778259277344 498.7418212890625 220.06088256835938 4.1588917 1.4461874 1.6275576 -5.255001 1.6631999 27.554234 1.48563814163208 0.9333319067955017
Car 0.0 0 3.7529358863830566 0.0 188.9071044921875 150.99627685546875 283.7360534667969 3.268099 1.4628999 1.4930247 -9.990787 1.7557257 12.281331 3.070021152496338 0.8818331360816956
Car 0.0 0 1.3149763345718384 642.3589477539062 162.86798095703125 717.0701293945312 213.21484375 4.2219877 1.727326 1.7477697 2.463092 1.3850784 26.977884 1.4060243368148804 0.8352544903755188
Car 0.0 0 1.6800291538238525 471.44903564453125 179.06607055664062 510.9337463378906 210.1527557373047 3.7681205 1.4309816 1.5380265 -5.897396 1.7570126 35.90196 1.5172191858291626 0.47227346897125244
Car 0.0 0 0.17824585735797882 340.3590393066406 164.87484741210938 443.02496337890625 207.91233825683594 3.5862892 1.6102076 1.5990899 -8.441826 1.3120328 27.992352 -0.11465631425380707 0.19240309298038483
Car 0.0 0 1.4623053073883057 476.2867431640625 175.8043212890625 512.2734375 203.76622009277344 4.0395384 1.5326697 1.6400455 -6.84066 1.7143177 42.168797 1.301485300064087 0.1679832935333252
