Pedestrian 0.0 0 -0.62727952003479 937.1768798828125 167.90359497070312 949.6312255859375 190.5670166015625 0.6299379 1.7041734 0.588301 25.203358 1.3322858 54.60279 -0.19484052062034607 0.32117098569869995
Pedestrian 0.0 0 -3.7756855487823486 1133.3682861328125 109.29786682128906 1186.60888671875 196.45315551757812 0.74879485 1.8740503 0.54570854 11.977814 0.5077969 15.790453 -3.1267361640930176 0.24633684754371643
Pedestrian 0.0 0 1.8065937757492065 457.7169494628906 150.579833984375 482.2319641113281 206.27980041503906 0.79710287 1.816378 0.631225 -4.6848073 1.0903746 23.938232 1.6133323907852173 0.2346726804971695
Pedestrian 0.0 0 0.5438002347946167 285.10516357421875 150.52456665039062 338.3591003417969 226.8939666748047 0.98476917 1.7800438 0.6404491 -7.153754 1.2599399 17.205204 0.14975619316101074 0.16536541283130646
Cyclist 0.0 0 -0.9228901863098145 188.63653564453125 189.99691772460938 257.2205810546875 267.6412048339844 1.6369227 1.6388305 0.49095872 -8.837705 2.050129 16.447021 -1.4159646034240723 0.190383180975914
Cyclist 0.0 0 1.8467791080474854 289.03466796875 150.39967346191406 333.3674011230469 229.62632751464844 1.0528761 1.8303486 0.720714 -7.169106 1.3119514 17.231993 1.4525266885757446 0.10751379281282425
Car 0.0 0 2.112415075302124 326.2005310058594 182.42877197265625 495.61724853515625 256.4311828613281 4.6127715 1.436773 1.7082106 -4.534687 1.6965535 17.09385 1.853106141090393 0.9529376029968262
Car 0.0 0 -1.6301664113998413 783.9982299804688 168.42201232910156 860.3555297851562 236.13113403320312 3.819398 1.6223463 1.7098392 5.5301633 1.5165113 19.335583 -1.3515937328338623 0.9157311916351318
Car 0.0 0 -0.4136021137237549 1086.966552734375 157.86578369140625 1209.6224365234375 192.7688446044922 4.0271163 1.477308 1.5914862 23.552528 0.8432739 31.761063 0.2244713306427002 0.7381308078765869
Car 0.0 0 1.824826955795288 611.8597412109375 173.84274291992188 659.8778076171875 202.36468505859375 4.3079095 1.4997717 1.657389 1.4740753 1.5586457 40.398533 1.8612991571426392 0.2925282418727875
Car 0.0 0 -0.6188309192657471 11.482206344604492 202.16989135742188 199.61158752441406 272.4720153808594 3.5704947 1.3873448 1.5377694 -12.3069725 2.18964 17.79463 -1.2239048480987549 0.22581052780151367
