Pedestrian 0.0 0 -1.8199986219406128 760.230224609375 170.36062622070312 778.5176391601562 208.8001251220703 0.7351096 1.724459 0.64803946 7.188917 1.6129602 32.744694 -1.6038827896118164 0.45687684416770935
Pedestrian 0.0 0 -0.5049748420715332 937.0782470703125 152.13143920898438 988.1187744140625 223.8974151611328 0.9879314 1.8099092 0.64816976 9.004272 1.2876526 18.543915 -0.052941929548978806 0.42378976941108704
Pedestrian 0.0 0 -1.8042922019958496 775.9468994140625 169.9507598876953 793.46875 210.27699279785156 0.79371935 1.7951914 0.59880745 7.8288965 1.6663069 32.515434 -1.5680147409439087 0.3775821328163147
Pedestrian 0.0 0 2.256992816925049 702.6705322265625 174.00448608398438 724.92626953125 205.7208709716797 1.2668936 1.8227228 0.6275915 6.035938 1.8913782 42.170956 2.3991575241088867 0.18889884650707245
Pedestrian 0.0 0 1.611328125 833.178955078125 168.3963623046875 847.1587524414062 207.8471221923828 1.435438 1.638428 0.51157826 9.766793 1.453656 30.72533 1.9191017150878906 0.12621283531188965
Cyclist 0.0 0 -1.6280262470245361 739.6300659179688 165.41958618164062 760.92431640625 215.27418518066406 1.7999345 1.7632176 0.6597349 5.0856256 1.500641 26.451729 -1.4380834102630615 0.8797330856323242
Cyclist 0.0 0 -1.7401620149612427 841.3759765625 143.94223022460938 903.7647705078125 257.0405578613281 1.6923332 1.722165 0.67820543 4.2316065 1.282279 11.876107 -1.3978745937347412 0.8348749279975891
Cyclist 0.0 0 -1.3782423734664917 708.2779541015625 174.4445037841797 723.7127685546875 205.584716796875 1.5826448 1.7829784 0.6040816 6.178881 1.8783271 42.24318 -1.23300302028656 0.272780179977417
Cyclist 0.0 0 1.611328125 833.178955078125 168.3963623046875 847.1587524414062 207.8471221923828 1.435438 1.638428 0.51157826 9.766793 1.453656 30.72533 1.9191017150878906 0.2604266405105591
Cyclist 0.0 0 -3.5447850227355957 935.5831909179688 152.15179443359375 984.8058471679688 222.59747314453125 0.97651833 1.7877815 0.6251667 8.989885 1.2627556 18.643309 -3.0954749584198 0.10350678116083145
Cyclist 0.0 0 -1.7850064039230347 773.3496704101562 173.72415161132812 791.4751586914062 212.21446228027344 1.0130451 1.7292243 0.60176396 7.827598 1.7699381 32.94854 -1.551759958267212 0.10228592902421951
Car 0.0 0 2.6000845432281494 1015.0331420898438 186.29051208496094 1066.0732421875 204.4028778076172 3.643421 1.5594068 1.4819868 38.131336 2.7651432 63.97753 3.137566089630127 0.4208545684814453
