Pedestrian 0.0 0 -1.5208501815795898 431.68450927734375 167.25155639648438 471.33636474609375 257.4081726074219 0.9886164 1.7641566 0.7417997 -3.2577765 1.6548877 14.6656275 -1.7394378185272217 0.8227857351303101
Pedestrian 0.0 0 -1.4721133708953857 468.61358642578125 176.24588012695312 497.642822265625 243.89950561523438 0.8385276 1.7075729 0.66371274 -3.327576 1.7979226 18.696987 -1.6482430696487427 0.8206545114517212
Pedestrian 0.0 0 1.9072668552398682 362.56536865234375 162.9920196533203 426.78240966796875 277.9366760253906 0.88969165 1.7609224 0.73139787 -3.469887 1.6101973 11.511423 1.6144987344741821 0.6908583045005798
Pedestrian 0.0 0 1.12851083278656 556.362060546875 174.5914306640625 575.3612060546875 209.70030212402344 0.8900704 1.816785 0.68109834 -2.3609278 1.9098511 37.943836 1.0663692951202393 0.5131507515907288
Pedestrian 0.0 0 -1.7928006649017334 702.2923583984375 162.0105438232422 741.0098266601562 229.73985290527344 0.99805033 1.8340926 0.8627345 3.0451455 1.5408125 20.064837 -1.6421847343444824 0.5016838312149048
Pedestrian 0.0 0 -0.3650655150413513 1091.25146484375 181.58604431152344 1226.9912109375 364.96795654296875 0.8074821 1.6898276 0.911246 5.410187 1.7845566 7.246774 0.276233434677124 0.42847582697868347
Pedestrian 0.0 0 0.7421825528144836 338.5819396972656 128.41094970703125 392.2829895019531 225.03829956054688 0.7697026 1.84146 0.6414855 -4.8586764 0.9948517 14.195949 0.41242146492004395 0.28333228826522827
Pedestrian 0.0 0 1.749152660369873 384.8996276855469 161.92922973632812 425.6836242675781 254.59922790527344 0.7937135 1.7247452 0.6248133 -3.9702475 1.5217746 13.852563 1.4700274467468262 0.22213512659072876
Pedestrian 0.0 0 -0.2812466621398926 711.1312255859375 154.01220703125 733.0552368164062 200.1899871826172 0.69243157 1.7704526 0.6309142 4.306338 1.0484179 28.018246 -0.12874241173267365 0.1683453768491745
Pedestrian 0.0 0 3.6874804496765137 0.0 89.90873718261719 169.849609375 252.4600830078125 1.7925313 1.7600548 0.5370505 -6.118658 0.8623075 8.164131 3.0443274974823 0.1531764715909958
Cyclist 0.0 0 0.5665479898452759 0.0 91.69073486328125 176.15794372558594 252.44801330566406 1.7981232 1.7509687 0.5282242 -6.051035 0.86729616 8.18276 -0.07019004225730896 0.2879877984523773
Cyclist 0.0 0 1.2181689739227295 556.7496337890625 174.2972869873047 574.3343505859375 208.4838104248047 0.8533137 1.7709012 0.66856325 -2.3778598 1.8482128 37.943317 1.155582070350647 0.1269003003835678
Cyclist 0.0 0 1.352120041847229 698.0574340820312 165.13055419921875 733.2792358398438 231.97476196289062 1.0433905 1.8068619 0.7571652 2.8771174 1.5984482 20.050083 1.4946436882019043 0.10548156499862671
Car 0.0 0 -1.8823035955429077 478.8257141113281 177.39566040039062 516.8663940429688 199.36746215820312 3.806441 1.5013442 1.626933 -8.180468 1.8434165 52.219982 -2.0376946926116943 0.2200413942337036
Car 0.0 0 3.441676616668701 286.6827697753906 187.48341369628906 447.8949279785156 250.13864135742188 3.6670713 1.5221553 1.5802287 -6.262029 1.91948 18.745216 3.119272232055664 0.18698109686374664
