Pedestrian 0.0 0 -1.3910107612609863 852.12646484375 189.15533447265625 888.7393798828125 267.60443115234375 0.76488334 1.6364588 0.6264871 5.636114 2.0034878 15.739197 -1.0471434593200684 0.5127887725830078
Car 0.0 0 2.1598141193389893 35.5001106262207 193.68043518066406 230.06719970703125 275.04388427734375 3.9672134 1.4571481 1.63622 -10.325658 1.9751308 15.93557 1.5848723649978638 0.9467405676841736
Car 0.0 0 1.8713726997375488 411.310791015625 184.900146484375 478.30572509765625 224.16824340820312 3.4658098 1.4107239 1.6545388 -6.5612364 1.9219991 28.808914 1.647442102432251 0.9356819987297058
Car 0.0 0 -1.6239486932754517 577.0361328125 177.8586883544922 726.6222534179688 320.8504943847656 3.5188189 1.5112182 1.6104755 0.37103644 1.5898911 9.517471 -1.5849837064743042 0.9041793346405029
Car 0.0 0 1.9010779857635498 349.66937255859375 181.96014404296875 424.0553283691406 219.02828979492188 4.6698585 1.478448 1.7560459 -9.91052 1.9162743 32.298386 1.6033555269241333 0.8538085222244263
Car 0.0 0 -1.1305553913116455 727.427001953125 173.52528381347656 838.1618041992188 228.50381469726562 3.9143465 1.4643098 1.6699103 5.1350145 1.4864061 21.313665 -0.8941351175308228 0.8352189660072327
Car 0.0 0 2.109426259994507 231.58004760742188 180.5367889404297 306.5567932128906 217.71351623535156 3.1078978 1.4644384 1.5041113 -14.476234 1.8090633 30.70932 1.6689229011535645 0.8300391435623169
Car 0.0 0 1.932741403579712 514.0831298828125 179.09959411621094 551.2676391601562 197.7864532470703 4.411591 1.4899848 1.6974796 -6.5582438 2.042582 61.44737 1.8264144659042358 0.6227936148643494
Car 0.0 0 -1.010416030883789 690.5287475585938 176.44158935546875 762.2001953125 212.99940490722656 3.5075893 1.5227091 1.5320419 5.198824 1.6924101 32.232132 -0.8505001068115234 0.5884606838226318
Car 0.0 0 -1.6453360319137573 598.48828125 182.1734161376953 648.92138671875 225.80101013183594 3.7463818 1.5043912 1.6395142 0.41795716 1.8862535 27.615932 -1.6302025318145752 0.530417799949646
Car 0.0 0 -0.9470061659812927 670.698486328125 176.1842041015625 735.995849609375 205.23782348632812 3.6873527 1.4665397 1.6336348 5.014173 1.654588 38.759 -0.8183527588844299 0.5253358483314514
