Pedestrian 0.0 0 1.4009993076324463 712.3002319335938 163.8095703125 731.6268310546875 207.97286987304688 0.7736897 1.6922897 0.61881053 4.3033514 1.346075 28.038008 1.5532937049865723 0.48943954706192017
Pedestrian 0.0 0 1.3125051259994507 794.9267578125 163.3057098388672 835.7003784179688 228.0718536376953 0.9449344 1.8457499 0.93089485 5.9271874 1.5739944 21.040115 1.5870977640151978 0.29529014229774475
Pedestrian 0.0 0 -3.0372793674468994 701.9620971679688 128.5028076171875 773.4142456054688 253.05718994140625 0.9689065 1.7354336 0.55274975 1.8026452 1.1178399 10.448144 -2.866428852081299 0.22760623693466187
Pedestrian 0.0 0 2.2063956260681152 1020.2681884765625 112.79086303710938 1147.926513671875 304.6098327636719 0.8264543 1.7046645 0.65373284 4.440223 1.1712509 6.8611507 2.7807676792144775 0.2009727954864502
Pedestrian 0.0 0 -1.7435235977172852 735.7711181640625 165.43101501464844 767.5858764648438 218.9913330078125 0.93352807 1.8559914 0.95401895 4.948142 1.5991255 25.476032 -1.5516847372055054 0.17715638875961304
Pedestrian 0.0 0 -0.733650803565979 1054.0362548828125 117.08466339111328 1109.0673828125 213.2563018798828 0.72614026 1.8235203 0.5294663 9.09017 0.76643 13.996861 -0.15766692161560059 0.13777682185173035
Pedestrian 0.0 0 2.3592922687530518 83.28923034667969 132.7852325439453 183.50637817382812 258.6831970214844 0.95550394 1.8122318 0.8376998 -7.251819 1.2358217 10.93576 1.773742914199829 0.13677382469177246
Pedestrian 0.0 0 -3.330977201461792 823.6139526367188 155.5169677734375 875.2990112304688 235.53482055664062 1.019297 1.7887745 0.63432205 5.415549 1.4015684 16.50646 -3.013956069946289 0.11411350965499878
Cyclist 0.0 0 1.8142004013061523 624.599365234375 168.65631103515625 638.08154296875 194.42298889160156 1.9181657 1.8389522 0.5355815 1.5326735 1.5397227 52.48873 1.8433921337127686 0.14894573390483856
Cyclist 0.0 0 1.4115684032440186 674.5972290039062 139.43545532226562 710.7529296875 212.87213134765625 1.7635137 1.7857901 0.63940704 2.042888 0.9734956 18.439514 1.5219069719314575 0.1362801194190979
Cyclist 0.0 0 -2.1427626609802246 1143.7313232421875 105.31625366210938 1242.0 244.21414184570312 1.7465807 1.7357818 0.54269516 8.116123 0.89213264 9.912687 -1.45668625831604 0.11719106882810593
Car 0.0 0 1.6171119213104248 535.5265502929688 178.43661499023438 565.9110107421875 205.96585083007812 3.9651906 1.6198865 1.7204298 -3.7104099 1.9861827 45.282047 1.5353546142578125 0.7835837006568909
Car 0.0 0 -1.5026897192001343 696.1790771484375 164.37991333007812 733.2675170898438 196.2301025390625 3.6530488 1.506334 1.5918878 5.2400727 1.1059155 36.07515 -1.3584442138671875 0.18577595055103302
Car 0.0 0 -1.6442564725875854 617.8577270507812 174.6866455078125 643.8277587890625 198.33995056152344 3.991775 1.6993898 1.6541756 1.50329 1.842534 54.183075 -1.6165189743041992 0.17021767795085907
