Pedestrian 0.0 0 0.9431706070899963 645.7569580078125 145.4447021484375 716.3167114257812 272.75469970703125 0.8974601 1.7218875 0.5832055 1.0264939 1.24943 10.092455 1.0445311069488525 0.7779049277305603
Pedestrian 0.0 0 1.302722692489624 481.0676574707031 141.8076629638672 514.9138793945312 212.33322143554688 0.8880319 1.78476 0.65846086 -2.832724 0.80718243 18.42776 1.1501960754394531 0.6965354084968567
Pedestrian 0.0 0 1.411441683769226 402.81744384765625 141.69630432128906 431.1683654785156 208.90187072753906 0.7892262 1.7061462 0.5944598 -4.9423084 0.72262985 18.426535 1.1493924856185913 0.6516180038452148
Pedestrian 0.0 0 1.4427248239517212 523.0114135742188 142.03692626953125 552.8124389648438 213.4774169921875 0.87259865 1.7694709 0.64669645 -1.753376 0.8183963 18.005014 1.3456482887268066 0.6188465356826782
Pedestrian 0.0 0 1.554502248764038 424.4147644042969 145.08145141601562 448.03399658203125 204.06103515625 0.9055931 1.8283826 0.7123409 -5.3951144 0.7319532 22.441103 1.3185676336288452 0.5754393935203552
Pedestrian 0.0 0 1.7260609865188599 452.40167236328125 150.1321563720703 479.9071350097656 213.10997009277344 0.9124622 1.7495853 0.63644904 -3.9745026 0.907513 20.106112 1.5309007167816162 0.5148097276687622
Pedestrian 0.0 0 0.9671737551689148 574.54150390625 133.12591552734375 656.2841186523438 264.3827209472656 0.94609815 1.7088857 0.72031724 0.08559948 1.0937774 9.7940035 0.9759135246276855 0.4928247630596161
Pedestrian 0.0 0 -2.044666051864624 269.945556640625 147.80975341796875 329.0049743652344 259.787353515625 0.6130566 1.7656027 0.6852066 -5.05822 1.2518165 11.602659 -2.455777645111084 0.4749760329723358
Pedestrian 0.0 0 -0.2754366993904114 581.041748046875 146.34490966796875 612.77685546875 216.00958251953125 0.6964375 1.8360035 0.6748529 -0.258803 0.9374364 19.05189 -0.28901997208595276 0.4255005121231079
Pedestrian 0.0 0 1.0169662237167358 429.3995361328125 146.751953125 462.48681640625 212.42527770996094 0.7442799 1.6988462 0.54502165 -4.2550197 0.8274364 18.741468 0.7937130928039551 0.4219420552253723
Pedestrian 0.0 0 1.4428220987319946 501.85540771484375 145.0015869140625 524.5496826171875 203.849609375 0.8976658 1.7607979 0.5773424 -2.8507035 0.70020807 21.658495 1.3119537830352783 0.40193265676498413
Pedestrian 0.0 0 1.3382929563522339 644.0548095703125 131.048583984375 698.8582153320312 246.60418701171875 1.0091461 1.7614859 0.6532154 1.0011038 1.0093268 11.319304 1.4265055656433105 0.39979273080825806
Pedestrian 0.0 0 1.4228527545928955 547.07861328125 139.0219268798828 578.0795288085938 208.9775848388672 0.85270184 1.7652527 0.6812874 -1.1439587 0.72019327 18.324686 1.3605064153671265 0.36538243293762207
Pedestrian 0.0 0 1.7401494979858398 508.508056640625 145.0222930908203 536.4210205078125 210.89695739746094 0.97489226 1.7765356 0.6142317 -2.3102753 0.82133967 19.565723 1.6226160526275635 0.3385489284992218
Pedestrian 0.0 0 -2.787594795227051 570.3306884765625 148.68370056152344 584.7296142578125 183.4832305908203 0.6520882 2.0187645 0.66972286 -1.6142699 0.17443793 41.431244 -2.826537609100342 0.31959256529808044
Pedestrian 0.0 0 -1.8173425197601318 240.7845458984375 139.626953125 288.7643127441406 248.85691833496094 0.5756 1.8043698 0.6166034 -5.867134 1.130839 12.093414 -2.269040584564209 0.3165159225463867
Pedestrian 0.0 0 -1.1544270515441895 15.49768352508545 153.79612731933594 57.36267852783203 224.76341247558594 0.7353045 1.8942689 0.6505221 -15.551968 1.1830688 19.306973 -1.8325190544128418 0.303169846534729
Cyclist 0.0 0 1.3382929563522339 644.0548095703125 131.048583984375 698.8582153320312 246.60418701171875 1.0091461 1.7614859 0.6532154 1.0011038 1.0093268 11.319304 1.4265055656433105 0.20908774435520172
Cyclist 0.0 0 1.4261345863342285 547.9183959960938 138.04067993164062 579.2860107421875 209.20957946777344 0.89717346 1.8042887 0.69147146 -1.1240574 0.72944367 18.43 1.3652193546295166 0.11554083973169327
Cyclist 0.0 0 1.4658194780349731 502.1250915527344 144.09690856933594 525.4022216796875 204.52578735351562 0.982135 1.8061842 0.6056474 -2.8367229 0.7196792 21.676416 1.3356921672821045 0.11120004951953888
Cyclist 0.0 0 -1.5783344507217407 584.4892578125 146.3639373779297 609.4638671875 216.1279296875 0.83149976 1.8389559 0.658572 -0.25641966 0.9407264 19.05518 -1.5917903184890747 0.10197499394416809
