Pedestrian 0.0 0 2.6353697776794434 179.59584045410156 183.6634979248047 215.84054565429688 232.1697235107422 0.91471714 1.6910293 0.6868357 -14.88174 2.0890803 25.974312 2.115084648132324 0.392441064119339
Pedestrian 0.0 0 -1.8852951526641846 830.6787719726562 152.19833374023438 856.8510131835938 204.95285034179688 0.9653082 1.8033044 0.5964844 8.09421 1.097591 25.1451 -1.5738695859909058 0.15409277379512787
Pedestrian 0.0 0 -1.763170838356018 810.6453857421875 170.32806396484375 827.0595092773438 209.34764099121094 0.6890067 1.6212019 0.54013145 8.738203 1.5166107 30.34291 -1.482776165008545 0.14278510212898254
Pedestrian 0.0 0 -1.9125308990478516 809.8135986328125 159.59170532226562 833.7786254882812 205.57421875 1.2826886 1.7473828 0.4906786 8.187478 1.2437598 28.070892 -1.628732442855835 0.12325036525726318
Pedestrian 0.0 0 1.4359822273254395 718.9214477539062 173.56593322753906 728.2399291992188 194.64755249023438 0.6080584 1.8049196 0.7165581 9.752716 1.866865 62.104794 1.5917465686798096 0.10966075211763382
Cyclist 0.0 0 0.1707364320755005 223.98898315429688 183.4972381591797 275.1478271484375 228.15655517578125 1.8192302 1.785518 0.49810416 -14.804174 2.229717 29.585253 -0.29322338104248047 0.7995690107345581
Cyclist 0.0 0 2.110689401626587 130.17822265625 187.8350372314453 157.10662841796875 217.52027893066406 1.6768857 1.7549529 0.61748755 -28.689342 2.6939857 44.358562 1.536595344543457 0.5112473964691162
Cyclist 0.0 0 3.098041296005249 182.54483032226562 183.62265014648438 215.0996551513672 232.68370056152344 0.9921209 1.7166919 0.64285576 -14.871584 2.1133852 26.016596 2.578751564025879 0.23965846002101898
Cyclist 0.0 0 -1.960912823677063 807.2738037109375 155.74209594726562 834.8458862304688 200.56129455566406 1.6299565 1.7006567 0.44488645 8.19498 1.0517061 28.210003 -1.6781951189041138 0.1616283506155014
Cyclist 0.0 0 -3.543215751647949 1109.1102294921875 143.54034423828125 1160.594482421875 188.00396728515625 1.6161106 1.816496 0.6159421 21.733402 0.619288 29.955845 -2.9155702590942383 0.11300630122423172
Car 0.0 0 -1.560620903968811 592.242431640625 175.0625 622.49609375 204.89498901367188 3.7312083 1.5962301 1.6306486 -0.16663809 1.7270555 40.751656 -1.564710021018982 0.8395067453384399
Car 0.0 0 -0.9776779413223267 1090.4591064453125 134.78952026367188 1210.6690673828125 173.0799102783203 4.730084 1.5538826 1.7837107 23.10512 0.0095259845 30.899378 -0.3356161117553711 0.11875507980585098
Car 0.0 0 2.0328967571258545 266.6432189941406 185.29010009765625 341.54071044921875 221.46807861328125 4.0092006 1.5599968 1.6926281 -14.597659 2.1917248 34.575478 1.633402705192566 0.10432881116867065
