Pedestrian 0.0 0 1.5360251665115356 608.5109252929688 170.5161895751953 636.83740234375 232.33204650878906 0.9662496 1.82798 0.82033414 0.6048394 1.5043023 21.725494 1.5638580322265625 0.72781902551651
Pedestrian 0.0 0 -1.4541581869125366 629.9677124023438 168.73526000976562 671.1737670898438 260.0291442871094 0.8805043 1.624488 0.6646451 0.878313 1.398624 13.272781 -1.3880804777145386 0.7063310742378235
Pedestrian 0.0 0 2.4565541744232178 420.2406921386719 176.88673400878906 464.0257568359375 246.42002868652344 0.7901684 1.7407787 0.7761295 -4.1408305 1.626469 18.531445 2.2367165088653564 0.6936891078948975
Pedestrian 0.0 0 2.132952928543091 398.6788024902344 173.49266052246094 437.5765380859375 242.38307189941406 0.8798174 1.7983024 0.64223224 -4.9400096 1.5904516 19.265762 1.8819468021392822 0.6658594608306885
Pedestrian 0.0 0 -1.7070097923278809 709.3541259765625 168.82217407226562 746.7485961914062 244.81488037109375 0.92450964 1.7926018 0.7712473 3.0238366 1.4947448 17.418001 -1.535118818283081 0.6536564230918884
Pedestrian 0.0 0 -1.5097094774246216 655.4102172851562 180.0115509033203 685.6220092773438 255.8539581298828 0.9620162 1.6668876 0.62806386 1.5416118 1.635395 16.30897 -1.415464162826538 0.638340413570404
Pedestrian 0.0 0 -1.5946201086044312 670.1013793945312 171.61776733398438 706.9091186523438 263.4526062011719 0.86944926 1.6308776 0.64728105 1.5499913 1.456654 13.217039 -1.4778810739517212 0.5972827672958374
Pedestrian 0.0 0 1.4668718576431274 738.8334350585938 174.3450469970703 767.7681884765625 240.48931884765625 0.84019166 1.7328463 0.6731166 4.033383 1.5465711 19.268618 1.673216462135315 0.4485100507736206
Pedestrian 0.0 0 0.7217532992362976 131.4445343017578 180.2414093017578 203.0338592529297 286.53216552734375 0.74032795 1.7570094 0.7490471 -7.4661922 1.7374926 12.305288 0.17638778686523438 0.44178861379623413
Pedestrian 0.0 0 -3.3692166805267334 941.6181030273438 153.76539611816406 1026.68359375 293.3119812011719 0.8562814 1.756288 0.675084 4.9767637 1.4085652 9.473103 -2.8854897022247314 0.3920000493526459
Pedestrian 0.0 0 1.940455436706543 288.4018859863281 175.8280792236328 312.2884826660156 227.02078247070312 0.57490104 1.8147391 0.6255441 -10.814813 1.6147316 25.75782 1.5429420471191406 0.3769782781600952
Pedestrian 0.0 0 1.368422269821167 721.3333129882812 172.01589965820312 749.2921142578125 229.70828247070312 0.9517369 1.7377436 0.6660348 4.085712 1.4531965 22.116589 1.5510979890823364 0.3588240146636963
Pedestrian 0.0 0 -1.7019671201705933 679.7463989257812 177.6103057861328 717.4480590820312 262.3440856933594 1.007664 1.6806167 0.63633686 1.9437679 1.6047157 14.748777 -1.5709304809570312 0.3165739178657532
Pedestrian 0.0 0 -1.5912361145019531 695.0280151367188 173.89712524414062 726.4136352539062 252.41107177734375 0.8663732 1.7004092 0.6710678 2.3919702 1.536976 16.027061 -1.4430840015411377 0.2946828305721283
Pedestrian 0.0 0 2.5347509384155273 1017.548828125 136.1476287841797 1124.747802734375 285.7411193847656 0.8322813 1.7427876 0.712533 5.641585 1.2157726 8.736079 3.108153820037842 0.28042539954185486
Pedestrian 0.0 0 -3.675644636154175 1118.9097900390625 117.63655090332031 1191.7674560546875 252.79905700683594 0.57886297 1.8329232 0.60811114 7.7085776 0.96820235 10.074923 -3.022533416748047 0.25461819767951965
Cyclist 0.0 0 1.4665147066116333 739.087890625 173.92266845703125 768.86669921875 240.94827270507812 0.89969575 1.7490513 0.6867272 4.0413685 1.55249 19.225277 1.6737091541290283 0.16176506876945496
Cyclist 0.0 0 -1.520922303199768 655.5292358398438 180.19239807128906 685.2363891601562 255.90908813476562 0.99804026 1.6638832 0.62588847 1.5401316 1.6363698 16.321636 -1.4268395900726318 0.13051140308380127
Cyclist 0.0 0 2.199305295944214 419.1077575683594 176.78952026367188 463.52301025390625 246.7418670654297 0.870033 1.7519858 0.7521084 -4.1575637 1.6351942 18.536882 1.978670597076416 0.10805502533912659
Cyclist 0.0 0 -1.5968071222305298 689.0379028320312 172.07272338867188 721.385009765625 252.92373657226562 0.95142317 1.7499734 0.6870613 2.2722208 1.5471509 16.057196 -1.4562325477600098 0.10192888975143433
Car 0.0 0 1.7122176885604858 535.212890625 182.58006286621094 575.3905029296875 212.58262634277344 3.9159222 1.5174584 1.6134247 -2.4228578 1.5791626 38.48774 1.6493492126464844 0.8354594111442566
