Pedestrian 0.0 0 1.8180456161499023 367.77001953125 180.72979736328125 395.314697265625 239.31044006347656 0.76101416 1.698709 0.613759 -6.8240356 1.9373176 21.425941 1.5097092390060425 0.30012452602386475
Cyclist 0.0 0 1.811894178390503 366.9145202636719 182.0339813232422 395.8179626464844 240.9394989013672 0.86404985 1.7014353 0.63213676 -6.829592 1.980253 21.431566 1.5033984184265137 0.10442257672548294
Car 0.0 0 -1.459357738494873 435.4859924316406 180.8185272216797 523.3551635742188 252.25350952148438 4.160862 1.4647169 1.6169567 -3.0679514 1.6805806 17.39347 -1.6339471340179443 0.9615108370780945
Car 0.0 0 1.6420133113861084 505.6026916503906 182.2405548095703 549.5908203125 218.0943603515625 3.8766153 1.3927926 1.6079453 -3.5247464 1.8224689 31.028349 1.5289006233215332 0.6104906797409058
Car 0.0 0 -1.7553530931472778 656.6434326171875 169.89854431152344 751.8598022460938 252.11819458007812 3.7090657 1.7705705 1.5946537 2.1101604 1.7072836 17.437122 -1.6349233388900757 0.5777663588523865
Car 0.0 0 -1.712274193763733 635.9744262695312 182.26089477539062 690.9432373046875 222.148681640625 4.0220637 1.360875 1.5306157 1.9312994 1.7485774 27.647053 -1.6425319910049438 0.495567262172699
Car 0.0 0 -1.566728949546814 539.1195068359375 179.2433319091797 562.353515625 202.15721130371094 3.8643212 1.5706601 1.6249949 -4.33765 2.0540483 52.5554 -1.64907705783844 0.48453426361083984
Car 0.0 0 -1.6707041263580322 612.6333618164062 177.48812866210938 637.603759765625 195.96177673339844 3.8199134 1.4067987 1.6247317 1.1569483 1.7916857 57.900005 -1.65072500705719 0.3361213207244873
Car 0.0 0 -1.728766918182373 656.1634521484375 183.361083984375 720.8062133789062 235.6508331298828 3.3711672 1.4858807 1.5120916 2.373816 1.8451256 22.918133 -1.6255568265914917 0.3187400996685028
Car 0.0 0 -1.5051791667938232 486.0965881347656 188.0182647705078 535.41064453125 230.66064453125 3.8006423 1.4120324 1.5973748 -3.722285 2.0257387 27.22957 -1.6410372257232666 0.2590397894382477
