Pedestrian 0.0 0 -2.339858055114746 885.5353393554688 138.5350341796875 966.4195556640625 256.9268798828125 0.8018346 1.6709793 0.7510614 4.6151843 1.1869602 10.68883 -1.9322618246078491 0.8408188819885254
Cyclist 0.0 0 1.810439944267273 407.456298828125 170.02464294433594 462.68359375 259.4190979003906 1.8044178 1.7411767 0.7072128 -3.6421845 1.6864259 14.953442 1.5715237855911255 0.9536315202713013
Cyclist 0.0 0 1.9607332944869995 253.38002014160156 174.33160400390625 385.619873046875 345.5692443847656 1.7937363 1.72835 0.7669241 -3.2739644 1.7473421 8.1961 1.580697774887085 0.9263834953308105
Car 0.0 0 -1.8358182907104492 712.2171020507812 174.28860473632812 870.5850830078125 283.62725830078125 3.3457613 1.4993687 1.6030695 2.6937485 1.5262556 11.638218 -1.6083663702011108 0.957789421081543
Car 0.0 0 -1.7218540906906128 674.93603515625 165.4760284423828 773.0422973632812 246.81455993652344 3.9597902 1.665592 1.6319736 2.4636915 1.514869 16.756393 -1.575870156288147 0.93861985206604
Car 0.0 0 2.168905735015869 0.0 198.5062255859375 309.9120788574219 375.0 4.3500094 1.5419737 1.6926914 -5.389164 1.9221236 8.479007 1.6027281284332275 0.8613036870956421
Car 0.0 0 1.9513890743255615 230.4998321533203 189.7889404296875 404.5727844238281 288.738037109375 3.924625 1.4828452 1.6340437 -5.2693353 1.84519 13.45206 1.578047752380371 0.8318941593170166
Car 0.0 0 1.7178224325180054 459.34539794921875 179.45834350585938 506.16107177734375 213.70306396484375 3.6670516 1.3677344 1.4844986 -5.5156035 1.67233 31.383005 1.543847918510437 0.7820756435394287
Car 0.0 0 1.650861382484436 527.6068725585938 166.3885040283203 554.212158203125 193.3015899658203 4.1056905 1.9331195 1.6567663 -5.149262 1.4690717 53.889263 1.5555979013442993 0.767318069934845
Car 0.0 0 -1.62814199924469 660.8450927734375 163.15245056152344 723.5721435546875 224.10028076171875 3.9336498 1.69246 1.6559038 2.3778112 1.4234159 22.03947 -1.5206689834594727 0.7438909411430359
Car 0.0 0 1.8259844779968262 407.2947998046875 176.40887451171875 483.306396484375 228.16763305664062 3.697927 1.5686693 1.5783353 -5.4272847 1.6964982 23.996338 1.6035553216934204 0.5054357051849365
Car 0.0 0 1.7925595045089722 343.5845947265625 182.99618530273438 442.72857666015625 248.84768676757812 3.8891249 1.4543766 1.6116081 -5.484308 1.7434019 18.540304 1.5049561262130737 0.49665263295173645
