Car 0.0 0 2.120941162109375 79.8145751953125 187.96347045898438 257.9200134277344 260.0953063964844 4.27911 1.4357485 1.6503617 -10.430119 1.845656 17.406929 1.5811148881912231 0.9363383054733276
Car 0.0 0 -1.6285452842712402 574.343017578125 167.300048828125 740.6995239257812 325.7307434082031 3.5974288 1.5768876 1.6601194 0.39466745 1.5219661 8.988896 -1.5846673250198364 0.9263562560081482
Car 0.0 0 1.8836429119110107 359.0771179199219 180.36068725585938 427.3439025878906 216.17416381835938 4.46357 1.5069748 1.7476892 -10.016781 1.879859 33.55317 1.5935311317443848 0.8415983319282532
Car 0.0 0 1.8283343315124512 407.6268005371094 176.15390014648438 455.5841979980469 208.41517639160156 3.960786 1.6794574 1.6231844 -9.850482 1.871696 39.959778 1.586643099784851 0.7665719389915466
Car 0.0 0 2.130471706390381 247.18515014648438 175.93905639648438 325.98199462890625 211.51219177246094 3.6266854 1.4850904 1.5313786 -14.450222 1.6319188 32.35184 1.710400104522705 0.7312517166137695
Car 0.0 0 1.8944445848464966 457.14373779296875 175.70484924316406 499.61932373046875 200.54818725585938 4.034002 1.6399661 1.7161007 -9.137738 1.8471818 50.23308 1.7145053148269653 0.6636403799057007
Car 0.0 0 1.9473779201507568 515.8334350585938 175.10536193847656 550.3451538085938 193.366455078125 3.9317803 1.51909 1.6511395 -6.6605806 1.7215579 62.656555 1.8414726257324219 0.6429963707923889
Car 0.0 0 -1.1569759845733643 718.9695434570312 169.66098022460938 824.6316528320312 222.26341247558594 4.228695 1.5023564 1.6985343 5.1573105 1.4115199 22.810087 -0.9346168637275696 0.6018308401107788
Car 0.0 0 2.4427356719970703 0.0 176.70062255859375 53.673091888427734 309.1810607910156 3.8208323 1.5703685 1.5962832 -10.630715 1.6379641 10.637049 1.6576353311538696 0.5875807404518127
Car 0.0 0 -1.0145918130874634 686.1307983398438 171.1274871826172 752.5377197265625 204.9897003173828 3.3850515 1.4956905 1.5018678 5.0957327 1.4197882 33.642357 -0.8642666935920715 0.5207347869873047
Car 0.0 0 -1.3799169063568115 970.0109252929688 147.40635681152344 1242.0 375.0 3.6812346 1.443039 1.5737735 4.1274323 1.3251415 5.1409307 -0.7034363746643066 0.489897221326828
