Pedestrian 0.0 0 -0.4194135367870331 908.13720703125 175.86434936523438 947.5076293945312 246.73834228515625 0.74045986 1.7994367 0.62507516 8.16296 1.8789663 18.65844 -0.007007922045886517 0.33077070116996765
Pedestrian 0.0 0 -0.6339014172554016 1082.72119140625 130.7952117919922 1171.3916015625 239.1841278076172 1.0581322 1.8598691 0.70967364 9.059177 1.138531 12.741445 -0.01583043858408928 0.17095571756362915
Pedestrian 0.0 0 1.3948147296905518 1010.1722412109375 165.7818145751953 1038.707275390625 208.09539794921875 0.912516 1.8679656 0.96634173 18.584364 1.556117 32.44264 1.915022373199463 0.15387460589408875
Pedestrian 0.0 0 1.411548376083374 774.2529907226562 166.00807189941406 797.9901733398438 219.42063903808594 1.6011374 1.7675331 0.5379284 5.9699225 1.5413452 24.693523 1.6487574577331543 0.10709040611982346
Pedestrian 0.0 0 -2.457150936126709 489.4500732421875 159.6838836669922 508.1654052734375 193.82431030273438 0.8070263 1.8795973 0.64135265 -6.230126 1.1548755 40.202225 -2.6108975410461426 0.10418924689292908
Cyclist 0.0 0 1.9473628997802734 253.45541381835938 183.2019500732422 271.34771728515625 209.09605407714844 1.5901589 1.815152 0.6229022 -25.091217 2.5736337 52.04383 1.4981237649917603 0.3739273250102997
Cyclist 0.0 0 -1.6622267961502075 731.2130737304688 161.30335998535156 750.2347412109375 202.5838623046875 1.7299055 1.7282331 0.6476681 5.5814266 1.2450166 31.094471 -1.484619140625 0.3332904279232025
Cyclist 0.0 0 1.4576278924942017 775.2689208984375 165.30148315429688 798.1017456054688 219.555908203125 1.5826095 1.7934206 0.5790565 5.9837775 1.5441246 24.669405 1.6955907344818115 0.11678027361631393
Car 0.0 0 2.0299384593963623 100.96691131591797 197.6049041748047 301.86761474609375 291.16253662109375 4.3008494 1.4212763 1.6956615 -7.845584 1.9871674 14.299014 1.5281091928482056 0.9092229008674622
Car 0.0 0 -1.5125281810760498 589.82666015625 181.63035583496094 624.3609619140625 213.84228515625 3.69615 1.6174638 1.6629791 -0.15055293 2.1170328 39.148735 -1.516373872756958 0.8095475435256958
Car 0.0 0 1.2073253393173218 700.7505493164062 175.3043670654297 749.8837890625 202.42532348632812 3.6942892 1.4762887 1.5790699 6.5584 1.6246183 41.599068 1.3636956214904785 0.14161118865013123
Car 0.0 0 -1.441704273223877 431.9689636230469 183.78045654296875 480.9793701171875 222.29103088378906 3.7479315 1.493287 1.5903932 -6.572594 1.9924223 31.003006 -1.6506098508834839 0.11364235728979111
