Pedestrian 0.0 0 -0.5312086939811707 1007.184814453125 202.35928344726562 1082.8653564453125 277.1572570800781 1.4238231 1.6862139 0.55098933 10.046383 2.3838427 16.767076 0.008602619171142578 0.1937943696975708
Pedestrian 0.0 0 -1.957625150680542 1104.9501953125 170.33584594726562 1242.0 375.0 0.64693505 1.6708561 0.6764323 3.168864 1.6588184 3.9553852 -1.2821823358535767 0.1885407716035843
Pedestrian 0.0 0 -0.18244925141334534 525.0696411132812 171.66775512695312 534.0545043945312 196.07357788085938 0.5356573 1.7660067 0.6820847 -5.8947954 1.6805261 52.61176 -0.2940272092819214 0.1193733811378479
Pedestrian 0.0 0 -1.3351988792419434 276.2552795410156 156.74317932128906 294.7119140625 194.70086669921875 1.0174057 1.8136469 0.5975275 -15.786843 1.044218 35.028408 -1.7586238384246826 0.10683055967092514
Cyclist 0.0 0 -3.6607370376586914 1005.4569702148438 200.30189514160156 1090.3604736328125 276.2633972167969 1.6127222 1.709628 0.57909447 10.110462 2.3596823 16.76779 -3.1181371212005615 0.2231322079896927
Car 0.0 0 -1.4847431182861328 525.1825561523438 179.14328002929688 563.5682373046875 209.37518310546875 3.55002 1.4116285 1.6206007 -3.2837207 1.743109 36.206802 -1.5751891136169434 0.9497766494750977
Car 0.0 0 -1.5742143392562866 581.0853881835938 180.7415771484375 624.1380004882812 217.22308349609375 3.4317307 1.3550626 1.6444393 -0.35130605 1.694353 29.27363 -1.586214542388916 0.9394434094429016
Car 0.0 0 1.7878870964050293 424.7665100097656 176.99046325683594 458.388671875 198.9943389892578 3.715377 1.4916579 1.5742201 -12.002026 1.7978594 51.479733 1.5588377714157104 0.5977871417999268
Car 0.0 0 1.8490121364593506 40.06734848022461 187.40512084960938 98.10128021240234 217.21888732910156 4.1553135 1.5716591 1.6538727 -31.771276 2.4732907 42.452263 1.2065356969833374 0.14685343205928802
Car 0.0 0 -1.4998078346252441 608.107666015625 169.15374755859375 632.0855712890625 189.86216735839844 3.3713255 1.5481875 1.6173912 0.7802343 1.2719096 55.688572 -1.4857981204986572 0.1098749041557312
Car 0.0 0 0.8916382789611816 749.9056396484375 189.36053466796875 796.9539184570312 210.53468322753906 4.0100784 1.6069483 1.6873947 13.592211 3.036827 60.31333 1.113295316696167 0.10626593977212906
