Pedestrian 0.0 0 -1.1913986206054688 37.266387939453125 166.0002899169922 90.57884979248047 229.05056762695312 1.6827698 1.719727 0.6357742 -15.586537 1.5331469 20.57315 -1.839755892753601 0.14223189651966095
Cyclist 0.0 0 1.987653136253357 143.2766571044922 185.142578125 187.85723876953125 241.27828979492188 1.7007313 1.6608692 0.54986423 -13.947306 2.0613322 22.610106 1.4349275827407837 0.27306535840034485
Cyclist 0.0 0 -1.1913986206054688 37.266387939453125 166.0002899169922 90.57884979248047 229.05056762695312 1.6827698 1.719727 0.6357742 -15.586537 1.5331469 20.57315 -1.839755892753601 0.21955187618732452
Car 0.0 0 1.9195061922073364 339.3760070800781 181.8940887451172 422.992431640625 225.8252716064453 4.0689454 1.4347159 1.6275284 -8.326572 1.792801 26.481005 1.614858865737915 0.9525686502456665
Car 0.0 0 1.8372058868408203 411.4515380859375 177.0260467529297 467.0478820800781 212.1299591064453 3.8009427 1.5014493 1.5459279 -7.834884 1.705177 33.242752 1.6057429313659668 0.7734527587890625
Car 0.0 0 2.0734407901763916 152.78561401367188 181.7454071044922 313.0787658691406 265.3835754394531 3.9700375 1.701577 1.6416388 -8.775234 1.937571 17.111296 1.5995796918869019 0.7586432099342346
Car 0.0 0 1.75486159324646 470.9761962890625 177.91329956054688 511.8816223144531 206.12669372558594 4.240425 1.5724351 1.664423 -7.0596538 1.890123 43.115753 1.592564582824707 0.7360535860061646
Car 0.0 0 1.9173414707183838 443.03399658203125 181.6061553955078 493.6462097167969 211.37408447265625 3.5824573 1.4582666 1.5126655 -7.5059166 1.9465697 38.33832 1.724005937576294 0.7338448166847229
Car 0.0 0 2.449604034423828 0.0 153.75535583496094 73.77251434326172 332.7425231933594 3.933197 1.7243694 1.6505169 -9.121784 1.5407302 8.978458 1.656287670135498 0.4100310802459717
Car 0.0 0 1.7641899585723877 513.5332641601562 178.33567810058594 544.1988525390625 198.8024444580078 3.7048678 1.4102875 1.5418853 -5.9100904 1.8251435 52.647438 1.6524001359939575 0.2440572828054428
