Pedestrian 0.0 0 -1.247795581817627 57.619293212890625 144.34774780273438 149.3339385986328 295.4815979003906 0.8930635 1.6968092 0.6470992 -6.01619 1.2926068 8.454593 -1.8662567138671875 0.6913395524024963
Pedestrian 0.0 0 1.797764539718628 262.3581237792969 143.644775390625 354.7787170410156 321.8631591796875 0.7894542 1.6310899 0.6765878 -2.9226906 1.2954832 6.913146 1.3977818489074707 0.6833232045173645
Pedestrian 0.0 0 1.9927480220794678 0.0 195.57017517089844 49.041805267333984 296.6502990722656 0.86000264 1.5800334 0.51587206 -9.741361 1.8409405 11.675094 1.2973976135253906 0.4239649176597595
Pedestrian 0.0 0 3.3498051166534424 425.95806884765625 129.71592712402344 488.1247863769531 242.24276733398438 0.83754224 1.7702017 0.8578508 -2.4439719 0.97295475 11.546955 3.141228199005127 0.39773067831993103
Pedestrian 0.0 0 -2.9269261360168457 1027.880615234375 177.69134521484375 1050.7137451171875 220.02252197265625 0.69653815 1.8018597 0.7610445 18.782806 1.6837856 30.606823 -2.3765082359313965 0.3963192105293274
Pedestrian 0.0 0 0.781113862991333 658.0493774414062 168.6486358642578 675.0802612304688 207.64279174804688 0.49883327 1.8533709 0.6561076 2.9451678 1.2915286 34.003098 0.8675129413604736 0.38907963037490845
Pedestrian 0.0 0 -1.4735873937606812 137.94522094726562 159.97796630859375 202.96832275390625 300.08673095703125 0.8816784 1.6373353 0.6092537 -5.4285192 1.3991942 8.787672 -2.0269508361816406 0.367713987827301
Pedestrian 0.0 0 -3.1412353515625 1062.4554443359375 188.35369873046875 1087.6180419921875 231.3621368408203 0.87760717 1.774833 0.7925865 19.890522 2.115456 29.954865 -2.555069923400879 0.34063369035720825
Pedestrian 0.0 0 1.571047067642212 570.4525146484375 160.2437744140625 599.4381103515625 229.3568572998047 0.91023 1.7888058 0.7504037 -0.56951934 1.2661171 18.761292 1.5407003164291382 0.3020574748516083
Pedestrian 0.0 0 1.266090989112854 673.8046264648438 171.3856201171875 689.1947021484375 208.44000244140625 0.562176 1.7204162 0.5746296 3.5679946 1.2986935 33.15496 1.3732941150665283 0.288814902305603
Cyclist 0.0 0 -0.15139666199684143 424.36822509765625 166.70175170898438 588.152099609375 322.8103332519531 1.7067302 1.5943186 0.5932583 -1.1372191 1.4550914 7.749489 -0.2971042990684509 0.5183890461921692
Cyclist 0.0 0 1.7273499965667725 1081.31787109375 183.59365844726562 1117.8997802734375 249.3380889892578 1.7225578 1.7853352 0.59296596 14.040028 1.8784791 20.09916 2.3370940685272217 0.4767496883869171
Cyclist 0.0 0 1.8608112335205078 907.573486328125 176.81295776367188 984.466552734375 298.04522705078125 1.8128381 1.7629514 0.6026028 5.3597436 1.7109988 11.1501465 2.3088903427124023 0.4447622001171112
Cyclist 0.0 0 0.24321633577346802 959.2161254882812 174.22274780273438 1037.6805419921875 243.51829528808594 1.8012671 1.8093632 0.4898355 10.654744 1.6470467 19.249153 0.7487561702728271 0.4203864336013794
Cyclist 0.0 0 -2.0739564895629883 1105.6925048828125 188.5247039794922 1134.724365234375 220.26467895507812 1.5131216 1.703068 0.64702594 28.486479 2.157534 39.124107 -1.4446157217025757 0.2856605052947998
Cyclist 0.0 0 -1.3536027669906616 644.183349609375 169.53968811035156 682.2959594726562 242.03330993652344 1.7496454 1.7679456 0.6169318 1.4799048 1.5022488 18.165115 -1.2723126411437988 0.26341602206230164
Cyclist 0.0 0 1.7824163436889648 422.6784973144531 130.51133728027344 490.07275390625 242.39622497558594 0.9026927 1.7516558 0.90799123 -2.445976 0.97069633 11.516906 1.5731444358825684 0.20080237090587616
Cyclist 0.0 0 0.013490617275238037 1057.780029296875 188.94532775878906 1082.7508544921875 230.79336547851562 0.8754337 1.7292356 0.7660269 19.72485 2.0958343 30.000986 0.5951015949249268 0.11474356055259705
Car 0.0 0 -1.0328989028930664 680.9175415039062 187.23501586914062 868.0731811523438 284.83978271484375 3.4741454 1.3981937 1.5654913 2.96225 1.5327033 12.157428 -0.793898344039917 0.3322710394859314
Car 0.0 0 0.16945697367191315 489.27032470703125 182.72259521484375 676.8428955078125 265.9356384277344 3.704691 1.6114169 1.6677542 -0.42654213 1.6630745 14.830215 0.1407032012939453 0.327252596616745
Car 0.0 0 -2.282909393310547 318.11962890625 173.3904571533203 408.37969970703125 208.37193298339844 4.1828756 1.5521106 1.6747998 -11.372509 1.2381305 33.143692 -2.6134486198425293 0.24661998450756073
