Pedestrian 0.0 0 2.142359495162964 0.0 164.081787109375 92.07008361816406 301.5502014160156 0.9080133 1.7895039 0.629288 -7.757612 1.6756687 9.871587 1.4763047695159912 0.8142206072807312
Pedestrian 0.0 0 0.7435024380683899 40.66536331176758 156.98963928222656 144.0204315185547 308.1552734375 0.76466566 1.7640563 0.6826905 -6.3499413 1.5792819 8.801535 0.11851954460144043 0.7590337991714478
Pedestrian 0.0 0 2.400683879852295 868.744140625 134.04525756835938 995.36474609375 335.505126953125 0.710626 1.6594607 0.7438402 2.7846844 1.3401442 6.407884 2.810633659362793 0.6844358444213867
Pedestrian 0.0 0 0.6732063889503479 105.66828918457031 151.3929443359375 192.89962768554688 284.4485778808594 0.819911 1.8147053 0.6393614 -6.5502663 1.5223622 10.197943 0.10225439071655273 0.5474860668182373
Pedestrian 0.0 0 -3.6731016635894775 975.8638305664062 101.74236297607422 1124.519287109375 287.78424072265625 1.1149744 1.836155 0.69573206 4.467717 1.1346711 7.4705486 -3.1341216564178467 0.496990442276001
Pedestrian 0.0 0 2.6692984104156494 901.5494384765625 139.19635009765625 1008.409423828125 299.6741638183594 0.9555778 1.804486 0.60334605 3.9550767 1.4263818 8.428073 3.108064651489258 0.4434194266796112
Pedestrian 0.0 0 1.2626540660858154 845.888427734375 170.79605102539062 875.9638671875 220.00901794433594 0.8192396 1.6707879 0.76705843 8.611315 1.6012783 24.912523 1.5954591035842896 0.4386918544769287
Pedestrian 0.0 0 0.583072304725647 177.2577667236328 168.69537353515625 224.47012329101562 244.28701782226562 0.77573234 1.7313781 0.56474715 -9.586308 1.6364856 16.830704 0.06532645225524902 0.43375346064567566
Pedestrian 0.0 0 0.4591670036315918 301.3179016113281 179.13714599609375 337.4828186035156 233.75428771972656 0.83165616 1.6994256 0.7254914 -9.274246 1.9029138 22.931282 0.07484197616577148 0.4232841432094574
Pedestrian 0.0 0 -1.6522793769836426 839.2261352539062 187.4285430908203 907.2981567382812 312.6177673339844 0.6006274 1.5707685 0.7950807 3.4073856 1.771718 9.534944 -1.3090648651123047 0.38061511516571045
Cyclist 0.0 0 1.8596735000610352 401.34393310546875 161.7324981689453 446.9358215332031 237.91494750976562 1.8881518 1.8049557 0.59395665 -4.668612 1.5418172 18.046394 1.606523036956787 0.8791849613189697
Cyclist 0.0 0 2.0239546298980713 418.07318115234375 164.73924255371094 464.1786193847656 229.67005920410156 1.8427289 1.7871199 0.5459431 -4.8927646 1.5641321 20.815334 1.793089747428894 0.8717820644378662
Cyclist 0.0 0 -0.8330144882202148 601.3680419921875 169.69557189941406 641.29345703125 212.87750244140625 1.8342247 1.7595085 0.59819716 0.4469163 1.6311718 30.271204 -0.8182517886161804 0.6234630942344666
Cyclist 0.0 0 -0.03190004825592041 791.05517578125 166.30833435058594 820.4688110351562 195.27117919921875 1.8158042 1.8524615 0.62181115 12.617925 1.434159 46.658257 0.23221516609191895 0.3632240295410156
Cyclist 0.0 0 -1.7890806198120117 119.86839294433594 150.4552001953125 158.71524047851562 200.9203643798828 1.7496151 1.6910241 0.76672024 -16.403942 0.94082665 25.060322 -2.3686676025390625 0.34600284695625305
Car 0.0 0 -2.644584894180298 430.5271301269531 174.1118927001953 499.50469970703125 200.85134887695312 3.8861582 1.6034374 1.6311911 -9.013455 1.6841558 44.742027 -2.8433780670166016 0.4921245872974396
Car 0.0 0 -2.405660629272461 310.9516906738281 183.69708251953125 395.6133117675781 218.12631225585938 3.7537835 1.5582222 1.6256949 -12.507656 2.1074152 35.048836 -2.74843692779541 0.3463916480541229
