Pedestrian 0.0 0 2.6239848136901855 972.0398559570312 148.0486297607422 1022.5585327148438 213.29322814941406 1.1229062 1.8100613 0.56008637 10.846443 1.1222514 20.30981 3.114499568939209 0.20418545603752136
Pedestrian 0.0 0 -0.9225658178329468 963.5950317382812 136.33766174316406 1001.1084594726562 202.46820068359375 0.80438405 1.8841888 0.6087422 10.790883 0.8441245 21.003824 -0.44797250628471375 0.1307544857263565
Pedestrian 0.0 0 1.4733229875564575 700.8287353515625 148.52574157714844 723.1295776367188 204.47239685058594 0.89640933 1.8855116 0.6720221 3.4502823 1.0659598 24.776045 1.611691951751709 0.11892251670360565
Cyclist 0.0 0 -1.8867080211639404 899.0633544921875 155.04071044921875 978.256103515625 277.1315612792969 2.0950704 1.8855097 0.58333915 5.4527946 1.610768 12.212478 -1.4667737483978271 0.722510576248169
Cyclist 0.0 0 0.6410760283470154 843.4906005859375 175.37916564941406 873.3983154296875 204.76693725585938 1.739765 1.8018959 0.63485146 15.551999 1.9639046 45.28964 0.9718499183654785 0.17193001508712769
Cyclist 0.0 0 2.6239848136901855 972.0398559570312 148.0486297607422 1022.5585327148438 213.29322814941406 1.1229062 1.8100613 0.56008637 10.846443 1.1222514 20.30981 3.114499568939209 0.10108791291713715
Car 0.0 0 -1.6147512197494507 589.3699951171875 179.04861450195312 631.47998046875 219.70838928222656 3.0477576 1.627205 1.6618441 -0.06606507 1.9063494 30.909256 -1.6168886423110962 0.7906242609024048
Car 0.0 0 1.8255491256713867 426.115966796875 189.2458038330078 461.005126953125 210.02374267578125 4.1588526 1.5309986 1.7705901 -13.48929 2.910162 58.586056 1.5992457866668701 0.42416277527809143
Car 0.0 0 1.628244161605835 467.8934631347656 190.55682373046875 494.4931335449219 214.61422729492188 3.9997158 1.6306403 1.7372164 -9.64068 3.0088384 54.06695 1.4517886638641357 0.16555152833461761
Car 0.0 0 -1.62994384765625 677.4881591796875 182.06546020507812 698.4484252929688 198.3708038330078 3.6697874 1.2847149 1.5375257 6.523614 2.0855515 60.829674 -1.5231082439422607 0.10180960595607758
