Car 0.0 0 -1.8795887231826782 729.216552734375 190.1959991455078 948.9732055664062 335.8274841308594 3.6993296 1.47518 1.6539439 2.7267058 1.7521116 9.628662 -1.6036278009414673 0.9602875113487244
Car 0.0 0 0.4570466876029968 112.84381866455078 164.76248168945312 379.8033447265625 268.03533935546875 3.9890878 1.7445258 1.6389706 -6.4590583 1.6081985 13.012596 -0.0036924518644809723 0.9238940477371216
Car 0.0 0 -1.7035553455352783 665.263671875 177.91148376464844 743.7206420898438 243.93186950683594 3.8756895 1.6813483 1.6965367 2.5481853 1.8398767 20.61694 -1.5805822610855103 0.9199449419975281
Car 0.0 0 0.6987326145172119 0.0 185.69512939453125 261.9476013183594 337.71282958984375 4.0607085 1.5022053 1.6616814 -6.4244137 1.6640729 8.175633 0.03271031379699707 0.9171400666236877
Car 0.0 0 3.400167942047119 305.00238037109375 181.22030639648438 462.7164306640625 240.48126220703125 4.020555 1.6018537 1.669505 -6.4291387 1.8527061 20.68063 3.098762035369873 0.7928301692008972
Car 0.0 0 3.302445888519287 445.76849365234375 174.7675018310547 512.1212768554688 209.4100799560547 3.327145 1.8352318 1.6230596 -7.1099434 1.9416761 39.157272 3.122828722000122 0.7473819851875305
Car 0.0 0 -1.7199959754943848 652.93408203125 181.36683654785156 713.60400390625 226.6604766845703 4.0118556 1.497124 1.6326576 2.5817192 1.8362186 26.662024 -1.6234655380249023 0.7453688979148865
Car 0.0 0 -1.6916214227676392 639.874267578125 178.84898376464844 679.9888916015625 213.1400604248047 3.387939 1.5847573 1.5729703 2.3856385 1.8960239 35.6833 -1.624864935874939 0.726958692073822
Car 0.0 0 0.33307889103889465 276.0921325683594 187.189697265625 445.3092956542969 254.25247192382812 3.6875575 1.5734823 1.597202 -6.2011933 1.9489403 18.073307 0.0025522708892822266 0.5690348148345947
Car 0.0 0 3.5175981521606445 213.24705505371094 189.83892822265625 412.5860900878906 267.2952575683594 3.6268475 1.5377961 1.6021012 -6.321576 1.9225104 15.503865 3.1304354667663574 0.5458508729934692
