Pedestrian 0.0 0 0.9864438772201538 842.3177490234375 150.26129150390625 932.83740234375 284.73492431640625 0.9921382 1.7229055 0.71650183 3.6938713 1.4338006 9.805024 1.3467326164245605 0.8143502473831177
Pedestrian 0.0 0 1.5627224445343018 325.3734130859375 159.4696502685547 393.50811767578125 320.5756530761719 0.77561086 1.7180974 0.6972321 -2.895256 1.5757195 8.175541 1.222367525100708 0.7839134931564331
Pedestrian 0.0 0 1.7327804565429688 109.62604522705078 148.6551513671875 252.37149047851562 375.0 0.689249 1.625537 0.68410146 -2.755885 1.4861373 4.6107087 1.1940436363220215 0.6757140159606934
Pedestrian 0.0 0 -1.4548206329345703 395.988525390625 176.4816131591797 444.3932189941406 277.5238952636719 0.86759967 1.6402159 0.7003364 -3.2526803 1.7044563 12.223973 -1.7148847579956055 0.6578213572502136
Pedestrian 0.0 0 2.0683062076568604 441.7931823730469 178.128173828125 467.1905517578125 228.91700744628906 0.7973321 1.6855351 0.52740747 -5.319148 1.8682952 24.49437 1.8544683456420898 0.5154236555099487
Pedestrian 0.0 0 -1.988559603691101 783.6406860351562 151.7024688720703 816.0170288085938 221.3195037841797 0.7130344 1.8220515 0.5975198 5.018737 1.2688212 19.282003 -1.7339284420013428 0.42065897583961487
Pedestrian 0.0 0 1.3781158924102783 585.199951171875 174.93136596679688 604.447998046875 219.3083953857422 0.8515564 1.776982 0.6317456 -0.6653401 1.8634373 29.41836 1.3555032014846802 0.3779010474681854
Pedestrian 0.0 0 1.6069316864013672 430.77899169921875 171.6751708984375 447.6847839355469 223.6571502685547 0.7695297 1.7502122 0.53793794 -5.891201 1.7108797 24.721258 1.3729898929595947 0.37369903922080994
Pedestrian 0.0 0 -2.1967906951904297 895.9684448242188 154.04840087890625 992.2799072265625 289.38677978515625 0.962449 1.74231 0.7712285 4.4749246 1.5005697 9.834084 -1.7697515487670898 0.27692127227783203
Pedestrian 0.0 0 3.054943561553955 268.811767578125 148.1058349609375 357.4002990722656 292.46240234375 1.0140412 1.7769145 0.61080885 -3.9189072 1.4726421 9.38452 2.6593637466430664 0.24070528149604797
Pedestrian 0.0 0 1.5478029251098633 833.7446899414062 175.3743438720703 866.4885864257812 256.7760925292969 1.639525 1.6933295 0.641534 5.2350354 1.7524366 15.938679 1.8651506900787354 0.22135032713413239
Pedestrian 0.0 0 1.6615853309631348 464.1394958496094 177.91452026367188 476.4512634277344 206.38787841796875 1.5510731 1.6031945 0.5623566 -8.103576 1.9017011 41.7078 1.469682216644287 0.15770916640758514
Pedestrian 0.0 0 1.91560697555542 193.6204833984375 204.35279846191406 309.4587707519531 375.0 1.6312258 1.56419 0.5495174 -3.6822546 1.9259417 7.433875 1.4556987285614014 0.10256793349981308
Cyclist 0.0 0 1.6436063051223755 464.2953186035156 177.95777893066406 476.44158935546875 206.39096069335938 1.6809262 1.5969689 0.57059866 -8.097952 1.8984745 41.703064 1.4518119096755981 0.6226043105125427
Cyclist 0.0 0 1.8944873809814453 194.3173065185547 203.0111083984375 309.5099182128906 375.0 1.6715788 1.577 0.56304336 -3.687009 1.9252369 7.4544144 1.4351630210876465 0.4273499548435211
Cyclist 0.0 0 1.525221586227417 834.2385864257812 178.25070190429688 867.3488159179688 257.7626037597656 1.6525004 1.6441398 0.61080796 5.241608 1.770115 15.914291 1.8433963060379028 0.3414759933948517
Cyclist 0.0 0 1.6317031383514404 430.1272888183594 171.5 448.0770568847656 223.99099731445312 0.86303943 1.7628723 0.5483343 -5.8902316 1.7177571 24.70188 1.3976216316223145 0.13383027911186218
Car 0.0 0 1.7349669933319092 298.2149353027344 178.73794555664062 337.2772521972656 205.7581024169922 3.7004158 1.5144061 1.5893141 -17.510658 1.8838516 43.278606 1.3504987955093384 0.6958401799201965
