Pedestrian 0.0 0 -0.9702333807945251 227.34600830078125 171.22096252441406 259.3766174316406 210.39154052734375 1.4159936 1.7476877 0.6114776 -16.760317 1.6751838 32.93197 -1.4410054683685303 0.18134793639183044
Pedestrian 0.0 0 -3.690886974334717 1191.1815185546875 138.68722534179688 1242.0 210.72315979003906 1.0134835 1.7639483 0.6041113 15.242669 0.9276626 18.041 -2.9893667697906494 0.11641820520162582
Pedestrian 0.0 0 -1.2072837352752686 152.0860595703125 185.91583251953125 191.69032287597656 242.6403350830078 1.1711547 1.676365 0.67318463 -13.541168 2.0911138 22.25117 -1.7539734840393066 0.10276029258966446
Cyclist 0.0 0 -0.9273704290390015 226.7747039794922 171.01622009277344 257.0962219238281 210.17715454101562 1.2508613 1.7481781 0.6016828 -16.799114 1.666496 32.87482 -1.3997812271118164 0.1829630434513092
Cyclist 0.0 0 -3.5379035472869873 1175.131591796875 141.32203674316406 1242.0 213.62353515625 1.3359268 1.76468 0.59982365 15.051443 0.9954301 18.090616 -2.8439509868621826 0.13704749941825867
Cyclist 0.0 0 -3.600292205810547 1028.2845458984375 189.4071807861328 1100.475341796875 252.22589111328125 1.6457118 1.741748 0.6048161 12.90106 2.223323 20.589197 -3.0405476093292236 0.1342291235923767
Car 0.0 0 -1.5715136528015137 583.306884765625 174.22589111328125 601.725341796875 190.26832580566406 3.453763 1.3339229 1.5391804 -1.5280052 1.4555589 62.03725 -1.5961390733718872 0.5589613914489746
Car 0.0 0 2.4163496494293213 195.4805908203125 189.19561767578125 287.75994873046875 223.0004119873047 4.05508 1.518385 1.734746 -18.696793 2.400864 36.741547 1.9456285238265991 0.1619640290737152
Car 0.0 0 1.5170443058013916 50.197044372558594 192.29713439941406 104.13033294677734 231.23817443847656 4.059778 1.498984 1.700004 -23.69711 2.417924 31.980282 0.8793337345123291 0.11678210645914078
Car 0.0 0 1.6341060400009155 782.9722290039062 185.6516876220703 807.2354736328125 205.5260772705078 3.9685993 1.595836 1.8025998 16.139877 2.7500958 62.888905 1.885325312614441 0.11050131171941757
Car 0.0 0 0.9265843033790588 1068.1641845703125 187.3625030517578 1127.8843994140625 209.65818786621094 3.7590737 1.5140144 1.7514123 36.02802 2.6271536 53.4166 1.5199713706970215 0.10066249966621399
