Pedestrian 0.0 0 -2.221184730529785 997.2539672851562 105.76567840576172 1167.8466796875 321.5481262207031 0.9507002 1.8560513 0.9305129 4.375473 1.2060076 6.683174 -1.6415127515792847 0.8844127655029297
Pedestrian 0.0 0 -1.4682018756866455 578.564208984375 158.4750518798828 615.8271484375 228.95492553710938 0.98467535 1.6961921 0.830187 -0.1272905 1.143262 17.814732 -1.4753470420837402 0.8373826742172241
Pedestrian 0.0 0 -1.5565851926803589 669.5961303710938 164.093017578125 696.5695190429688 226.05174255371094 0.9287487 1.6654348 0.7220204 2.2257888 1.1987015 19.812132 -1.4447095394134521 0.8291817903518677
Pedestrian 0.0 0 1.3891657590866089 488.59710693359375 161.33834838867188 537.2698364257812 255.77175903320312 0.7642913 1.7302662 0.7897541 -1.7293704 1.3621181 13.642952 1.2630789279937744 0.6853819489479065
Pedestrian 0.0 0 1.5891392230987549 932.2850341796875 129.65121459960938 1087.8779296875 374.0 0.90165997 1.6541551 0.8357839 2.67674 1.3500569 4.8296204 2.0952272415161133 0.6715496778488159
Pedestrian 0.0 0 -1.7746522426605225 624.1793823242188 159.8534393310547 660.1338500976562 226.89813232421875 0.92647237 1.7079973 0.76567477 1.0241933 1.157719 18.812407 -1.7202634811401367 0.6210994720458984
Pedestrian 0.0 0 -1.7587672472000122 606.8950805664062 160.73361206054688 636.2020263671875 213.56129455566406 1.0079384 1.8642076 0.8819326 0.6949498 1.1324527 25.914516 -1.7319567203521729 0.6091870069503784
Pedestrian 0.0 0 -1.7657665014266968 701.9696044921875 155.48252868652344 729.5031127929688 216.0766143798828 0.84912556 1.7948552 0.66782206 3.4192493 1.0253209 21.71235 -1.609569787979126 0.5969618558883667
Pedestrian 0.0 0 -2.1688613891601562 458.6103210449219 162.52777099609375 492.0920104980469 228.97523498535156 0.61953634 1.6888893 0.61604285 -3.314033 1.2078533 18.692074 -2.344334125518799 0.5109587907791138
Pedestrian 0.0 0 -0.20995266735553741 638.4347534179688 158.32955932617188 677.0267944335938 226.69578552246094 0.8381673 1.6394674 0.57366097 1.3363539 1.0850219 17.563787 -0.13401323556900024 0.47531670331954956
Pedestrian 0.0 0 -3.368556261062622 790.8362426757812 151.0321502685547 824.7434692382812 221.24319458007812 0.73659056 1.8061615 0.5921445 5.358922 1.0235595 18.790783 -3.090742349624634 0.4513552188873291
Pedestrian 0.0 0 -1.239938735961914 368.13720703125 171.4243927001953 436.3637390136719 299.60736083984375 0.87597144 1.6633539 0.6481961 -2.7367973 1.5339398 9.774785 -1.5129339694976807 0.39868059754371643
Pedestrian 0.0 0 -3.3334312438964844 842.7520141601562 138.94723510742188 901.9949951171875 242.1072540283203 0.9249739 1.8563528 0.6081121 4.961414 1.0918906 13.299721 -2.976374387741089 0.3270237147808075
Pedestrian 0.0 0 -2.9717862606048584 541.7099609375 170.63673400878906 556.8724365234375 202.08554077148438 0.80333996 1.8453184 0.61260533 -3.079693 1.2086694 42.49099 -3.0441384315490723 0.30385491251945496
Cyclist 0.0 0 -1.7772637605667114 606.614501953125 159.10751342773438 636.5062866210938 212.8900604248047 1.036515 1.8930807 0.8801753 0.69381016 1.1059523 25.87047 -1.7504515647888184 0.14477641880512238
Cyclist 0.0 0 -3.3073806762695312 835.168701171875 131.4425506591797 901.7708129882812 236.86111450195312 1.0722373 1.8984102 0.5943562 4.895819 0.99822986 13.324732 -2.9552688598632812 0.12623760104179382
Cyclist 0.0 0 -1.782590389251709 624.236083984375 159.96107482910156 660.2359619140625 227.2596435546875 0.9565638 1.7132446 0.754402 1.0261512 1.1660991 18.815777 -1.7281075716018677 0.10044414550065994
