Pedestrian 0.0 0 -1.8062547445297241 784.5733032226562 128.86813354492188 811.0274047851562 189.82554626464844 0.8107563 1.9323438 0.65318817 6.007036 0.5383544 23.280815 -1.5537374019622803 0.42530497908592224
Pedestrian 0.0 0 -0.5123163461685181 878.8965454101562 95.83857727050781 1004.681884765625 279.19024658203125 0.9857149 1.7993562 0.6524589 3.3461046 1.0439087 7.4474297 -0.09004755318164825 0.2736092507839203
Cyclist 0.0 0 -1.799864411354065 723.1510620117188 154.31915283203125 747.3447875976562 202.34274291992188 1.7151662 1.7230016 0.50346637 4.587258 1.0583619 26.755749 -1.63006591796875 0.48117053508758545
Cyclist 0.0 0 -1.8110899925231934 783.9143676757812 130.1973876953125 810.6556396484375 190.35108947753906 0.8749351 1.9073268 0.6448269 5.9990773 0.555148 23.316607 -1.559264063835144 0.13950006663799286
Cyclist 0.0 0 -0.5076833963394165 879.0435791015625 95.98457336425781 1008.2703247070312 278.82763671875 1.0337114 1.7975237 0.6320253 3.3660192 1.042181 7.448562 -0.08324901014566422 0.1251167207956314
Car 0.0 0 1.8379608392715454 524.6919555664062 193.00209045410156 596.2911376953125 239.5657501220703 4.0030413 1.4740938 1.6521587 -1.7937342 2.28239 26.80503 1.771142601966858 0.8887289762496948
Car 0.0 0 1.9354356527328491 571.16845703125 194.5049591064453 630.5928344726562 231.1498260498047 3.636444 1.4563036 1.5181297 -0.3969315 2.5050278 32.96649 1.9233957529067993 0.7704459428787231
Car 0.0 0 1.9581178426742554 618.2842407226562 189.85577392578125 671.3474731445312 220.87547302246094 3.6435947 1.4702998 1.5569453 1.8627311 2.4209864 38.34809 2.0066540241241455 0.6809687614440918
Car 0.0 0 1.8241640329360962 310.0198059082031 179.9265594482422 495.46533203125 320.5575256347656 4.2641416 1.7178118 1.678158 -2.9859645 1.848597 11.164662 1.5628324747085571 0.6751826405525208
Car 0.0 0 2.0552566051483154 0.0 150.21665954589844 372.8646545410156 375.0 4.0742636 1.8288269 1.6945292 -3.132206 1.7344354 5.105713 1.5049909353256226 0.5616111159324646
Car 0.0 0 -1.2985354661941528 786.8663330078125 183.55026245117188 817.3241577148438 200.88783264160156 3.736494 1.4067277 1.6288484 16.793205 2.3719366 63.06027 -1.0382716655731201 0.25632378458976746
Car 0.0 0 0.6216906309127808 326.07891845703125 183.3153076171875 526.8190307617188 254.9497528076172 4.5227804 1.5288671 1.8037682 -4.508632 1.8076212 17.540016 0.3700892925262451 0.20979727804660797
