Car 0.0 0 -1.6237317323684692 583.4089965820312 175.92893981933594 697.6992797851562 284.6086120605469 3.8366108 1.560601 1.664195 0.34415707 1.6221052 12.406645 -1.5959991216659546 0.9417340159416199
Car 0.0 0 2.044968366622925 195.0358123779297 188.93211364746094 315.351806640625 244.00787353515625 3.9153285 1.400276 1.5911293 -10.443389 1.9230833 21.46896 1.5922263860702515 0.9158161878585815
Car 0.0 0 1.907893419265747 386.3111572265625 178.80096435546875 447.3762512207031 210.69900512695312 4.4308805 1.5375284 1.7282238 -10.092627 1.8690363 37.89997 1.6476366519927979 0.8990822434425354
Car 0.0 0 2.1957204341888428 0.0 181.70022583007812 189.11935424804688 279.6676025390625 4.2992716 1.6346014 1.6916599 -10.64592 1.8401595 14.579799 1.5650233030319214 0.830649197101593
Car 0.0 0 2.038553237915039 290.1143798828125 177.25437927246094 349.5814514160156 208.2423095703125 3.274851 1.4706537 1.4661107 -14.6181345 1.7034494 36.416206 1.6568247079849243 0.7553833723068237
Car 0.0 0 1.8944942951202393 466.62689208984375 177.4871063232422 505.1178894042969 199.9084014892578 4.127757 1.5955036 1.632923 -9.334772 1.9590964 54.401157 1.724557876586914 0.6975144147872925
Car 0.0 0 1.801363229751587 427.0455322265625 176.29559326171875 468.528076171875 205.3868408203125 4.022502 1.6791723 1.5997691 -9.899729 1.8997227 44.14192 1.5807433128356934 0.6291667819023132
Car 0.0 0 -1.1274123191833496 701.0840454101562 171.38258361816406 788.69921875 220.16143798828125 3.9108493 1.6858525 1.7122097 5.0738487 1.6353568 27.019283 -0.9417879581451416 0.5400052666664124
Car 0.0 0 -1.4140634536743164 835.9371948242188 168.27420043945312 1029.5634765625 315.2284851074219 4.10379 1.4767919 1.6492455 4.32555 1.4311259 9.413158 -0.9833195209503174 0.524600088596344
Car 0.0 0 -1.0268396139144897 673.2695922851562 173.6472625732422 732.5975341796875 203.6853485107422 3.4563038 1.4961423 1.5191319 4.8757925 1.5401305 37.857395 -0.8987510800361633 0.44196826219558716
