Pedestrian 0.0 0 -1.8691469430923462 677.192626953125 170.07601928710938 702.63623046875 213.16636657714844 0.9090868 1.7027193 0.7834144 3.1667607 1.593305 29.029127 -1.7604875564575195 0.5604528784751892
Pedestrian 0.0 0 -0.6605367064476013 954.2265014648438 151.5821075439453 1004.807373046875 240.94485473632812 0.65626186 1.7252705 0.6078677 7.2592754 1.3149453 14.288086 -0.1904580146074295 0.4075360596179962
Car 0.0 0 1.381089210510254 457.9085388183594 181.7826385498047 508.7235412597656 217.81529235839844 3.4273973 1.3824797 1.483825 -5.4386764 1.7830236 30.471169 1.2044631242752075 0.9351482391357422
Car 0.0 0 0.788171112537384 334.6808166503906 182.46348571777344 420.1556396484375 213.510009765625 4.3939323 1.5150406 1.6758991 -12.315103 2.0453753 38.041035 0.4750864505767822 0.8697425723075867
Car 0.0 0 1.8718173503875732 83.909912109375 181.29661560058594 191.64920043945312 239.3582305908203 4.078357 1.6622463 1.7989334 -15.26422 1.9634597 23.502728 1.2958176136016846 0.8185778856277466
Car 0.0 0 2.2957305908203125 0.0 194.27435302734375 156.76431274414062 375.0 3.9849086 1.4610281 1.6635714 -5.9809484 1.7060736 6.2143636 1.5294697284698486 0.8166817426681519
Car 0.0 0 -2.430060863494873 934.5956420898438 211.31578063964844 1242.0 375.0 3.6516223 1.4801555 1.6510004 2.9486012 1.7318478 2.843322 -1.6264878511428833 0.7124826312065125
Car 0.0 0 2.535212278366089 528.9754638671875 177.75901794433594 598.6582641601562 202.0577850341797 4.518314 1.5380386 1.7016382 -3.10386 1.8826952 48.574196 2.4713997840881348 0.6685710549354553
Car 0.0 0 2.7349565029144287 640.097412109375 174.9849090576172 708.8610229492188 196.61940002441406 4.6478777 1.5085922 1.7264103 4.6292295 1.6675764 52.162224 2.8234713077545166 0.6642917394638062
Car 0.0 0 -1.1213207244873047 21.715373992919922 182.38185119628906 133.14366149902344 228.5959014892578 3.764665 1.3774704 1.532172 -17.840284 1.725226 24.31492 -1.754319429397583 0.4572085440158844
