Pedestrian 0.0 0 1.8224397897720337 410.23406982421875 155.8533477783203 434.4913330078125 207.89498901367188 0.8956305 1.8720512 0.6582898 -6.902698 1.2608587 26.40169 1.566714882850647 0.472567081451416
Pedestrian 0.0 0 2.011111259460449 457.4154968261719 169.2854461669922 474.52008056640625 203.72035217285156 0.6405412 1.9298966 0.74820966 -8.184536 1.7302558 40.83642 1.8133094310760498 0.2930505871772766
Pedestrian 0.0 0 2.1175787448883057 905.1902465820312 139.364501953125 928.3538208007812 192.92718505859375 0.5650996 1.8683379 0.54007274 10.818851 0.7005378 25.549652 2.5181307792663574 0.26533669233322144
Pedestrian 0.0 0 0.23235410451889038 711.6942749023438 134.23167419433594 749.4744262695312 191.57920837402344 1.1595331 1.892436 0.5490888 4.0146914 0.6182793 24.284605 0.3961906433105469 0.20142030715942383
Pedestrian 0.0 0 -3.6852176189422607 1161.580810546875 124.4847183227539 1242.0 285.0895690917969 0.9077156 1.8687843 0.57712764 7.3100924 1.3063213 8.74717 -2.9890787601470947 0.17965102195739746
Cyclist 0.0 0 1.8073400259017944 410.1022033691406 152.0389862060547 434.58721923828125 204.90713500976562 0.9747551 1.8980161 0.6584517 -6.900726 1.1510956 26.394732 1.5516204833984375 0.13265633583068848
Cyclist 0.0 0 0.8862432241439819 714.071533203125 134.56716918945312 746.9874877929688 190.81243896484375 1.0824908 1.8485571 0.52678305 4.008923 0.5905803 24.311838 1.049668550491333 0.11852852255105972
Car 0.0 0 -1.757668375968933 699.8678588867188 168.84152221679688 802.752685546875 244.4285430908203 4.208099 1.6749531 1.738077 3.3455303 1.5863972 18.09354 -1.574831485748291 0.9520105123519897
Car 0.0 0 1.7873061895370483 463.6490478515625 183.3446044921875 538.9315795898438 237.089599609375 3.838421 1.5625297 1.6562998 -3.5220342 1.9364097 23.716087 1.6398755311965942 0.9271556735038757
Car 0.0 0 -1.3520359992980957 554.6192016601562 177.890869140625 608.4163208007812 213.23248291015625 4.341161 1.5471808 1.6681706 -1.3275346 1.8044902 34.52092 -1.3904730081558228 0.9023772478103638
Car 0.0 0 -1.3375009298324585 683.5631713867188 178.5012969970703 739.9805297851562 215.57476806640625 3.7558832 1.4502491 1.5649006 4.371609 1.7082084 30.876184 -1.1968506574630737 0.7031480669975281
Car 0.0 0 0.5993910431861877 1031.4896240234375 0.0 1242.0 375.0 3.8851466 1.7343996 1.6694301 3.3072226 1.5022373 2.343321 1.5537484884262085 0.4533952474594116
