Car 0.0 0 2.7899458408355713 733.272705078125 164.26934814453125 914.9046020507812 225.03271484375 4.4634886 1.5842688 1.7219435 5.7463765 1.3608011 19.823614 3.0720882415771484 0.9103507399559021
Car 0.0 0 -1.9707653522491455 890.31201171875 152.9620819091797 937.0953369140625 180.2606964111328 3.474085 1.7287968 1.6024464 19.878368 0.46941695 47.431133 -1.57390296459198 0.8687125444412231
Car 0.0 0 1.682116985321045 464.43682861328125 183.34442138671875 517.1585083007812 224.15272521972656 4.201883 1.4784733 1.6595337 -4.817837 1.937144 29.379618 1.519577980041504 0.8511977195739746
Car 0.0 0 -0.2065417766571045 760.4024047851562 158.0877685546875 853.495361328125 190.49583435058594 4.474046 1.6654748 1.743417 10.292949 0.90698504 38.07638 0.05747175216674805 0.8197362422943115
Car 0.0 0 1.4804937839508057 650.9389038085938 173.0419158935547 684.7437744140625 198.7574005126953 4.392874 1.61172 1.8179188 3.7226777 1.625013 47.459133 1.558773159980774 0.8073169589042664
Car 0.0 0 -2.0129995346069336 921.1076049804688 157.0063018798828 974.9491577148438 183.2737274169922 4.0199533 1.6702504 1.6692654 22.33253 0.6629101 47.892097 -1.576665997505188 0.70980304479599
Car 0.0 0 1.603002905845642 549.0079956054688 179.00704956054688 580.8800659179688 207.1757049560547 4.0208473 1.5132195 1.7106673 -2.592449 1.8864106 41.68244 1.540887713432312 0.6909107565879822
Car 0.0 0 -0.5954095125198364 1011.638916015625 147.49526977539062 1115.6658935546875 181.3087921142578 4.1465383 1.643293 1.714287 22.538128 0.41125005 35.994205 -0.03597655147314072 0.6041231751441956
Car 0.0 0 -1.4888386726379395 608.4102172851562 178.7947540283203 631.6322021484375 197.11717224121094 3.5955694 1.416134 1.6065683 0.8209187 1.9163493 58.841442 -1.4748882055282593 0.568629801273346
Car 0.0 0 -0.6556413769721985 1062.367431640625 142.61317443847656 1172.036376953125 176.53402709960938 3.967279 1.531986 1.6797259 23.46293 0.16656107 33.51238 -0.04482997953891754 0.49242058396339417
Car 0.0 0 -0.3601997494697571 990.5025634765625 147.02479553222656 1097.1436767578125 179.06478881835938 4.4845047 1.6320019 1.7494326 22.724825 0.31671336 38.00905 0.17865896224975586 0.44326651096343994
