Pedestrian 0.0 0 0.8185287714004517 938.16748046875 132.23646545410156 1030.31396484375 273.1457824707031 0.82471323 1.7696 0.71053535 4.883257 1.2598653 9.55305 1.2910743951797485 0.5155919790267944
Pedestrian 0.0 0 0.513293445110321 442.6603698730469 179.54962158203125 471.45220947265625 228.2105255126953 0.78504467 1.7171055 0.67709523 -5.5557885 1.9630275 26.01965 0.3029296398162842 0.41618233919143677
Pedestrian 0.0 0 -1.8790429830551147 693.109130859375 124.31857299804688 745.0611572265625 224.1728515625 1.0486565 1.869125 0.7137773 2.061091 0.9609711 14.078639 -1.7336771488189697 0.2033531665802002
Cyclist 0.0 0 1.9537233114242554 427.53900146484375 149.13331604003906 466.6131591796875 210.56362915039062 1.6355228 1.8145506 0.6062151 -5.031446 1.1142384 22.165852 1.7305147647857666 0.2142731249332428
Cyclist 0.0 0 -1.8790429830551147 693.109130859375 124.31857299804688 745.0611572265625 224.1728515625 1.0486565 1.869125 0.7137773 2.061091 0.9609711 14.078639 -1.7336771488189697 0.10818181931972504
Car 0.0 0 1.714348316192627 464.3853759765625 183.07432556152344 534.3489379882812 240.72496032714844 3.3416378 1.5348345 1.5943578 -3.2590108 1.8631984 21.477541 1.5637567043304443 0.9404398798942566
Car 0.0 0 1.8631874322891235 268.75140380859375 180.06333923339844 464.43682861328125 315.6651916503906 3.9492822 1.6319158 1.6727751 -3.4546392 1.7608539 10.879002 1.5557074546813965 0.8830722570419312
Car 0.0 0 1.8849146366119385 529.56982421875 176.99415588378906 582.3980712890625 208.37193298339844 3.7001917 1.4529465 1.5553043 -2.6676261 1.6707596 35.912933 1.8107703924179077 0.8737936019897461
Car 0.0 0 -0.3024980127811432 688.7422485351562 167.6500244140625 836.5238647460938 222.8689422607422 3.748215 1.4761147 1.6206344 4.1790266 1.3373598 20.277464 -0.09925150871276855 0.6373807191848755
Car 0.0 0 1.7094374895095825 493.35345458984375 180.5861053466797 546.7274780273438 222.0802764892578 3.6923637 1.4741775 1.5729502 -3.4888372 1.7964809 28.182186 1.5862683057785034 0.46569567918777466
