Pedestrian 0.0 0 0.36321985721588135 1098.971923828125 175.94313049316406 1130.7020263671875 218.38864135742188 0.88568395 1.7774992 0.8037079 21.57179 1.9126611 30.89167 0.9728069305419922 0.3105066418647766
Pedestrian 0.0 0 2.1450581550598145 1162.0299072265625 166.47776794433594 1201.060302734375 217.66343688964844 1.0926324 1.7729025 0.57861006 20.105728 1.5524089 25.438686 2.8138935565948486 0.130678191781044
Pedestrian 0.0 0 0.8146956562995911 252.667236328125 127.92691040039062 345.35662841796875 281.78173828125 0.9293874 1.8076167 0.56835806 -3.8942823 1.280133 8.918139 0.402982234954834 0.12401162832975388
Pedestrian 0.0 0 1.4139946699142456 1211.71533203125 146.67514038085938 1242.0 205.305908203125 0.9142255 1.9023265 0.87845606 20.645588 1.0532886 24.027859 2.123826026916504 0.10463567078113556
Cyclist 0.0 0 -1.6503562927246094 1207.663330078125 209.2653045654297 1242.0 320.89654541015625 1.4744116 1.6518942 0.43432674 10.127128 2.2880268 11.87149 -0.9440867900848389 0.16292087733745575
Cyclist 0.0 0 2.184065103530884 1180.322021484375 185.70765686035156 1230.939697265625 234.88339233398438 1.6338722 1.825217 0.6775099 22.743624 2.327069 27.605265 2.8732025623321533 0.10700549185276031
Car 0.0 0 -1.7474067211151123 982.0535888671875 193.92921447753906 1242.0 375.0 3.663457 1.4679856 1.6264406 4.6008534 1.730742 6.9768124 -1.1644173860549927 0.9387387633323669
Car 0.0 0 -1.6597132682800293 920.0250854492188 189.5463104248047 977.3863525390625 234.28916931152344 4.147758 1.503847 1.6460968 13.08087 2.206928 28.142872 -1.2246181964874268 0.8330283761024475
Car 0.0 0 -3.6347267627716064 1133.2265625 170.85504150390625 1214.950439453125 194.110107421875 4.086611 1.5468632 1.6605637 38.33482 1.4142548 49.154507 -2.972372531890869 0.13627858459949493
Car 0.0 0 -0.2287306785583496 1114.9337158203125 184.9715576171875 1230.387939453125 219.78668212890625 4.0537853 1.5274062 1.724271 26.670961 2.1331632 34.416176 0.43055081367492676 0.1027446836233139
