Pedestrian 0.0 0 -0.014063939452171326 661.980712890625 180.682373046875 672.37890625 205.88552856445312 0.7143546 1.7487072 0.598826 4.3445964 1.7628257 49.382675 0.07368826866149902 0.3475794196128845
Pedestrian 0.0 0 0.08489523828029633 735.5345458984375 158.17605590820312 753.4683837890625 186.62159729003906 1.1564313 1.9202089 0.5444544 9.50352 0.4145517 48.145485 0.2797815799713135 0.3076613247394562
Car 0.0 0 -1.9281792640686035 767.3193359375 178.746337890625 975.232666015625 296.8853759765625 4.195274 1.5310392 1.6447067 3.8970447 1.509987 11.27536 -1.5954073667526245 0.9482367634773254
Car 0.0 0 -2.1120383739471436 872.542724609375 191.623291015625 1224.0 370.0 3.4531102 1.4256711 1.5605359 3.3871753 1.5394032 5.3740454 -1.5496482849121094 0.9325692653656006
Car 0.0 0 -1.5715441703796387 697.897705078125 176.3956756591797 751.1326293945312 227.371826171875 3.702875 1.5512942 1.6068375 3.9261656 1.4279512 23.470041 -1.4057947397232056 0.902118980884552
Car 0.0 0 2.0933024883270264 267.85498046875 175.60641479492188 361.8163146972656 226.66993713378906 4.006704 1.8444004 1.6086737 -11.239926 1.6691668 27.627413 1.7069138288497925 0.7938535809516907
Car 0.0 0 1.8798942565917969 504.7989501953125 178.59115600585938 538.3682861328125 197.4103240966797 3.920308 1.5208468 1.681033 -6.9288154 1.3678132 59.219093 1.763420820236206 0.6837409734725952
Car 0.0 0 -1.6930480003356934 685.8982543945312 176.85305786132812 735.179931640625 216.23623657226562 3.4503717 1.4793566 1.5278 4.140038 1.3438773 28.296339 -1.5477687120437622 0.5955713391304016
Car 0.0 0 -1.6100821495056152 671.613525390625 177.9321746826172 703.344970703125 206.6650390625 3.5483656 1.5287404 1.6113122 4.5515304 1.3935275 39.443745 -1.4951972961425781 0.5171489715576172
Car 0.0 0 -1.6741160154342651 676.638427734375 178.1672821044922 717.4518432617188 210.633056640625 3.5934968 1.4817274 1.5774652 4.3686585 1.3767215 34.07981 -1.5466222763061523 0.3633674383163452
