Pedestrian 0.0 0 -1.173584222793579 283.99517822265625 165.3625030517578 368.3870849609375 299.66619873046875 1.0210828 1.770161 0.7625823 -3.8435996 1.5587928 9.986927 -1.5409737825393677 0.8342428207397461
Pedestrian 0.0 0 -1.717543125152588 802.5811767578125 156.0318145751953 840.2752075195312 231.7726593017578 0.75413793 1.6939327 0.72211605 5.003689 1.1255572 16.488989 -1.422918438911438 0.7781932950019836
Pedestrian 0.0 0 -0.6301339268684387 772.1934814453125 139.03773498535156 888.6337280273438 313.6277770996094 0.871232 1.7377527 0.8142182 2.3784409 1.3164797 7.673389 -0.3295650780200958 0.5997959971427917
Pedestrian 0.0 0 1.5921250581741333 727.3952026367188 163.98101806640625 765.8967895507812 270.1097106933594 1.3257936 1.638553 0.5859058 2.3530333 1.3693731 11.798566 1.7889761924743652 0.38854917883872986
Pedestrian 0.0 0 -2.7051167488098145 397.38824462890625 190.50473022460938 462.0220947265625 292.2914123535156 0.80906993 1.6363226 0.77167845 -2.918431 1.7948661 12.08469 -2.942077875137329 0.3619235157966614
Pedestrian 0.0 0 0.38548722863197327 278.20281982421875 172.7646026611328 339.8782043457031 276.7455749511719 0.8429498 1.828316 0.66882885 -5.3043237 1.675995 12.9636345 -0.0028988178819417953 0.29381752014160156
Pedestrian 0.0 0 -2.4993278980255127 221.67657470703125 164.17666625976562 307.15338134765625 288.014892578125 1.0025883 1.8788925 0.70046276 -5.3501706 1.6173645 11.339512 -2.940175771713257 0.2654886841773987
Pedestrian 0.0 0 0.2152755856513977 475.17486572265625 169.61599731445312 497.25 209.284912109375 0.908247 1.8338063 0.6146406 -5.386391 1.2853609 33.536705 0.05602383613586426 0.21785414218902588
Pedestrian 0.0 0 0.6051321625709534 549.8932495117188 171.42604064941406 565.4927978515625 198.50393676757812 0.8593361 1.7492493 0.54324013 -2.8448951 1.0991657 46.857224 0.5444924831390381 0.20958606898784637
Cyclist 0.0 0 1.5825303792953491 726.9441528320312 163.73245239257812 765.9019165039062 270.8992004394531 1.3535813 1.6549728 0.5928276 2.3457906 1.38189 11.813983 1.7785414457321167 0.4563834071159363
Cyclist 0.0 0 -1.501916527748108 714.3848266601562 180.62005615234375 744.398193359375 258.0721740722656 1.033865 1.631088 0.57890755 2.7685847 1.6137897 15.696491 -1.3273298740386963 0.19008365273475647
Car 0.0 0 -1.6954967975616455 647.2246704101562 160.08543395996094 698.7155151367188 206.13641357421875 3.625304 1.7757391 1.6542271 2.8603015 0.9510063 29.531807 -1.5989429950714111 0.4475289583206177
Car 0.0 0 2.59901762008667 0.0 0.0 1238.0 374.0 3.9247513 1.5295701 1.6357483 -2.76866 0.9937105 1.6363424 1.5620142221450806 0.34648680686950684
Car 0.0 0 1.3815237283706665 628.5984497070312 175.16708374023438 666.462646484375 200.89346313476562 3.555147 1.4349866 1.5564479 2.6479867 1.082553 41.926655 1.444597601890564 0.2251727283000946
