Car 0.0 0 1.9668011665344238 213.96942138671875 196.8062286376953 388.50201416015625 295.7554016113281 3.9599185 1.516771 1.6852849 -5.8041773 2.047768 13.999791 1.5737806558609009 0.9429177045822144
Car 0.0 0 1.8644615411758423 337.60455322265625 190.86990356445312 439.4336853027344 255.12887573242188 3.8083248 1.457481 1.5627803 -5.8494387 1.988219 19.334738 1.5706804990768433 0.924436628818512
Car 0.0 0 1.7868520021438599 401.84820556640625 188.3350372314453 471.15045166015625 237.5021514892578 3.6516385 1.4454085 1.5098653 -5.7780766 2.004654 24.206491 1.5525370836257935 0.8756830096244812
Car 0.0 0 -3.44730281829834 807.3313598632812 151.3850860595703 933.97509765625 196.7702178955078 3.9774296 1.5785621 1.6447874 9.266704 0.8321998 25.988415 -3.1047863960266113 0.8309856057167053
Car 0.0 0 -0.6595600247383118 1126.0633544921875 135.79605102539062 1242.0 176.40817260742188 4.625469 1.5217593 1.7282867 22.908195 0.13353482 27.959627 0.026857614517211914 0.7774671912193298
Car 0.0 0 -1.6780935525894165 665.9462890625 175.76693725585938 711.7824096679688 211.35813903808594 3.8878863 1.4690697 1.6026057 3.400652 1.606654 32.043198 -1.5723621845245361 0.7735478281974792
Car 0.0 0 1.7780439853668213 443.1488342285156 186.16421508789062 501.2783203125 226.39788818359375 4.039864 1.4935011 1.5877362 -5.721242 2.0878732 30.163088 1.590593934059143 0.752326250076294
Car 0.0 0 1.7699493169784546 481.11370849609375 183.95803833007812 525.9981689453125 215.03778076171875 3.9665902 1.4735819 1.5650713 -5.534837 2.0848904 37.674553 1.624081015586853 0.6967974901199341
Car 0.0 0 -0.8758255243301392 1182.1241455078125 129.800537109375 1242.0 173.04208374023438 4.204951 1.4557731 1.6555752 22.716604 0.006689951 25.414265 -0.14641720056533813 0.6272237300872803
Car 0.0 0 2.661560535430908 771.388427734375 162.2323760986328 874.0695190429688 199.6940155029297 3.9137654 1.5479572 1.6471207 9.069056 1.1094178 30.999872 2.946169853210449 0.5477742552757263
Car 0.0 0 -3.722144842147827 1093.2509765625 133.96743774414062 1242.0 173.71133422851562 4.9370575 1.6232501 1.8420666 23.569954 0.035373807 30.57316 -3.0653786659240723 0.5382241606712341
