Pedestrian 0.0 0 1.993636131286621 128.95765686035156 180.69866943359375 151.84457397460938 215.4197235107422 0.96235174 1.8183072 0.6918518 -25.119942 2.2435765 38.551098 1.4161360263824463 0.27539288997650146
Pedestrian 0.0 0 2.4995784759521484 889.2588500976562 127.66963195800781 996.6718139648438 277.6833801269531 1.0718508 1.809851 0.6276016 4.1429305 1.2650789 9.123558 2.9258296489715576 0.2095377892255783
Pedestrian 0.0 0 2.2931339740753174 107.17573547363281 184.80105590820312 147.22457885742188 223.35044860839844 1.598518 1.6758735 0.60439485 -21.909847 2.2317069 32.712845 1.702991008758545 0.1292041391134262
Pedestrian 0.0 0 -2.0463662147521973 1214.59814453125 142.6306610107422 1242.0 201.97132873535156 0.5596511 1.8849094 0.7202511 20.040867 0.9252471 23.272419 -1.3354387283325195 0.10994217544794083
Pedestrian 0.0 0 1.763667345046997 830.6371459960938 178.612060546875 857.7525634765625 240.05165100097656 0.62337136 1.6076365 0.5849882 6.242083 1.7658919 19.369001 2.075429677963257 0.10918959975242615
Cyclist 0.0 0 2.2877349853515625 109.85543823242188 185.02622985839844 148.4781951904297 223.48060607910156 1.5610225 1.6769171 0.5783479 -21.871027 2.2441127 32.78673 1.699453592300415 0.25130152702331543
Cyclist 0.0 0 2.0612282752990723 127.78541564941406 180.55923461914062 152.5914306640625 215.98379516601562 1.2016275 1.848616 0.6186255 -25.126905 2.267333 38.54797 1.4835643768310547 0.20354847609996796
Cyclist 0.0 0 1.5790339708328247 592.3060913085938 177.41537475585938 603.6184692382812 209.0473175048828 1.8935109 1.7248937 0.62113625 -0.70532435 1.9877214 40.566235 1.5616487264633179 0.19422543048858643
Cyclist 0.0 0 -1.5247561931610107 781.142333984375 159.39590454101562 805.4938354492188 218.78616333007812 1.6868062 1.7330434 0.6444499 5.543743 1.3406862 21.95271 -1.2773966789245605 0.12700749933719635
Car 0.0 0 -1.542099952697754 582.6976928710938 177.6980438232422 613.1365356445312 207.5569305419922 3.720143 1.6445649 1.6765324 -0.70202357 1.9409058 42.21488 -1.5587282180786133 0.772435188293457
