Pedestrian 0.0 0 3.3612473011016846 182.56893920898438 169.932861328125 210.319091796875 207.03598022460938 1.1980982 1.9472499 0.49885792 -21.971205 1.7943008 38.281097 2.840207099914551 0.15924301743507385
Pedestrian 0.0 0 -2.065101385116577 1051.1806640625 142.6926727294922 1175.498046875 303.83447265625 1.5780107 1.796732 0.55883723 6.0555296 1.4607908 8.856431 -1.4653692245483398 0.10852213203907013
Cyclist 0.0 0 -2.064267635345459 1050.66357421875 148.66114807128906 1174.7525634765625 304.0918273925781 1.5930575 1.7379866 0.5544189 6.0683374 1.467826 8.886627 -1.4651367664337158 0.6787813901901245
Cyclist 0.0 0 1.646795630455017 1053.0322265625 158.96678161621094 1073.3741455078125 200.0868377685547 1.7889907 1.757649 0.6256692 19.907608 1.1644074 31.744278 2.206921100616455 0.23499371111392975
Cyclist 0.0 0 2.3327977657318115 1150.493408203125 165.8588104248047 1222.859375 227.4700164794922 1.7156578 1.7303933 0.60395646 16.472128 1.5342866 20.677732 3.00546932220459 0.16296355426311493
Car 0.0 0 1.9231853485107422 330.6031799316406 183.94735717773438 384.08502197265625 211.00665283203125 4.0736237 1.5441582 1.8490645 -15.682985 2.2665172 44.90626 1.5871893167495728 0.9077644944190979
Car 0.0 0 1.8710875511169434 393.953125 183.00392150878906 432.0533447265625 203.02960205078125 4.439804 1.4837275 1.7180346 -15.798294 2.3314064 57.983685 1.6050833463668823 0.6946510076522827
Car 0.0 0 2.197404146194458 0.0 191.08905029296875 151.19908142089844 252.1277618408203 4.042585 1.5831792 1.7356194 -16.14696 2.1896222 21.951433 1.5631980895996094 0.6458329558372498
Car 0.0 0 2.107370376586914 0.0 167.1907501220703 103.5833740234375 318.9425048828125 4.299874 1.6705141 1.6815449 -9.219911 1.6085298 10.213305 1.3730462789535522 0.5237938165664673
Car 0.0 0 2.589411497116089 960.3885498046875 170.55020141601562 1092.959716796875 216.8244171142578 3.5639822 1.4988648 1.560403 13.868122 1.4246007 24.205168 3.109696626663208 0.19861741364002228
