Pedestrian 0.0 0 -1.2435003519058228 979.7086181640625 166.6568145751953 1000.9888916015625 206.12899780273438 1.1719868 1.8333691 0.54304415 17.946594 1.5458862 34.11093 -0.7591723203659058 0.14442935585975647
Pedestrian 0.0 0 2.0072338581085205 204.30516052246094 171.7674560546875 225.28855895996094 205.4811248779297 1.2802309 1.8391836 0.53045434 -21.944736 1.7802674 40.01538 1.5056140422821045 0.13063019514083862
Pedestrian 0.0 0 -1.1971955299377441 808.8374633789062 155.91273498535156 826.0551147460938 192.1788787841797 0.7124928 1.8506252 0.63992643 10.687008 0.98648727 37.293964 -0.9181129336357117 0.1197979599237442
Pedestrian 0.0 0 -1.870013952255249 1100.7640380859375 148.37477111816406 1137.2987060546875 210.32205200195312 1.0800229 1.8015866 0.5993646 15.16952 1.0900257 21.587519 -1.257479190826416 0.11889676004648209
Cyclist 0.0 0 -1.9680676460266113 1002.1170043945312 147.72393798828125 1095.5048828125 283.80023193359375 1.5630459 1.763613 0.55216646 6.0751925 1.4382732 10.161385 -1.429215431213379 0.6771878600120544
Cyclist 0.0 0 2.0235977172851562 205.23512268066406 174.0301513671875 226.1569061279297 207.72251892089844 1.2411448 1.8387473 0.53082836 -21.915 1.9054267 40.05159 1.5229305028915405 0.583695650100708
Cyclist 0.0 0 -1.4345325231552124 982.1080322265625 167.4632110595703 999.114501953125 205.25746154785156 1.656525 1.7485025 0.49419206 18.006954 1.4994626 34.19567 -0.949843168258667 0.17767871916294098
Cyclist 0.0 0 -1.1875044107437134 1093.901611328125 184.0767059326172 1125.463623046875 224.62559509277344 1.7032403 1.7993058 0.5991661 22.911137 2.326201 33.131054 -0.5824852585792542 0.12457378208637238
Car 0.0 0 1.948914647102356 352.2791748046875 181.9287567138672 401.1286926269531 208.0360107421875 4.0051975 1.615135 1.7449385 -15.524522 2.2465925 48.120445 1.636838674545288 0.9196142554283142
Car 0.0 0 1.9596644639968872 404.05517578125 183.5249786376953 441.8775329589844 202.5382080078125 4.1473446 1.491555 1.6578051 -15.836119 2.4290905 61.19951 1.706456184387207 0.40836963057518005
Car 0.0 0 0.8516374230384827 984.3158569335938 154.45835876464844 1115.358642578125 203.8290557861328 3.7869868 1.5069549 1.620635 14.447288 0.94581795 24.0279 1.3929911851882935 0.1615772545337677
Car 0.0 0 1.5687611103057861 1144.020263671875 180.13363647460938 1179.410888671875 205.89295959472656 4.374415 1.4936035 1.6993347 34.63605 1.9744277 45.364353 2.220851421356201 0.14366735517978668
