Pedestrian 0.0 0 -0.3675817549228668 946.5501708984375 159.39852905273438 1010.2427368164062 265.6325988769531 0.7878335 1.7380733 0.5880782 6.2269154 1.3944887 11.900023 0.11450743675231934 0.5891770124435425
Pedestrian 0.0 0 -0.3987498879432678 987.9737548828125 118.3000259399414 1069.5635986328125 250.32965087890625 0.84017146 1.7677232 0.49265775 5.789142 0.9366096 9.762786 0.13649225234985352 0.25747594237327576
Pedestrian 0.0 0 3.633584976196289 124.04344940185547 130.525390625 212.18472290039062 266.2467041015625 0.85684484 1.8430022 0.6364495 -6.171718 1.1660519 9.941075 3.0779900550842285 0.22009602189064026
Pedestrian 0.0 0 0.9888864755630493 273.4675598144531 178.32789611816406 325.8335876464844 265.2829895019531 0.6840095 1.7179983 0.7267864 -6.282395 1.6767132 14.455704 0.5789158344268799 0.2175491899251938
Pedestrian 0.0 0 0.005578488111495972 724.6482543945312 161.93539428710938 737.9912719726562 186.2821807861328 1.0325139 1.9110291 0.57287616 9.994736 0.45509756 55.868183 0.18260431289672852 0.19328996539115906
Pedestrian 0.0 0 -1.522534966468811 975.181396484375 155.24391174316406 1024.866455078125 268.53619384765625 0.6433176 1.7297627 0.66131306 6.2389913 1.3458085 11.23797 -1.015730619430542 0.18248510360717773
Cyclist 0.0 0 -1.6997578144073486 981.6373901367188 137.2185821533203 1025.677734375 205.74647521972656 1.7238744 1.7177845 0.7916548 10.461566 0.634446 18.66594 -1.1889171600341797 0.7318195104598999
Cyclist 0.0 0 -0.2520393133163452 768.4385375976562 155.75584411621094 801.8593139648438 186.88743591308594 1.7705204 1.7728472 0.5699451 10.317723 0.36512837 40.546787 -0.002863091416656971 0.36992913484573364
Car 0.0 0 1.3638556003570557 439.7663879394531 173.81105041503906 496.7622375488281 208.84259033203125 3.9342937 1.4848847 1.759635 -6.2904077 1.202839 32.119274 1.170458197593689 0.9248959422111511
Car 0.0 0 -0.8264338374137878 0.0 202.6247100830078 293.0610046386719 370.0 3.7212164 1.5202351 1.6096648 -3.1842659 1.6875589 3.4230473 -1.5757087469100952 0.8582148551940918
Car 0.0 0 1.5463378429412842 87.14494323730469 182.79885864257812 118.02310180664062 206.72682189941406 4.0888405 1.5534368 1.6207358 -34.43719 1.7190927 48.42652 0.9281859397888184 0.14331071078777313
