Pedestrian 0.0 0 0.18947157263755798 503.77423095703125 182.39523315429688 523.6873168945312 220.1778106689453 0.77145094 1.6761711 0.7146232 -4.3821316 2.1123426 32.576565 0.055756330490112305 0.5038244128227234
Pedestrian 0.0 0 -0.7122693657875061 1069.6131591796875 158.08526611328125 1092.1754150390625 190.166748046875 0.9291701 1.8018538 0.5611549 26.631645 0.97272706 40.862778 -0.13467638194561005 0.24262216687202454
Pedestrian 0.0 0 2.7169814109802246 620.7039184570312 163.051513671875 633.4655151367188 189.75587463378906 0.73978376 1.8995256 0.5836315 1.1957009 1.2026162 51.73463 2.7400894165039062 0.13945403695106506
Car 0.0 0 -1.7096967697143555 578.6441650390625 181.39439392089844 650.4194946289062 240.3851318359375 3.4389722 1.5405259 1.6259044 0.0070206616 1.8131087 21.180918 -1.7093652486801147 0.9542446136474609
Car 0.0 0 2.095094680786133 108.40857696533203 189.48365783691406 302.0783996582031 274.4965515136719 4.0946445 1.4263887 1.6509615 -8.182889 1.8196718 14.978934 1.5951018333435059 0.9457537531852722
Car 0.0 0 2.1474215984344482 91.84992980957031 188.78765869140625 225.63804626464844 250.01739501953125 3.293649 1.4347051 1.4958171 -12.051338 1.9009473 19.43176 1.5922904014587402 0.6725495457649231
Car 0.0 0 -0.4979754090309143 1040.6146240234375 175.68307495117188 1139.326171875 211.68797302246094 3.7993662 1.7553259 1.6757017 24.063248 1.9020637 36.33086 0.08702325820922852 0.2257656455039978
Car 0.0 0 -2.282155990600586 1019.8671875 154.61126708984375 1091.34326171875 182.05409240722656 3.617047 1.5472765 1.6154693 26.190273 0.5190756 42.593 -1.7308554649353027 0.14831367135047913
Car 0.0 0 1.1642799377441406 0.0 163.17581176757812 42.283573150634766 194.97718811035156 3.9673274 1.6971889 1.7867924 -33.763306 1.1810372 40.19347 0.4656085968017578 0.1321977972984314
Car 0.0 0 1.3805592060089111 569.2745361328125 183.33116149902344 595.1905517578125 200.73606872558594 4.0645733 1.5148283 1.6824375 -2.651479 2.5280306 67.57923 1.3413442373275757 0.12712091207504272
