Pedestrian 0.0 0 2.9615345001220703 449.3214111328125 160.28759765625 471.837890625 198.99598693847656 1.0058006 1.8924414 0.5681117 -7.437956 1.2784318 35.725266 2.75626802444458 0.633625328540802
Car 0.0 0 1.206904649734497 408.403076171875 153.12152099609375 467.21466064453125 197.63092041015625 4.1489444 2.2708495 1.7205114 -9.39558 1.2644656 39.00753 0.97054123878479 0.9066956639289856
Car 0.0 0 -2.1813197135925293 498.0136413574219 161.18307495117188 567.6408081054688 190.01580810546875 4.618365 1.5965214 1.7075713 -4.609893 0.950639 42.249832 -2.2900002002716064 0.8042448163032532
Car 0.0 0 -2.0743675231933594 450.941162109375 162.18896484375 509.0916748046875 193.46206665039062 3.8499296 1.6962937 1.5972606 -7.4847493 1.1181663 41.131245 -2.2543702125549316 0.7696263790130615
Car 0.0 0 -2.4418787956237793 721.9150390625 158.78518676757812 777.166015625 183.64694213867188 3.6005614 1.6723071 1.607293 9.691215 0.7263364 50.435524 -2.252042055130005 0.5982836484909058
Car 0.0 0 -2.512557029724121 783.0529174804688 166.95497131347656 834.8759765625 187.75405883789062 3.5141244 1.530981 1.6394749 15.107877 1.0971226 54.992905 -2.2444472312927246 0.5559547543525696
Car 0.0 0 -2.359126091003418 808.804443359375 165.34390258789062 858.3642578125 185.3964385986328 3.553371 1.4933654 1.603113 17.186834 0.9344255 55.677055 -2.059717893600464 0.5453972816467285
Car 0.0 0 0.5373498201370239 834.0139770507812 164.31724548339844 890.8342895507812 183.34605407714844 3.9150712 1.430946 1.5975077 19.621984 0.7893488 56.26926 0.872880220413208 0.5340559482574463
Car 0.0 0 0.517859697341919 900.5321044921875 161.01034545898438 954.4771728515625 179.10714721679688 3.883265 1.4752743 1.5930222 26.715 0.5101217 60.851353 0.9315457344055176 0.4762513339519501
Car 0.0 0 0.9284951090812683 930.4983520507812 162.10699462890625 976.1973876953125 178.7359161376953 3.8586369 1.3933746 1.5726515 29.667196 0.49321654 62.50323 1.3716583251953125 0.416482537984848
