Pedestrian 0.0 0 0.6376358270645142 230.26100158691406 144.2091522216797 280.2902526855469 219.17205810546875 0.9825439 1.8673042 0.5921044 -9.063838 1.1541275 18.349268 0.17883038520812988 0.24698126316070557
Pedestrian 0.0 0 -2.6292529106140137 431.8266906738281 160.97454833984375 452.30145263671875 197.8818817138672 0.85202533 1.8421388 0.53720254 -8.505455 1.2495637 36.38782 -2.858874797821045 0.20346255600452423
Pedestrian 0.0 0 -1.5225682258605957 1055.344970703125 148.781982421875 1079.6949462890625 203.50613403320312 0.5671122 1.896321 0.699078 16.084871 1.0625268 25.433163 -0.9586389064788818 0.1586252897977829
Pedestrian 0.0 0 -0.35550522804260254 1136.456298828125 133.80052185058594 1235.882080078125 266.35504150390625 0.9670536 1.782368 0.51577806 7.981468 1.2576009 10.093724 0.31356120109558105 0.15824414789676666
Pedestrian 0.0 0 -3.312356948852539 831.9408569335938 163.8922119140625 845.3239135742188 196.36363220214844 0.6518089 1.8651835 0.56177837 13.197612 1.3507689 41.765213 -3.006290912628174 0.155589759349823
Pedestrian 0.0 0 2.9602179527282715 394.4479064941406 178.58212280273438 412.5865783691406 208.53192138671875 0.9393255 1.7557333 0.6343206 -12.334109 2.1012115 42.977116 2.680737018585205 0.1523774415254593
Pedestrian 0.0 0 -1.9460808038711548 889.788330078125 168.3126983642578 914.4163208007812 217.89202880859375 0.7589801 1.7045234 0.5561274 10.145909 1.5487529 25.185133 -1.563117265701294 0.13958631455898285
Pedestrian 0.0 0 3.275299072265625 494.0409851074219 169.67605590820312 507.83465576171875 192.2948760986328 1.0557293 1.8622327 0.6241391 -9.048005 1.6009464 59.72305 3.1249430179595947 0.1365772932767868
Pedestrian 0.0 0 -1.3665109872817993 715.3513793945312 162.0167236328125 728.7636108398438 191.1280975341797 1.0352824 1.8728731 0.6685286 7.274965 1.1760176 47.019146 -1.2130047082901 0.13615304231643677
Pedestrian 0.0 0 -0.46516430377960205 980.0665283203125 134.6997833251953 1068.9632568359375 240.7487030029297 1.2078091 1.8110051 0.6069193 7.1981225 1.1598005 12.653471 0.0520474910736084 0.13066159188747406
Cyclist 0.0 0 -1.5926408767700195 1028.50732421875 139.86148071289062 1060.3919677734375 211.1086883544922 1.823228 1.777903 0.67249787 11.348994 0.9549656 18.9611 -1.0532948970794678 0.28439414501190186
Cyclist 0.0 0 2.1902010440826416 391.5786437988281 180.01026916503906 414.86810302734375 208.58009338378906 1.572976 1.6523461 0.5176277 -12.338092 2.0871222 42.970116 1.9105912446975708 0.2561730742454529
Car 0.0 0 1.787086844444275 372.78375244140625 186.9221649169922 500.79888916015625 278.2525939941406 4.122651 1.5023181 1.6391621 -3.3664703 1.8272401 14.573723 1.5600727796554565 0.9271062016487122
Car 0.0 0 -1.8987219333648682 835.137451171875 177.46990966796875 913.95166015625 223.39773559570312 3.827922 1.5748122 1.610622 9.771531 1.7606014 27.05429 -1.5521200895309448 0.16919754445552826
Car 0.0 0 -2.1880393028259277 987.7499389648438 150.82862854003906 1045.4246826171875 181.2074432373047 4.973527 2.5418801 1.8368496 35.351925 0.69931304 62.93998 -1.6762754917144775 0.16051465272903442
Car 0.0 0 1.5993845462799072 378.2844543457031 180.30601501464844 406.8492736816406 206.07752990722656 3.6143181 1.4581338 1.5632662 -13.223423 1.9320068 43.89668 1.306790828704834 0.15037846565246582
Car 0.0 0 -1.8117775917053223 985.3072509765625 155.4622344970703 1087.5155029296875 218.630615234375 3.6598487 1.59628 1.6148831 11.759661 1.1571441 20.214045 -1.2848800420761108 0.13954250514507294
Car 0.0 0 1.5920155048370361 577.5964965820312 182.4506072998047 601.3945922851562 205.0829315185547 3.8242292 1.4741683 1.5876848 -1.4336379 2.1722476 50.53903 1.563656210899353 0.13321059942245483
