Pedestrian 0.0 0 2.1325175762176514 986.683837890625 90.20697784423828 1105.863525390625 276.0341796875 0.9205861 1.747175 0.6391402 4.338781 0.9704733 7.274986 2.670283794403076 0.1795048713684082
Pedestrian 0.0 0 -1.0625379085540771 272.9886779785156 179.1156768798828 294.97747802734375 212.64126586914062 0.8929091 1.6943138 0.6833718 -16.800783 2.0208728 37.112354 -1.4876353740692139 0.13904957473278046
Cyclist 0.0 0 -1.3702261447906494 353.9671630859375 165.57818603515625 375.2441711425781 208.31375122070312 1.7198721 1.6395849 0.46672577 -9.744352 1.3608003 28.562351 -1.6990047693252563 0.253374308347702
Cyclist 0.0 0 -2.845698595046997 798.4006958007812 159.3914337158203 826.361572265625 184.18087768554688 1.8581676 1.7848417 0.65033066 14.756629 0.815893 52.722412 -2.572789192199707 0.1717623472213745
Cyclist 0.0 0 2.260498523712158 130.8082275390625 191.89671325683594 168.10130310058594 231.05712890625 1.562379 1.7778394 0.6534878 -21.95414 2.7066488 34.36179 1.6919580698013306 0.15915314853191376
Cyclist 0.0 0 1.388502597808838 998.341552734375 91.16806030273438 1093.7156982421875 277.343994140625 1.0692966 1.7282827 0.6340568 4.321223 0.970345 7.3064804 1.9225919246673584 0.12580209970474243
Car 0.0 0 1.8808588981628418 339.099609375 181.90499877929688 424.9587707519531 228.6748809814453 3.9444122 1.4307171 1.686429 -7.7681804 1.7671711 24.812756 1.5774530172348022 0.955165445804596
Car 0.0 0 1.9426836967468262 497.77313232421875 176.75070190429688 533.0858764648438 194.72494506835938 3.8889024 1.4004812 1.5676907 -7.7406435 1.7317318 59.192112 1.8126500844955444 0.33112892508506775
Car 0.0 0 -2.8971595764160156 796.3698120117188 155.13841247558594 859.0919189453125 178.3252410888672 4.1075764 1.6444358 1.7489709 15.944952 0.38838425 52.971336 -2.6047756671905518 0.22086820006370544
Car 0.0 0 -1.415163278579712 349.9490966796875 168.0188751220703 405.0323791503906 205.32447814941406 3.888365 1.4625051 1.6194143 -9.737649 1.2733102 30.329859 -1.7258257865905762 0.21205128729343414
