Pedestrian 0.0 0 2.276653289794922 977.5425415039062 103.49774169921875 1054.26318359375 241.28195190429688 0.69894224 1.8523363 0.6371318 5.630446 0.9202861 10.118063 2.784453868865967 0.4907715618610382
Car 0.0 0 -1.681154727935791 658.4810180664062 184.22959899902344 723.9810180664062 233.38966369628906 3.9669964 1.3414557 1.5863115 2.4078553 1.7293686 22.592499 -1.5749778747558594 0.9485791325569153
Car 0.0 0 -0.6534706950187683 922.1515502929688 179.98764038085938 1242.0 333.06707763671875 3.9718478 1.4887314 1.6604605 5.744965 1.5768671 7.986435 -0.029882188886404037 0.9226670265197754
Car 0.0 0 0.3666490614414215 214.56910705566406 183.7910919189453 437.2805480957031 255.557861328125 4.354025 1.5014185 1.6103514 -6.2858744 1.7590545 16.155521 -0.004412740468978882 0.920330286026001
Car 0.0 0 -2.428985595703125 0.0 196.62503051757812 240.7539520263672 348.29351806640625 3.8989995 1.4385527 1.5746387 -6.4696236 1.7287425 7.950184 -3.1120667457580566 0.8674745559692383
Car 0.0 0 -1.6491483449935913 647.7388916015625 180.0719757080078 691.7975463867188 215.6928253173828 3.9524088 1.4314666 1.6147823 2.531198 1.76946 31.771503 -1.5696474313735962 0.6634002327919006
Car 0.0 0 3.6815733909606934 0.0 195.59376525878906 283.90606689453125 312.01519775390625 3.6025887 1.443364 1.5295106 -6.779086 1.7899468 10.129577 3.0917935371398926 0.6359166502952576
Car 0.0 0 3.9723000526428223 0.0 186.96788024902344 95.70521545410156 375.0 3.9982243 1.4091328 1.5813957 -6.478036 1.5319644 5.3734455 3.0939676761627197 0.5302990674972534
Car 0.0 0 -2.8847718238830566 362.7671203613281 175.5176239013672 486.85174560546875 224.17283630371094 3.6505747 1.5303745 1.5600861 -6.029699 1.6206778 23.570446 -3.1352169513702393 0.5080634951591492
Car 0.0 0 0.304401159286499 407.66839599609375 179.57334899902344 511.937744140625 218.68711853027344 3.79966 1.4995112 1.5842203 -6.029988 1.7787787 28.970774 0.09919071197509766 0.4776303172111511
Car 0.0 0 1.6273484230041504 552.7198486328125 178.0800018310547 579.8661499023438 202.06324768066406 3.755758 1.4602765 1.54343 -2.8207743 1.8120129 46.63029 1.5669296979904175 0.4614981710910797
Car 0.0 0 -1.6451661586761475 631.9100341796875 176.86651611328125 658.0228881835938 198.0071563720703 3.6297925 1.3982619 1.5447277 2.373805 1.6882952 50.25226 -1.5979634523391724 0.4179441034793854
