Pedestrian 0.0 0 -1.4315979480743408 363.8184814453125 155.36032104492188 387.8430480957031 202.76023864746094 0.9408276 1.8657776 0.79499847 -9.423658 1.1775415 28.931414 -1.746484637260437 0.28635919094085693
Cyclist 0.0 0 -1.7877024412155151 760.9757690429688 170.44918823242188 776.9884643554688 201.79685974121094 1.9100939 1.689383 0.46009132 8.732214 1.5601417 39.837532 -1.5719194412231445 0.6515365839004517
Cyclist 0.0 0 -1.8188296556472778 803.1787109375 167.26437377929688 826.3381958007812 209.21217346191406 1.7641943 1.6961099 0.5069771 8.475577 1.4704581 30.06035 -1.5440117120742798 0.5656324028968811
Cyclist 0.0 0 -1.0870743989944458 240.95761108398438 167.4755859375 269.53631591796875 200.96682739257812 1.8056021 1.7738198 0.62406915 -19.255032 1.489317 39.123257 -1.5444329977035522 0.5321632027626038
Cyclist 0.0 0 -1.7723987102508545 780.1990356445312 169.44801330566406 796.5389404296875 205.7610626220703 1.7001523 1.6957067 0.42466813 8.492871 1.5370158 34.54862 -1.5313544273376465 0.4780299961566925
Cyclist 0.0 0 1.3319015502929688 771.4288940429688 179.1719207763672 785.495361328125 206.90228271484375 1.7751616 1.76572 0.48831502 10.989629 2.187506 47.23648 1.5604865550994873 0.24289488792419434
Car 0.0 0 3.582979917526245 171.31027221679688 184.3540496826172 350.20465087890625 247.9905548095703 3.584655 1.4489608 1.5633043 -8.4262295 1.7410698 17.507837 3.1344175338745117 0.9152209758758545
Car 0.0 0 0.08484775573015213 466.3169860839844 177.66500854492188 521.9760131835938 200.02996826171875 3.7174246 1.520273 1.5624498 -8.0795145 1.8625195 50.355686 -0.07424517720937729 0.8684931993484497
Car 0.0 0 3.514158010482788 228.76821899414062 186.07350158691406 392.9745178222656 240.46249389648438 3.9354594 1.4277222 1.581184 -8.315071 1.8127586 20.16661 3.123077392578125 0.7642308473587036
Car 0.0 0 3.391989231109619 360.8166809082031 173.21693420410156 474.0174865722656 218.99925231933594 4.512518 1.9577588 1.8092778 -8.454169 1.974576 31.792622 3.1320877075195312 0.5754773020744324
Car 0.0 0 -1.6526780128479004 777.4302978515625 172.462158203125 819.16064453125 205.67674255371094 4.101863 1.5804983 1.7001286 9.4249 1.5622107 36.496838 -1.3999603986740112 0.2870488464832306
Car 0.0 0 -1.6016172170639038 604.0291748046875 179.04949951171875 622.824462890625 195.3751983642578 3.8160686 1.4562153 1.6433661 0.27876085 2.054904 67.75049 -1.5975027084350586 0.23122897744178772
