Pedestrian 0.0 0 -0.5957146883010864 905.3800048828125 144.27700805664062 1018.9136962890625 296.8433532714844 1.0782405 1.7702051 0.5994826 4.26297 1.3515986 8.567902 -0.13402800261974335 0.8264122009277344
Pedestrian 0.0 0 -0.4877369999885559 766.0604858398438 139.5459747314453 825.990966796875 245.07139587402344 0.78282636 1.7775263 0.6734055 3.275645 1.0893238 12.321361 -0.22789637744426727 0.161887064576149
Pedestrian 0.0 0 1.8097492456436157 59.94314956665039 191.47198486328125 95.4908676147461 254.60218811035156 0.58708197 1.7743168 0.70536 -15.25355 2.0991292 20.41722 1.1681115627288818 0.12660127878189087
Pedestrian 0.0 0 1.280042290687561 954.5213623046875 151.4884796142578 1026.323486328125 265.3553466796875 1.7363677 1.7162347 0.5450413 6.2112536 1.2806252 11.557116 1.773191213607788 0.1229337528347969
Pedestrian 0.0 0 3.6976492404937744 0.0 165.84814453125 66.08513641357422 255.11282348632812 0.9345485 1.7600011 0.54790086 -11.600252 1.4727453 14.266438 3.0149624347686768 0.1225789338350296
Pedestrian 0.0 0 1.2709624767303467 836.9742431640625 168.97341918945312 871.7666625976562 236.25526428222656 0.7567827 1.6592733 0.6296739 6.240437 1.3766073 17.821722 1.6077790260314941 0.11475026607513428
Pedestrian 0.0 0 -0.4607405960559845 892.879150390625 137.99325561523438 964.5795288085938 246.0945587158203 0.9051186 1.7458471 0.6080973 5.3149214 1.0610124 11.733828 -0.0354301854968071 0.10151548683643341
Cyclist 0.0 0 1.2721221446990967 955.1597900390625 151.6829376220703 1025.2618408203125 264.31048583984375 1.6552318 1.704878 0.53347296 6.21329 1.2703253 11.561402 1.7652530670166016 0.30612897872924805
Cyclist 0.0 0 -1.8535513877868652 855.0460815429688 141.3089141845703 917.6961669921875 248.9707489013672 1.420149 1.7061291 0.6023138 4.6736817 1.086719 11.934095 -1.4802862405776978 0.11363792419433594
Cyclist 0.0 0 -2.0011539459228516 907.6741333007812 140.27392578125 980.8335571289062 251.76263427734375 1.3734732 1.7413304 0.5660682 5.5489106 1.1147004 11.72831 -1.5592398643493652 0.11138380318880081
