Pedestrian 0.0 0 1.1802871227264404 768.7919921875 77.609130859375 908.6629638671875 321.6971130371094 0.9328441 1.7541661 0.7421271 1.7047403 1.0700359 5.683514 1.4716932773590088 0.33725473284721375
Pedestrian 0.0 0 -0.024673566222190857 465.87445068359375 171.41575622558594 480.931640625 207.37850952148438 0.7360422 1.8082018 0.5983255 -6.9778533 1.7362452 36.646206 -0.2128324955701828 0.3060566782951355
Pedestrian 0.0 0 -1.5583994388580322 449.5035400390625 160.08518981933594 467.1082458496094 204.14491271972656 1.1862489 1.8426417 0.7223121 -6.5148087 1.3089899 30.825089 -1.7666820287704468 0.22570279240608215
Pedestrian 0.0 0 1.528804898262024 634.9813842773438 144.38055419921875 658.935791015625 208.51284790039062 0.9892382 1.8756665 0.67217994 1.0514666 1.0432667 21.596792 1.5774527788162231 0.21880090236663818
Pedestrian 0.0 0 0.601740837097168 43.167110443115234 175.75926208496094 163.79310607910156 333.1018981933594 1.0245173 1.7826315 0.5551832 -5.9764643 1.8182356 8.4666815 -0.01292079221457243 0.2008887529373169
Cyclist 0.0 0 -2.5916330814361572 770.5184326171875 158.96449279785156 851.7937622070312 241.6042022705078 1.7293372 1.743652 0.5012253 4.391982 1.450949 16.023447 -2.324106454849243 0.4164474606513977
Cyclist 0.0 0 1.3845003843307495 614.2564086914062 160.2244415283203 637.450439453125 205.60740661621094 1.8330301 1.7917461 0.61303973 0.5912963 1.293482 29.438587 1.40458345413208 0.2941080629825592
Cyclist 0.0 0 1.528804898262024 634.9813842773438 144.38055419921875 658.935791015625 208.51284790039062 0.9892382 1.8756665 0.67217994 1.0514666 1.0432667 21.596792 1.5774527788162231 0.11077167838811874
Cyclist 0.0 0 -1.5340032577514648 449.5299072265625 159.67140197753906 467.4707946777344 203.35009765625 1.060905 1.8275032 0.7120782 -6.4949894 1.2763054 30.769537 -1.7420344352722168 0.10433481633663177
Car 0.0 0 1.9658123254776 129.60647583007812 200.81227111816406 415.1807861328125 375.0 3.5722563 1.5235245 1.549466 -3.4652474 1.9052749 8.045036 1.559097409248352 0.7584652900695801
Car 0.0 0 2.464818239212036 0.0 217.41477966308594 400.9352722167969 375.0 3.696134 1.483499 1.6963179 -2.3251843 1.7519783 2.3997097 1.6951916217803955 0.6792548894882202
Car 0.0 0 1.6244118213653564 506.4381103515625 182.17349243164062 530.77587890625 204.62586975097656 3.79493 1.5766141 1.61586 -6.8637114 2.3027022 54.23425 1.4985243082046509 0.6470110416412354
