Pedestrian 0.0 0 -1.4973663091659546 761.7359619140625 162.88180541992188 827.111083984375 283.0044860839844 0.828508 1.7123439 0.8916633 2.862489 1.4482578 10.774482 -1.237691879272461 0.8151502013206482
Pedestrian 0.0 0 -1.4306563138961792 549.2867431640625 179.12266540527344 568.3662719726562 218.63067626953125 0.8667141 1.7404327 0.7388021 -1.9120812 1.6366571 32.10366 -1.4901456832885742 0.7294953465461731
Pedestrian 0.0 0 1.8053100109100342 430.9572448730469 175.85984802246094 459.80810546875 241.5012664794922 0.7256846 1.7453281 0.6139771 -4.2536054 1.5965282 19.465794 1.5901747941970825 0.6654857993125916
Pedestrian 0.0 0 -1.184708833694458 445.6821594238281 180.26914978027344 473.3708801269531 233.54312133789062 0.79108113 1.6900907 0.6284054 -4.6100373 1.6521449 23.234026 -1.380582332611084 0.44881898164749146
Pedestrian 0.0 0 1.2427372932434082 247.8126678466797 181.50164794921875 301.7506103515625 281.4241027832031 0.67321724 1.6708485 0.6711309 -5.72029 1.6721616 12.484128 0.8130810260772705 0.40208563208580017
Pedestrian 0.0 0 0.7170908451080322 390.8707580566406 174.15773010253906 423.455078125 229.66473388671875 0.7287349 1.7353632 0.6926404 -6.2239165 1.5069236 22.925991 0.45200133323669434 0.321216344833374
Pedestrian 0.0 0 -1.547800898551941 313.4019775390625 157.3790740966797 326.45562744140625 195.033935546875 0.6515805 1.9093654 0.6095711 -14.437663 0.6871361 36.83264 -1.9213745594024658 0.2900203466415405
Pedestrian 0.0 0 1.4155012369155884 595.3155517578125 176.84844970703125 607.972412109375 207.82687377929688 0.57677066 1.8143941 0.66534907 0.01225954 1.5427297 42.406303 1.415790319442749 0.27855199575424194
Pedestrian 0.0 0 1.3780057430267334 602.5067138671875 181.14431762695312 614.174560546875 209.031005859375 0.74779123 1.7225524 0.5944034 0.43352082 1.7013183 44.790524 1.3876843452453613 0.23387229442596436
Pedestrian 0.0 0 0.5048647522926331 89.45211791992188 203.40887451171875 261.369140625 374.0 1.0132734 1.6026483 0.87642175 -3.7696836 1.811901 6.3598905 -0.030190322548151016 0.20530392229557037
Pedestrian 0.0 0 1.3741886615753174 607.4763793945312 179.38087463378906 619.6729736328125 209.88401794433594 0.63994575 1.7861288 0.6062511 0.7168814 1.6628174 42.42892 1.3910831212997437 0.2008347362279892
Pedestrian 0.0 0 -2.4630956649780273 1116.337890625 148.3390655517578 1238.0 374.0 0.8465333 1.7134765 0.68821424 3.6915183 1.5389011 4.2883573 -1.7523516416549683 0.20014885067939758
Pedestrian 0.0 0 0.30217382311820984 560.8665161132812 178.97572326660156 569.7994384765625 198.82948303222656 0.64454544 1.8256956 0.7083976 -3.302465 1.5939376 66.47697 0.2525362968444824 0.19293341040611267
Pedestrian 0.0 0 2.273669481277466 583.57470703125 180.41302490234375 599.933837890625 202.88743591308594 1.1900265 1.6677579 0.60287565 -0.70531267 1.5876797 53.95366 2.2605977058410645 0.18022580444812775
Pedestrian 0.0 0 -1.0514476299285889 1160.4210205078125 90.14384460449219 1238.0 246.542724609375 0.62123245 1.7775645 0.6459932 7.1810536 0.7405992 8.572351 -0.35413825511932373 0.1793363243341446
Pedestrian 0.0 0 0.4120405912399292 419.1878967285156 187.87852478027344 447.5382385253906 235.30032348632812 0.823977 1.7152241 0.658523 -6.213564 1.9549878 26.484415 0.1815962791442871 0.17316514253616333
Cyclist 0.0 0 -0.2673797905445099 507.4104919433594 181.98916625976562 548.7227172851562 220.28094482421875 1.769795 1.7278525 0.7018019 -3.3901637 1.7517345 33.07399 -0.3695254623889923 0.4871588945388794
Cyclist 0.0 0 2.068702459335327 581.6956787109375 181.04739379882812 599.5790405273438 204.31077575683594 1.6160611 1.7192063 0.6514424 -0.78518474 1.686345 53.95047 2.054149627685547 0.21865549683570862
Cyclist 0.0 0 -1.184708833694458 445.6821594238281 180.26914978027344 473.3708801269531 233.54312133789062 0.79108113 1.6900907 0.6284054 -4.6100373 1.6521449 23.234026 -1.380582332611084 0.18668422102928162
Cyclist 0.0 0 -0.986098051071167 321.8200988769531 161.7329559326172 407.69561767578125 279.7154235839844 1.4115192 1.8265768 0.68755555 -3.9254472 1.5218487 11.889758 -1.304984211921692 0.17293119430541992
Cyclist 0.0 0 -2.4634954929351807 1105.693359375 146.25436401367188 1238.0 374.0 1.0034761 1.7038984 0.7179524 3.6898513 1.5231228 4.268686 -1.750700831413269 0.14991292357444763
