Pedestrian 0.0 0 0.5180433988571167 177.19688415527344 141.34091186523438 324.8023986816406 345.4126892089844 0.9853677 1.7134628 0.6411146 -3.1666286 1.3863732 6.276833 0.050806522369384766 0.7396799921989441
Pedestrian 0.0 0 -1.9505563974380493 826.851318359375 173.2632598876953 876.9842529296875 245.86087036132812 0.93520594 1.7835352 0.9112467 6.183553 1.6073447 17.853605 -1.6171391010284424 0.5228383541107178
Pedestrian 0.0 0 -2.6584408283233643 257.4504699707031 166.64984130859375 309.44085693359375 261.0608825683594 0.72106355 1.7840658 0.59877425 -6.2536063 1.5239776 13.674473 -3.08736515045166 0.3708181381225586
Pedestrian 0.0 0 0.5940568447113037 199.09646606445312 145.70167541503906 256.4971008300781 238.79469299316406 0.7901574 1.7920792 0.6177637 -7.478212 1.12383 13.953545 0.10207509994506836 0.2209099978208542
Pedestrian 0.0 0 0.2969586253166199 666.7640991210938 165.51547241210938 726.255615234375 255.0662078857422 1.0461637 1.7692615 0.72457117 1.8417773 1.4748404 14.509403 0.423220157623291 0.14178232848644257
Pedestrian 0.0 0 -0.8465937972068787 856.338623046875 145.14129638671875 919.9894409179688 256.12957763671875 0.6977268 1.7739382 0.6957334 4.661252 1.2104506 11.763909 -0.4693388342857361 0.1356722116470337
Pedestrian 0.0 0 -0.5521376132965088 814.0537719726562 182.6454315185547 869.0281982421875 270.04974365234375 0.7824087 1.6735533 0.69394773 4.6273174 1.7189177 13.981798 -0.2325308918952942 0.13236866891384125
Cyclist 0.0 0 -3.4364428520202637 1061.218017578125 157.69754028320312 1224.0 271.4573974609375 1.9027312 1.514465 0.90630937 7.7370358 1.2125722 10.164008 -2.7858002185821533 0.5942344665527344
Cyclist 0.0 0 1.1427805423736572 1165.3076171875 136.3416748046875 1224.0 251.20822143554688 1.6429071 1.84252 0.53265023 10.344791 1.1358515 12.199381 1.8460988998413086 0.1262119859457016
Car 0.0 0 0.9255068898200989 0.0 136.64234924316406 142.75404357910156 269.9287414550781 4.044541 1.7815648 1.7797861 -9.523401 1.197016 10.717967 0.19905638694763184 0.18671955168247223
Car 0.0 0 1.147315502166748 522.423828125 200.27659606933594 655.1392822265625 278.04620361328125 3.9571443 1.4637393 1.5769249 -0.5517406 1.9865371 16.505823 1.113900899887085 0.1671592742204666
Car 0.0 0 2.071396589279175 290.0852355957031 197.65106201171875 407.0508728027344 256.6872863769531 3.6162777 1.4313 1.5880134 -7.208996 1.9682504 20.156553 1.727922797203064 0.12167732417583466
