Pedestrian 0.0 0 0.5772795677185059 362.2149963378906 173.79185485839844 378.7025451660156 196.27511596679688 1.1651274 1.8485047 0.58717376 -19.871424 1.9271393 59.787674 0.25639939308166504 0.21015071868896484
Cyclist 0.0 0 -2.1659722328186035 982.3228759765625 134.1175994873047 1118.931884765625 284.57586669921875 1.9214116 1.8116279 0.56713367 5.757972 1.345571 9.660553 -1.6284774541854858 0.7996219992637634
Cyclist 0.0 0 1.425373911857605 364.48187255859375 174.1751708984375 374.6612854003906 195.83065795898438 1.5582491 1.7685174 0.58012676 -19.971027 1.8799794 59.84944 1.103304386138916 0.16030031442642212
Cyclist 0.0 0 -0.8844496607780457 1149.8206787109375 156.16552734375 1193.3817138671875 198.58917236328125 1.6403359 1.8438972 0.6182154 24.741692 1.1189091 31.84158 -0.22387593984603882 0.12045857310295105
Car 0.0 0 -1.5646892786026 557.05712890625 171.22714233398438 694.7872924804688 303.2533874511719 3.3023067 1.7062936 1.7835099 0.18850243 1.6856259 10.993772 -1.5475447177886963 0.9023018479347229
Car 0.0 0 1.4849189519882202 591.5945434570312 181.14410400390625 645.6438598632812 226.23899841308594 3.8118567 1.4166112 1.5588926 0.18955684 1.7307436 25.345816 1.492397665977478 0.2453252375125885
Car 0.0 0 -1.5525052547454834 595.2152709960938 170.20761108398438 623.3095703125 195.3489990234375 3.8063538 1.5058739 1.6835717 -0.04501088 1.3477235 45.13209 -1.5535025596618652 0.24496208131313324
Car 0.0 0 1.2077157497406006 572.4891967773438 172.97476196289062 603.9241943359375 189.85055541992188 3.8863473 1.4984931 1.6028773 -2.0513387 1.5102814 66.19852 1.1767380237579346 0.16590134799480438
Car 0.0 0 0.8669635653495789 1069.4674072265625 152.94815063476562 1242.0 267.10992431640625 4.0930324 1.5528877 1.7354773 9.709718 1.2824757 11.874102 1.5524177551269531 0.1338062584400177
Car 0.0 0 1.9954122304916382 320.7152404785156 182.968017578125 364.426025390625 203.828857421875 4.314981 1.5625696 1.690489 -21.606895 2.4125683 58.399525 1.6410462856292725 0.11902754008769989
