Pedestrian 0.0 0 -2.6299500465393066 341.8597717285156 157.4591522216797 366.2901306152344 194.80010986328125 1.0383319 1.8679274 0.5262492 -12.960094 1.0981803 36.438263 -2.9716694355010986 0.35999736189842224
Pedestrian 0.0 0 -0.6097208261489868 1036.820068359375 180.11233520507812 1094.146484375 248.77842712402344 0.94393593 1.844974 0.9951082 12.569522 2.0519233 20.01408 -0.04894271865487099 0.1685432344675064
Pedestrian 0.0 0 -2.7272262573242188 532.689453125 176.78359985351562 550.7160034179688 216.1144561767578 0.58999604 1.6784157 0.58989936 -2.9952707 1.8509294 31.235327 -2.8228275775909424 0.13519492745399475
Cyclist 0.0 0 -2.0642635822296143 922.7808227539062 141.87384033203125 1023.39892578125 266.1152648925781 2.029542 1.8274249 0.5385656 5.732931 1.3721062 11.6338215 -1.6064075231552124 0.9007380604743958
Car 0.0 0 -1.5811917781829834 560.80517578125 171.29461669921875 685.3606567382812 288.6642761230469 3.1157615 1.6736015 1.7761806 0.1344123 1.6517236 11.844554 -1.5698442459106445 0.8696106672286987
Car 0.0 0 -1.6356539726257324 592.9736938476562 183.09230041503906 639.2780151367188 223.18426513671875 3.7174084 1.4578767 1.616154 0.1471207 1.8983546 29.110722 -1.6306002140045166 0.39741578698158264
Car 0.0 0 -1.572419285774231 597.4715576171875 171.8084716796875 623.0934448242188 194.31625366210938 3.5819013 1.4667102 1.6697044 -0.016192842 1.3989364 48.80854 -1.5727510452270508 0.2779446244239807
Car 0.0 0 2.86850643157959 458.4027404785156 168.53237915039062 552.8363037109375 205.17356872558594 3.713218 1.4975429 1.6202958 -4.5222764 1.3212742 30.98095 2.7235605716705322 0.1308528184890747
Car 0.0 0 -2.649325132369995 173.61410522460938 137.33633422851562 435.1479187011719 235.0436553955078 3.6751761 1.4891284 1.6060246 -5.010418 0.94817185 11.969132 -3.0457723140716553 0.1241808608174324
Car 0.0 0 1.3254094123840332 766.6754760742188 177.19309997558594 803.84765625 200.60484313964844 3.5774207 1.5371643 1.6693915 12.029866 1.8480179 49.83324 1.5622800588607788 0.12184812873601913
Car 0.0 0 0.6832981109619141 0.0 100.06986236572266 290.5887145996094 253.58706665039062 4.066364 1.5608405 1.6876185 -6.1182446 0.8211874 8.270429 0.04637408256530762 0.11682876199483871
