Cyclist 0.0 0 1.6440914869308472 485.402587890625 177.6933135986328 510.2310791015625 236.38461303710938 1.7203668 1.6595255 0.6078031 -3.3634114 1.8095281 21.426865 1.488390326499939 0.9058362245559692
Car 0.0 0 -1.6886976957321167 630.5555419921875 181.05589294433594 680.5950317382812 218.4731903076172 4.201015 1.4012493 1.5831064 1.7889141 1.7681679 30.10111 -1.6293373107910156 0.9332532286643982
Car 0.0 0 3.6224162578582764 0.0 179.5047149658203 289.68084716796875 309.7945861816406 3.9439797 1.6657571 1.6912102 -7.003249 1.7717037 10.391522 3.0293960571289062 0.9285613894462585
Car 0.0 0 -0.4045381546020508 768.9085083007812 184.59909057617188 1007.1970825195312 262.8555603027344 4.1836643 1.4485828 1.6030496 5.4299817 1.6999851 14.521392 -0.046706054359674454 0.8977839946746826
Car 0.0 0 3.3967742919921875 322.63372802734375 181.15322875976562 467.250732421875 226.41847229003906 4.366794 1.4378916 1.6186997 -7.1471114 1.7258567 24.121185 3.108715295791626 0.8971636295318604
Car 0.0 0 -0.650741457939148 939.4661865234375 182.15716552734375 1242.0 314.3007507324219 3.4511685 1.4932953 1.5689765 6.207063 1.6230145 9.152467 -0.054807133972644806 0.868516206741333
Car 0.0 0 -3.8684754371643066 1026.1424560546875 197.05979919433594 1242.0 375.0 3.449225 1.4573243 1.5883516 5.894388 1.7038041 6.52638 -3.133915424346924 0.8450268507003784
Car 0.0 0 2.6411852836608887 830.1248168945312 179.9900665283203 1122.5184326171875 290.1376953125 3.883128 1.6136373 1.6421645 5.68491 1.7376301 11.591606 3.0971503257751465 0.8425449132919312
Car 0.0 0 -0.3452335596084595 769.491943359375 171.588134765625 965.0732421875 247.4195556640625 3.9680986 1.6773099 1.6320909 5.832329 1.649668 16.7947 -0.010991131886839867 0.7521081566810608
Car 0.0 0 0.450860857963562 52.16197204589844 151.30189514160156 356.414794921875 271.88470458984375 4.444989 2.0002997 1.7666457 -7.1328344 1.6431383 12.964467 -0.05212312191724777 0.6442241072654724
Car 0.0 0 -2.7873411178588867 369.3550109863281 180.6233673095703 488.9740295410156 223.44351196289062 4.02677 1.5184985 1.62458 -6.757919 1.8204852 26.983194 -3.032742500305176 0.5805038809776306
Car 0.0 0 0.8520278334617615 0.0 197.3349151611328 115.1875 375.0 4.032992 1.44477 1.6030817 -6.7136745 1.6755592 5.9709315 0.008141756057739258 0.579493522644043
