Pedestrian 0.0 0 -1.7199182510375977 742.6934204101562 162.07032775878906 766.5015258789062 218.52125549316406 0.6960084 1.8189807 0.6662791 4.6806235 1.4718637 23.610023 -1.5242085456848145 0.6828117966651917
Car 0.0 0 -1.7973830699920654 705.3013305664062 180.8651885986328 817.7760009765625 257.21661376953125 3.6541195 1.4079307 1.5502709 3.0737848 1.6014184 15.5412655 -1.6021209955215454 0.9587064981460571
Car 0.0 0 -2.0746870040893555 809.952392578125 185.75729370117188 1242.0 375.0 4.0396194 1.4284694 1.6125011 2.8367612 1.5615242 5.3828406 -1.5896729230880737 0.9433881044387817
Car 0.0 0 1.6346334218978882 539.989013671875 179.205322265625 573.4564208984375 209.77615356445312 3.6896255 1.5474589 1.580254 -2.883426 1.9087003 39.14273 1.5611017942428589 0.9221168756484985
Car 0.0 0 -1.7438502311706543 676.2194213867188 174.47802734375 758.9044799804688 236.8994598388672 3.66052 1.5556729 1.6267042 2.8207214 1.605076 19.931738 -1.6032646894454956 0.9166420698165894
Car 0.0 0 0.19667759537696838 418.7860412597656 182.61557006835938 475.9203186035156 203.3462371826172 3.905805 1.4931602 1.5956905 -12.078921 2.2302914 53.61045 -0.02493102103471756 0.8245611786842346
Car 0.0 0 -1.4779988527297974 598.1297607421875 176.0442657470703 625.2608642578125 198.07940673828125 3.6047688 1.502095 1.6149424 0.12518977 1.7388667 51.595882 -1.4755724668502808 0.8234038352966309
Car 0.0 0 -1.76508629322052 666.5639038085938 174.2650604248047 725.7999877929688 220.59410095214844 2.8003643 1.4481169 1.4388485 2.777833 1.4984367 24.091908 -1.6502916812896729 0.665861964225769
Car 0.0 0 -1.6767339706420898 652.8773193359375 177.31668090820312 695.5265502929688 211.56600952148438 3.8160489 1.4834378 1.575624 2.9013207 1.70398 33.673786 -1.5907865762710571 0.6045727729797363
Car 0.0 0 0.277697890996933 337.7557067871094 183.40699768066406 400.26104736328125 204.36654663085938 4.128643 1.5069746 1.6073002 -17.915108 2.305428 53.670715 -0.044469621032476425 0.5115243792533875
