Pedestrian 0.0 0 0.5088393092155457 149.4844207763672 157.03765869140625 257.2080078125 300.0014953613281 1.0633515 1.723657 0.47911033 -5.012254 1.4424617 8.76482 -0.01063231285661459 0.8141126036643982
Pedestrian 0.0 0 3.4339489936828613 204.0811004638672 144.90243530273438 254.269287109375 239.56907653808594 0.7283486 1.8171426 0.61848915 -7.4423 1.1354746 13.941786 2.9436187744140625 0.19790442287921906
Pedestrian 0.0 0 -0.6122303009033203 1019.5419921875 201.56787109375 1128.802490234375 291.84661865234375 1.7256047 1.671691 0.58177817 8.932004 2.0866733 13.55115 -0.029461801052093506 0.17195817828178406
Pedestrian 0.0 0 -3.7094342708587646 1094.1009521484375 136.14439392089844 1197.2530517578125 245.98931884765625 1.1771625 1.7482924 0.6599015 8.820599 1.0439833 11.625049 -3.060351610183716 0.1546759307384491
Pedestrian 0.0 0 -3.204238176345825 976.1475219726562 217.24508666992188 1090.4698486328125 370.0 0.6895283 1.6468486 0.63397443 3.1340725 1.9478704 5.315682 -2.671508312225342 0.13562297821044922
Pedestrian 0.0 0 1.1691162586212158 637.2637329101562 167.9517822265625 695.5665893554688 266.2314453125 0.91993994 1.7031337 0.74879044 1.0554547 1.4873254 12.8020735 1.2513742446899414 0.1270342320203781
Pedestrian 0.0 0 -0.315696656703949 770.0475463867188 131.6263885498047 828.4273071289062 236.9108428955078 0.8119936 1.784311 0.67024887 3.3321805 0.9576725 12.33346 -0.05182264745235443 0.12564106285572052
Pedestrian 0.0 0 -0.39018160104751587 941.41943359375 151.49920654296875 1026.5699462890625 256.7220153808594 1.1085825 1.6897118 0.5632112 6.199852 1.225659 11.683435 0.097686767578125 0.10260693728923798
Cyclist 0.0 0 -0.6122303009033203 1019.5419921875 201.56787109375 1128.802490234375 291.84661865234375 1.7256047 1.671691 0.58177817 8.932004 2.0866733 13.55115 -0.029461801052093506 0.232705220580101
Cyclist 0.0 0 1.5555405616760254 861.9983520507812 137.70994567871094 899.9009399414062 246.8842010498047 1.7511649 1.7085005 0.5572341 4.6093435 1.0405229 11.9777975 1.9228960275650024 0.1977221667766571
Car 0.0 0 -2.6167187690734863 282.2580871582031 200.36953735351562 446.29840087890625 260.5057373046875 3.90987 1.4577947 1.6191704 -6.4888606 2.0290308 19.089401 -2.944385051727295 0.12853823602199554
