Cyclist 0.0 0 1.6839476823806763 474.2934875488281 178.57362365722656 504.090087890625 242.92953491210938 1.7887802 1.6887337 0.62031573 -3.3783355 1.8548846 20.00239 1.5166301727294922 0.960858941078186
Car 0.0 0 -1.683724284172058 629.5211791992188 180.38516235351562 682.5352172851562 219.3705291748047 4.2345314 1.4075179 1.6439987 1.7344685 1.7335312 29.039278 -1.6240668296813965 0.9467567801475525
Car 0.0 0 3.6841466426849365 0.0 181.54324340820312 260.2489929199219 313.5303955078125 3.7225091 1.5336536 1.6216077 -6.902887 1.6598606 9.478239 3.0546867847442627 0.9367694854736328
Car 0.0 0 3.4244906902313232 304.0601806640625 181.693115234375 456.1947021484375 230.03419494628906 4.378732 1.4745343 1.6307245 -7.343298 1.7696403 23.190392 3.1178271770477295 0.9304533004760742
Car 0.0 0 -0.7122853398323059 970.5304565429688 185.4736328125 1242.0 335.85540771484375 3.4490914 1.4917806 1.5653033 6.152093 1.6514325 8.205444 -0.06893949210643768 0.9116402268409729
Car 0.0 0 -0.43909430503845215 783.1458129882812 187.30235290527344 1035.6575927734375 271.40234375 4.120796 1.4446776 1.5833725 5.4790196 1.7357724 13.609884 -0.05636877566576004 0.9091914892196655
Car 0.0 0 2.572216749191284 847.9819946289062 182.80905151367188 1174.5634765625 300.40667724609375 4.0084424 1.5650748 1.6341947 5.7664776 1.7268785 10.73129 3.0652973651885986 0.8746485114097595
Car 0.0 0 0.45872294902801514 10.526883125305176 149.87887573242188 335.3367004394531 287.4972229003906 4.310386 2.0995846 1.7576979 -7.115685 1.7494206 12.043186 -0.07493949681520462 0.763365626335144
Car 0.0 0 -0.8668134212493896 1079.21044921875 189.58326721191406 1242.0 375.0 3.6797285 1.5180186 1.6129687 6.000333 1.6720396 5.71472 -0.05704009532928467 0.7440782785415649
Car 0.0 0 -0.3101840615272522 777.216552734375 175.21734619140625 971.6968994140625 263.9152526855469 3.6718757 1.8329141 1.6683649 5.638868 1.8881086 15.847046 0.03167581558227539 0.7264777421951294
