Pedestrian 0.0 0 1.1589628458023071 801.4900512695312 110.83954620361328 859.5179443359375 231.74415588378906 0.723708 1.6742867 0.55222166 3.1068914 0.8158685 10.381654 1.4497474431991577 0.533393144607544
Pedestrian 0.0 0 1.8102731704711914 376.8779296875 178.20155334472656 409.91754150390625 248.33876037597656 0.7415176 1.8512535 0.70052063 -5.890824 1.9989665 19.490526 1.5167622566223145 0.4392715096473694
Pedestrian 0.0 0 -0.7982022762298584 1152.1214599609375 166.10646057128906 1242.0 355.2702941894531 0.8615511 1.7260787 0.64082515 5.830902 1.6648667 6.9427996 -0.09963110089302063 0.30071505904197693
Pedestrian 0.0 0 2.98149037361145 694.9749755859375 134.84535217285156 721.770751953125 199.2082977294922 0.6771327 1.8474576 0.65414286 2.8165982 0.7568252 21.044197 3.11454176902771 0.28920403122901917
Pedestrian 0.0 0 2.84924578666687 647.4022216796875 158.16651916503906 669.9081420898438 193.7680206298828 1.1086501 1.8851911 0.47990605 2.5625558 1.107809 38.562584 2.915600061416626 0.2846883535385132
Pedestrian 0.0 0 1.5505872964859009 692.0328979492188 156.4580841064453 703.1442260742188 188.14248657226562 1.6148305 1.802214 0.60511196 5.042541 0.8699697 41.87196 1.6704378128051758 0.20547623932361603
Cyclist 0.0 0 1.5524959564208984 692.1001586914062 156.57701110839844 703.1309814453125 188.14865112304688 1.6106389 1.7959626 0.603641 5.0444093 0.87039936 41.873917 1.6723848581314087 0.27829617261886597
Car 0.0 0 -1.3053603172302246 317.7343444824219 199.9499969482422 452.36468505859375 289.4472961425781 3.603181 1.379266 1.5916694 -4.2608576 1.9756756 14.045493 -1.5998979806900024 0.9614368677139282
Car 0.0 0 -1.9487292766571045 764.381591796875 175.95932006835938 1060.786865234375 364.0762939453125 3.5267503 1.5278934 1.6072931 2.817948 1.5690866 7.701067 -1.5979458093643188 0.9535120129585266
Car 0.0 0 -1.7222999334335327 676.51318359375 180.4712677001953 759.8636474609375 245.29751586914062 3.3687556 1.4322281 1.5427649 2.5579963 1.64081 18.028591 -1.5813552141189575 0.9500677585601807
Car 0.0 0 1.694108247756958 492.1993408203125 183.34303283691406 531.7805786132812 214.79058837890625 3.6048648 1.4821538 1.582392 -5.01703 2.0470972 37.023624 1.5594197511672974 0.8857666850090027
Car 0.0 0 -1.3487263917922974 423.6439514160156 180.6324462890625 504.11962890625 239.74038696289062 3.998434 1.6777403 1.670987 -4.5995455 1.9481544 23.028557 -1.545864462852478 0.8800040483474731
Car 0.0 0 -1.6443431377410889 649.1939086914062 179.17799377441406 688.6686401367188 212.02688598632812 3.7743373 1.4177902 1.5557659 2.6665108 1.7306322 33.75896 -1.5655200481414795 0.8321493268013
Car 0.0 0 -1.6967722177505493 566.0107421875 177.51856994628906 588.8931884765625 194.97743225097656 3.790289 1.523364 1.6240917 -3.0257294 1.9635913 66.032585 -1.742561936378479 0.2691921889781952
