Pedestrian 0.0 0 -2.4451653957366943 971.0742797851562 143.57447814941406 1120.1754150390625 328.5395812988281 0.9443846 1.6544385 0.7961615 4.2463484 1.3165903 6.9980807 -1.8997700214385986 0.7607012391090393
Pedestrian 0.0 0 -2.8249223232269287 786.7112426757812 155.55258178710938 825.5328369140625 242.7112274169922 0.5563893 1.745661 0.78932565 4.203674 1.2272171 14.867333 -2.5493693351745605 0.5730385184288025
Pedestrian 0.0 0 1.9201531410217285 424.6377258300781 131.57884216308594 475.72802734375 232.9187469482422 0.8640823 1.7693663 0.65171015 -2.7676797 0.89903325 13.01254 1.7105828523635864 0.4200612008571625
Pedestrian 0.0 0 3.3913073539733887 305.3053894042969 150.177490234375 358.65966796875 238.3643341064453 0.9557373 1.8450866 0.58420515 -5.7909427 1.1909766 15.369795 3.03098201751709 0.3699917197227478
Pedestrian 0.0 0 0.3181115984916687 633.9940185546875 164.33038330078125 650.4302978515625 193.52041625976562 0.9077012 1.8212035 0.5483885 2.5751808 0.7506966 45.236633 0.37497711181640625 0.3371284008026123
Pedestrian 0.0 0 2.786970615386963 649.5720825195312 163.65103149414062 667.592041015625 192.528564453125 1.0175711 1.8209919 0.5417841 3.6406124 0.6961717 45.69389 2.866476535797119 0.3066398501396179
Pedestrian 0.0 0 1.823267936706543 564.8717651367188 163.7783203125 582.1173706054688 202.08876037597656 0.73598474 1.8030788 0.659356 -1.3381579 0.9699241 34.235256 1.784200668334961 0.30158907175064087
Pedestrian 0.0 0 -1.2752265930175781 474.9252014160156 171.08200073242188 498.9544677734375 216.35340881347656 1.0308739 1.7267368 0.6531493 -4.4668336 1.330399 27.95128 -1.4336944818496704 0.29613712430000305
Pedestrian 0.0 0 -0.8562338352203369 966.6900634765625 141.53390502929688 987.818359375 181.14373779296875 0.67199266 1.9098352 0.6260272 18.33011 -0.01670508 35.054684 -0.3744341731071472 0.24411450326442719
Pedestrian 0.0 0 0.6120506525039673 0.0 136.57748413085938 71.84249877929688 290.20306396484375 0.7041919 1.7723597 0.75795984 -7.074951 1.2554427 8.687854 -0.07137909531593323 0.2411496341228485
Pedestrian 0.0 0 1.732669472694397 496.5585632324219 172.2650146484375 519.3929443359375 222.45703125 1.0715823 1.825088 0.67872584 -3.4820645 1.4903303 26.663944 1.6028136014938354 0.21116164326667786
Cyclist 0.0 0 -1.303502082824707 475.33123779296875 170.47412109375 498.71990966796875 214.96749877929688 1.1517935 1.6955321 0.6193612 -4.4666595 1.2763878 27.977512 -1.4618178606033325 0.2179822474718094
Cyclist 0.0 0 1.3006911277770996 652.3766479492188 164.22206115722656 664.2662353515625 193.10028076171875 0.95724106 1.8180506 0.5169042 3.6257849 0.73102534 45.73976 1.3797955513000488 0.1784980744123459
Cyclist 0.0 0 1.1031572818756104 635.1765747070312 164.6834259033203 649.2667846679688 193.53895568847656 0.8925888 1.7960892 0.5405937 2.571228 0.750085 45.2267 1.1599481105804443 0.14703886210918427
Cyclist 0.0 0 1.732669472694397 496.5585632324219 172.2650146484375 519.3929443359375 222.45703125 1.0715823 1.825088 0.67872584 -3.4820645 1.4903303 26.663944 1.6028136014938354 0.11288467049598694
Cyclist 0.0 0 3.3400607109069824 305.0201110839844 153.68292236328125 363.0660705566406 240.6234130859375 1.0842575 1.8189646 0.51964474 -5.7454076 1.2382115 15.3688755 2.9823126792907715 0.10340502113103867
Car 0.0 0 1.664527416229248 576.4028930664062 174.088134765625 631.9807739257812 217.06455993652344 4.160284 1.3895496 1.5780128 0.15159225 1.150998 25.37154 1.6705021858215332 0.8377447724342346
Car 0.0 0 0.4537431001663208 0.0 0.0 1238.0 374.0 3.5719168 1.4706064 1.5903893 2.1617324 1.3231022 0.96798825 1.6035301685333252 0.2532155513763428
