Pedestrian 0.0 0 -1.6344776153564453 796.0781860351562 175.77493286132812 868.1732788085938 309.01092529296875 0.7737259 1.625857 0.8342526 2.7841997 1.6657549 9.29365 -1.3434053659439087 0.555717945098877
Car 0.0 0 -1.5947315692901611 598.337158203125 179.3839111328125 661.0344848632812 230.23670959472656 3.3634229 1.3509005 1.7032397 0.48500472 1.5590928 21.279673 -1.5719436407089233 0.9394581913948059
Car 0.0 0 -1.90670645236969 761.277099609375 180.55889892578125 903.4718017578125 266.5672607421875 3.6056185 1.461782 1.5750159 4.2239046 1.6359247 14.430896 -1.6219614744186401 0.9379994869232178
Car 0.0 0 -2.2414915561676025 389.7740173339844 176.5840606689453 526.93505859375 238.0818634033203 3.6325626 1.4183383 1.51934 -4.009734 1.5238035 18.58917 -2.453939199447632 0.9364787936210632
Car 0.0 0 -1.7897498607635498 725.7720336914062 180.51043701171875 815.2637939453125 239.7084197998047 3.790575 1.4161856 1.5645822 4.20751 1.645282 19.651892 -1.5788321495056152 0.9215326905250549
Car 0.0 0 -2.068958044052124 861.43603515625 173.0085906982422 1242.0 375.0 4.136339 1.5457323 1.6875914 4.1108894 1.5481373 7.4814034 -1.5665134191513062 0.8530330657958984
Car 0.0 0 -1.605231523513794 605.1862182617188 174.55650329589844 642.7855224609375 207.1948699951172 3.4972866 1.4980053 1.697122 0.59604955 1.5852579 35.060837 -1.5882327556610107 0.8362677097320557
Car 0.0 0 -1.7679036855697632 706.0244750976562 164.8577423095703 777.5029907226562 221.2523651123047 3.901641 1.7945089 1.6764357 4.4119945 1.5404214 24.925709 -1.5927125215530396 0.7759833335876465
Car 0.0 0 2.1505117416381836 292.37835693359375 174.51251220703125 404.2559814453125 225.8452911376953 3.5237367 1.4151362 1.503484 -7.8703413 1.4701778 21.898928 1.8054927587509155 0.7287407517433167
Car 0.0 0 2.1075024604797363 181.1049041748047 175.5061492919922 341.5916442871094 249.0201873779297 3.8363428 1.4863486 1.5938889 -7.9229484 1.5554447 16.713434 1.6648322343826294 0.6586613059043884
Car 0.0 0 2.2068216800689697 86.04362487792969 174.84939575195312 219.86546325683594 225.7852783203125 3.7650154 1.4249781 1.5500842 -13.985869 1.4922831 22.270023 1.646058440208435 0.6426237225532532
Car 0.0 0 -1.7771451473236084 146.76028442382812 182.30596923828125 358.83453369140625 332.8378601074219 3.8612764 1.4462166 1.6016535 -4.747648 1.593147 9.183531 -2.254279613494873 0.6195111274719238
Car 0.0 0 -1.6375890970230103 0.0 183.0089569091797 248.49169921875 375.0 3.5705738 1.4247062 1.5869187 -4.1277084 1.527417 5.403801 -2.2898972034454346 0.5555201768875122
