Pedestrian 0.0 0 -1.4387189149856567 745.2693481445312 141.7062225341797 859.1536254882812 340.520263671875 0.92193127 1.6544207 0.8945608 1.8077699 1.3246669 6.57383 -1.1703574657440186 0.8975319266319275
Pedestrian 0.0 0 -1.686692476272583 953.109130859375 121.58941650390625 1048.9097900390625 277.83026123046875 0.855071 1.7267305 0.8909786 4.6443925 1.0659701 8.499567 -1.1865966320037842 0.8054318428039551
Pedestrian 0.0 0 -1.6518291234970093 558.4097290039062 164.3951873779297 589.8865966796875 229.9740753173828 0.8890149 1.7020468 0.7653667 -0.767292 1.259278 19.128672 -1.6919198036193848 0.7977864742279053
Pedestrian 0.0 0 -2.6100873947143555 1082.9163818359375 124.33149719238281 1198.0264892578125 285.07916259765625 0.80983365 1.7158182 0.6907724 6.0675898 1.1069617 8.172437 -1.9714385271072388 0.78471839427948
Pedestrian 0.0 0 -1.7449283599853516 585.2547607421875 164.1312255859375 611.7353515625 213.2591552734375 1.042141 1.8136519 0.8289783 -0.1393254 1.1734895 27.10273 -1.7500689029693604 0.7527017593383789
Pedestrian 0.0 0 -1.7748371362686157 596.0765991210938 167.63873291015625 625.3084106445312 228.20803833007812 0.8473736 1.6529287 0.65673745 0.22109962 1.275813 20.079466 -1.7638263702392578 0.7023380994796753
Pedestrian 0.0 0 -1.022594690322876 622.48779296875 165.72267150878906 657.8508911132812 224.86021423339844 0.8050491 1.6850389 0.7190443 1.106526 1.2366287 21.000584 -0.9699530601501465 0.6564326286315918
Pedestrian 0.0 0 -2.734543561935425 479.8381042480469 163.88717651367188 512.9650268554688 225.6662139892578 0.7438452 1.7188915 0.62657386 -3.005958 1.2299963 20.382317 -2.880966901779175 0.6406173706054688
Pedestrian 0.0 0 -1.6107171773910522 611.0476684570312 164.12388610839844 635.8939208984375 226.62869262695312 0.8362797 1.6142033 0.6201727 0.54270065 1.1666353 18.970196 -1.582116961479187 0.5650895833969116
Pedestrian 0.0 0 0.07052741944789886 736.7109375 165.50108337402344 770.294189453125 227.49732971191406 0.9170379 1.7713871 0.6375087 4.4114475 1.3153993 20.954369 0.27802371978759766 0.5147584080696106
Pedestrian 0.0 0 -2.414977550506592 741.6170043945312 156.38064575195312 772.6159057617188 216.40396118164062 0.5990966 1.7735255 0.70200056 4.668332 1.032446 21.671276 -2.2028040885925293 0.5103121399879456
Pedestrian 0.0 0 0.9231452941894531 638.4193725585938 165.19480895996094 660.9772338867188 211.4005126953125 0.61099166 1.7772847 0.6398851 1.8652282 1.1511321 28.05887 0.98952317237854 0.44877445697784424
Pedestrian 0.0 0 1.517308235168457 460.55419921875 170.0425567626953 474.90692138671875 208.21665954589844 0.9522856 1.7755344 0.6152735 -6.332657 1.243554 33.94346 1.3328638076782227 0.4046279788017273
Pedestrian 0.0 0 -1.7451940774917603 669.2431030273438 159.5912322998047 691.5858154296875 208.81861877441406 1.0291938 1.758359 0.6385014 2.850559 0.9768511 26.190207 -1.6367801427841187 0.32228097319602966
Pedestrian 0.0 0 -1.3242559432983398 384.1485900878906 169.46543884277344 437.48077392578125 274.1264953613281 0.938253 1.7098057 0.6701884 -3.264271 1.5144919 12.20656 -1.585560917854309 0.3137015700340271
Cyclist 0.0 0 1.734609603881836 509.8536682128906 170.59202575683594 525.2376098632812 200.411865234375 1.6509159 1.6278208 0.5927426 -4.6701097 1.0331937 40.048885 1.6185235977172852 0.3197302520275116
Cyclist 0.0 0 -1.7451940774917603 669.2431030273438 159.5912322998047 691.5858154296875 208.81861877441406 1.0291938 1.758359 0.6385014 2.850559 0.9768511 26.190207 -1.6367801427841187 0.16983406245708466
Cyclist 0.0 0 -1.3242559432983398 384.1485900878906 169.46543884277344 437.48077392578125 274.1264953613281 0.938253 1.7098057 0.6701884 -3.264271 1.5144919 12.20656 -1.585560917854309 0.11476422101259232
Car 0.0 0 1.7070465087890625 529.0357666015625 173.12734985351562 558.69384765625 196.1479949951172 3.728544 1.5674883 1.6016344 -4.021126 0.9980478 50.81628 1.6280803680419922 0.47857511043548584
