Pedestrian 0.0 0 1.765644907951355 728.8790893554688 164.2327423095703 758.4000854492188 225.98397827148438 0.9169467 1.8148391 0.71319383 3.9903316 1.5618225 21.760323 1.9470064640045166 0.3506179749965668
Pedestrian 0.0 0 1.7890777587890625 746.9993286132812 171.11839294433594 780.9674682617188 234.98638916015625 0.6763863 1.7533404 0.80770487 4.2844543 1.7060515 20.280273 1.9972784519195557 0.32293587923049927
Pedestrian 0.0 0 1.547166347503662 936.8499755859375 156.93844604492188 959.984619140625 207.325439453125 0.9610846 1.8408217 0.7577689 12.588527 1.2597263 26.949936 1.9841557741165161 0.29098430275917053
Pedestrian 0.0 0 2.3199105262756348 696.2415161132812 164.214599609375 735.386474609375 232.77963256835938 0.7272658 1.7965257 0.74752533 2.7989693 1.5705161 19.42203 2.463038206100464 0.21818099915981293
Cyclist 0.0 0 1.6386752128601074 730.2055053710938 164.24783325195312 757.8801879882812 224.7217254638672 1.0358169 1.7844806 0.7589956 4.0273747 1.5308855 21.884253 1.8206696510314941 0.11663921177387238
Car 0.0 0 1.3679355382919312 419.6259460449219 183.46517944335938 499.7957763671875 235.29061889648438 4.0464745 1.4055668 1.6607618 -4.848285 1.7711864 22.647882 1.1570461988449097 0.9179155230522156
Car 0.0 0 1.5689777135849 346.8194580078125 182.38885498046875 404.92413330078125 235.40719604492188 3.8537 1.479875 1.6197261 -7.4982977 1.8113383 22.969873 1.2534434795379639 0.8855862021446228
Car 0.0 0 -2.0823752880096436 0.0 200.7975311279297 62.88250732421875 276.5807189941406 3.908583 1.4494165 1.6186346 -14.566854 2.1321032 16.220915 -2.814100503921509 0.6395225524902344
Car 0.0 0 3.324583053588867 0.0 191.63087463378906 74.39606475830078 233.80197143554688 3.646628 1.5391145 1.601005 -24.19505 2.343988 29.327408 2.63478422164917 0.44604265689849854
Car 0.0 0 1.48943293094635 990.140380859375 187.18768310546875 1050.851806640625 234.49822998046875 3.3552456 1.4285256 1.5283877 13.956768 1.9571168 24.744318 2.002990961074829 0.3490231931209564
Car 0.0 0 -1.4306199550628662 754.7700805664062 147.12559509277344 794.4266357421875 177.70855712890625 3.953625 1.6807752 1.7055644 9.544743 0.2671537 41.802418 -1.2061383724212646 0.23509107530117035
Car 0.0 0 -2.845946788787842 483.6428527832031 152.73316955566406 585.3865966796875 190.86358642578125 4.1264634 1.6075795 1.6826912 -3.3197901 0.7596422 31.6352 -2.9505038261413574 0.21457019448280334
