Pedestrian 0.0 0 -0.9330511093139648 752.5830078125 151.9142303466797 771.181640625 192.39952087402344 0.58016944 2.01303 0.7107319 7.609847 0.9722105 36.332233 -0.7265841364860535 0.2895861566066742
Pedestrian 0.0 0 -2.972414016723633 902.9830932617188 89.4389877319336 966.1593627929688 224.87962341308594 0.7371559 1.8755019 0.6634959 4.660286 0.7207779 10.469161 -2.553605556488037 0.20176097750663757
Car 0.0 0 1.7581813335418701 453.9677429199219 185.63523864746094 535.20166015625 240.14871215820312 4.3819137 1.4146622 1.6453476 -3.4404829 1.8436273 21.977123 1.602893352508545 0.9354395270347595
Car 0.0 0 1.4103305339813232 682.6798706054688 174.88125610351562 795.0443115234375 264.2872314453125 4.0112 1.6383988 1.6790329 2.5295112 1.687448 15.319045 1.573975920677185 0.9138005971908569
Car 0.0 0 2.151827335357666 0.0 196.7769012451172 345.9649658203125 375.0 4.242914 1.4905024 1.711846 -3.5445526 1.7332827 5.1708937 1.5509119033813477 0.8917790651321411
Car 0.0 0 -1.7503480911254883 655.65234375 180.7438507080078 728.6306762695312 235.6175537109375 3.5862284 1.5124873 1.6014967 2.4009023 1.7764935 22.262087 -1.642916202545166 0.7579325437545776
Car 0.0 0 1.6688446998596191 520.0880126953125 183.68516540527344 554.8226928710938 213.75022888183594 3.3200808 1.4210149 1.4542072 -3.713499 2.0011587 36.959198 1.5687052011489868 0.5091231465339661
Car 0.0 0 1.474350094795227 644.4771728515625 183.20721435546875 696.6862182617188 227.12330627441406 3.8695776 1.5101258 1.6133431 2.2114277 1.9355776 27.674969 1.55408775806427 0.44104504585266113
Car 0.0 0 1.7123390436172485 486.6540832519531 182.76010131835938 541.6126708984375 225.11199951171875 3.7914085 1.5158081 1.6412293 -3.772995 1.9352283 28.616613 1.5812488794326782 0.25561368465423584
Car 0.0 0 1.4752517938613892 635.7080688476562 179.5497589111328 670.6038208007812 208.49684143066406 3.9820514 1.5482686 1.6234366 2.403137 1.9529262 41.544437 1.5330324172973633 0.2266051173210144
Car 0.0 0 1.4596686363220215 627.3071899414062 176.12062072753906 650.8713989257812 194.24488830566406 3.8149483 1.4859389 1.5988716 2.440188 1.7750573 61.81962 1.499120831489563 0.2096121907234192
