Pedestrian 0.0 0 -2.2365782260894775 1145.189453125 119.17674255371094 1186.244384765625 192.16867065429688 0.68710715 1.8731242 0.52864623 14.615857 0.3010327 18.483793 -1.5675097703933716 0.213197261095047
Pedestrian 0.0 0 1.5119742155075073 725.9892578125 166.8325653076172 741.1903686523438 205.30760192871094 0.8263672 1.7441754 0.63833195 5.8878317 1.1260546 32.495964 1.691216230392456 0.2022947520017624
Pedestrian 0.0 0 2.1799769401550293 1159.0009765625 108.88400268554688 1224.0 238.52304077148438 0.7422562 1.766049 0.6276169 8.414729 0.7921075 10.026638 2.8781895637512207 0.1927562952041626
Car 0.0 0 1.9599887132644653 374.78399658203125 181.7700958251953 436.153076171875 213.2398681640625 3.7888227 1.5035189 1.6889454 -10.072707 1.5730025 35.91363 1.6865439414978027 0.9546981453895569
Car 0.0 0 -1.7062397003173828 745.8552856445312 174.14993286132812 867.4481811523438 274.0055847167969 3.3018801 1.4674684 1.5240309 3.2642856 1.3758117 12.120253 -1.4431571960449219 0.9482483863830566
Car 0.0 0 -1.7740709781646729 703.7025756835938 175.3441619873047 798.12548828125 243.83319091796875 3.3951612 1.4975843 1.5621402 3.3911116 1.3864622 17.15929 -1.5789597034454346 0.9337470531463623
Car 0.0 0 -1.7030818462371826 681.2109375 178.02520751953125 743.8673706054688 225.4466552734375 3.5232086 1.4329914 1.556436 3.4102786 1.3597679 23.133177 -1.5567166805267334 0.8701152801513672
Car 0.0 0 -1.6761623620986938 668.7825317382812 175.8858642578125 719.8641967773438 217.546630859375 3.6866179 1.5556265 1.6310275 3.4791367 1.384846 28.253506 -1.5536391735076904 0.8305302262306213
Car 0.0 0 -1.7212022542953491 649.2179565429688 175.85218811035156 686.6990356445312 203.87962341308594 3.5118003 1.510974 1.5909027 3.500904 1.2618123 39.914867 -1.6337168216705322 0.5685842633247375
Car 0.0 0 -1.6347169876098633 666.6693725585938 178.2525177001953 703.9534912109375 209.69418334960938 3.63386 1.4663986 1.5848244 3.8919804 1.3630314 34.823326 -1.5234153270721436 0.19814792275428772
