Pedestrian 0.0 0 3.5472571849823 194.12535095214844 175.4335174560547 218.34051513671875 209.43338012695312 0.9775599 1.7863567 0.56688666 -21.459568 1.9248058 38.290653 3.0364348888397217 0.12427257746458054
Cyclist 0.0 0 1.8980265855789185 414.3977355957031 183.635009765625 432.89892578125 213.2743377685547 1.5323714 1.6458133 0.5675594 -10.723021 2.276813 41.418983 1.6446971893310547 0.20481443405151367
Cyclist 0.0 0 1.7192492485046387 461.37176513671875 181.054443359375 472.2750549316406 204.29473876953125 1.6716521 1.6888224 0.55911624 -10.711972 2.3111722 53.876705 1.5229848623275757 0.1742558777332306
Cyclist 0.0 0 -2.6996893882751465 1011.8318481445312 191.5745086669922 1067.3248291015625 240.89883422851562 1.7345438 1.7643667 0.5574449 16.217716 2.4969945 27.346043 -2.1643919944763184 0.16755089163780212
Car 0.0 0 -1.5926508903503418 584.057373046875 187.4722442626953 615.9003295898438 216.3517608642578 3.5544765 1.3521225 1.5645157 -0.59518075 2.1470876 37.412548 -1.608558177947998 0.9252928495407104
Car 0.0 0 -1.4750087261199951 533.01708984375 183.7154541015625 564.71337890625 209.45010375976562 3.6546264 1.5246793 1.6792258 -3.900747 2.2471747 46.13285 -1.559362769126892 0.9028586745262146
Car 0.0 0 2.003197193145752 317.824951171875 183.0057830810547 371.866455078125 209.9270782470703 3.762856 1.5140194 1.6693242 -16.129568 2.1605802 43.983494 1.651706576347351 0.7561545372009277
Car 0.0 0 3.52508282661438 141.26234436035156 190.2444305419922 200.63490295410156 210.70852661132812 3.646422 1.5340917 1.7036953 -34.758167 2.9394376 57.15472 2.978698253631592 0.13969537615776062
Car 0.0 0 2.2388012409210205 848.0270385742188 160.93153381347656 917.9019165039062 188.26463317871094 4.2458854 1.598932 1.7330437 16.646776 0.90184945 44.04243 2.6001744270324707 0.12940730154514313
Car 0.0 0 -2.4369354248046875 1031.26806640625 197.9913330078125 1129.9896240234375 232.26290893554688 3.929439 1.4312971 1.6242335 22.907467 2.7369514 35.3491 -1.8619425296783447 0.11716027557849884
