Pedestrian 0.0 0 -2.043057680130005 711.921142578125 159.34890747070312 732.101318359375 201.55245971679688 0.62132186 1.8741956 0.6889448 4.9941883 1.274813 32.442787 -1.8903182744979858 0.5616121888160706
Pedestrian 0.0 0 1.736628770828247 518.5379638671875 173.19898986816406 535.6223754882812 209.30380249023438 0.9057857 1.8436687 0.7398026 -4.321329 1.8620981 37.322117 1.6213573217391968 0.31380966305732727
Cyclist 0.0 0 1.0433984994888306 964.8844604492188 0.0 1242.0 375.0 1.8123659 1.6724168 0.5804293 1.8228457 1.1357855 2.4935496 1.6746442317962646 0.5183842778205872
Car 0.0 0 -1.7080276012420654 667.5797729492188 179.64112854003906 756.9660034179688 247.80685424804688 4.2209673 1.4771789 1.6261781 2.396679 1.6683762 18.16991 -1.576880931854248 0.9750667214393616
Car 0.0 0 -1.3781335353851318 361.09027099609375 186.319580078125 496.76727294921875 284.1131591796875 4.1855645 1.4200069 1.5957971 -3.1613507 1.7061236 13.184399 -1.613470196723938 0.9585071206092834
Car 0.0 0 -2.0053160190582275 782.5479736328125 181.24664306640625 1240.384033203125 375.0 3.6617627 1.4661347 1.6155087 2.604038 1.5555977 5.8161936 -1.5843580961227417 0.8726407289505005
Car 0.0 0 -1.7896242141723633 624.0704956054688 179.76759338378906 670.6725463867188 212.71966552734375 3.3222072 1.4905895 1.5746812 1.7336941 1.8447236 35.14898 -1.740339994430542 0.7982403635978699
Car 0.0 0 -0.9859627485275269 0.0 209.29873657226562 379.015869140625 375.0 4.0584106 1.4661611 1.7233409 -2.955548 1.7908298 4.3814526 -1.5794093608856201 0.6835187077522278
Car 0.0 0 -2.2051403522491455 1040.5567626953125 129.14183044433594 1242.0 330.4816589355469 3.7970061 1.4318625 1.6125977 6.0073915 1.1213539 7.07843 -1.501407504081726 0.3193119466304779
Car 0.0 0 -2.4418232440948486 0.0 0.0 1242.0 375.0 3.2600536 1.6002357 1.6504977 2.3706894 1.3112941 1.5961878 -1.4636085033416748 0.25579798221588135
