Car 0.0 0 -1.6250991821289062 588.3855590820312 173.79974365234375 643.03369140625 222.46156311035156 3.7410233 1.590243 1.7173607 0.088977605 1.626616 25.562756 -1.621618390083313 0.9498969316482544
Car 0.0 0 1.9578903913497925 214.9385986328125 190.43617248535156 366.60113525390625 271.3213806152344 3.943818 1.4623761 1.6678927 -6.87528 1.8986237 15.896227 1.5496758222579956 0.9244933128356934
Car 0.0 0 -1.2326008081436157 817.526611328125 167.2438507080078 1055.51171875 312.726806640625 4.182809 1.5701133 1.6398556 4.5601807 1.509924 9.855247 -0.7992227077484131 0.8789505958557129
Car 0.0 0 1.885451316833496 364.53216552734375 176.5235595703125 425.9827880859375 212.2773895263672 4.3678675 1.7059959 1.7596928 -10.983236 1.9061964 37.085087 1.5975183248519897 0.7280809283256531
Car 0.0 0 1.8117566108703613 407.2161865234375 175.79483032226562 450.46575927734375 204.51898193359375 4.070225 1.6311108 1.6000475 -10.876064 1.816785 43.42612 1.5663546323776245 0.7237107157707214
Car 0.0 0 -1.1781309843063354 723.2145385742188 175.8455810546875 858.4134521484375 248.11102294921875 3.920596 1.4295492 1.6131938 4.1862245 1.5068188 16.494072 -0.9295774102210999 0.5493797659873962
Car 0.0 0 -0.9631686806678772 703.0498046875 171.4806671142578 826.9322509765625 227.72750854492188 3.7183712 1.4428079 1.5750539 4.3839707 1.4079381 20.350004 -0.7509829998016357 0.4809386432170868
Car 0.0 0 1.7587802410125732 345.9736022949219 174.29283142089844 383.8147888183594 200.63287353515625 3.767333 1.5661285 1.5636692 -15.297852 1.6603378 45.08803 1.431679606437683 0.4788195490837097
Car 0.0 0 1.8073558807373047 482.4264221191406 177.22332763671875 509.60101318359375 194.1989288330078 3.7687497 1.4907678 1.6303743 -10.460369 1.9044281 66.30545 1.6508851051330566 0.43783605098724365
Car 0.0 0 -0.7846478223800659 702.2705688476562 167.69479370117188 816.4100341796875 216.01034545898438 3.7127972 1.5116379 1.6030804 5.0045924 1.3505809 24.26101 -0.5812199115753174 0.4263402223587036
Car 0.0 0 -0.9016358852386475 652.7053833007812 172.025634765625 725.2847290039062 201.65087890625 4.0727983 1.4894437 1.6636839 4.2013617 1.4481543 38.30746 -0.7923977375030518 0.4024716913700104
