Pedestrian 0.0 0 1.0362555980682373 779.6348876953125 118.34599304199219 846.3346557617188 239.2243194580078 0.8774163 1.810224 0.6473345 3.1142483 0.9942924 11.311042 1.304926872253418 0.5421528220176697
Car 0.0 0 1.7902408838272095 380.6715393066406 177.3192138671875 527.4745483398438 276.11126708984375 4.276027 1.5303301 1.7598914 -2.7586195 1.6277168 13.522537 1.5890005826950073 0.9570716619491577
Car 0.0 0 -0.36954835057258606 830.7218017578125 139.67796325683594 985.5078125 193.05963134765625 4.694304 1.8064106 1.7963079 10.3309 0.6841072 25.3526 0.017397165298461914 0.9296061396598816
Car 0.0 0 1.4158039093017578 661.160888671875 167.6826934814453 710.6961059570312 201.37060546875 4.229414 1.5148201 1.7153994 3.5316095 1.2826432 34.599487 1.5175228118896484 0.9057333469390869
Car 0.0 0 2.4205851554870605 926.7992553710938 149.1209259033203 1242.0 338.54052734375 4.356042 1.5741483 1.7191594 5.548096 1.3772755 6.956034 3.093857765197754 0.8806871175765991
Car 0.0 0 -1.4676768779754639 604.1040649414062 174.260498046875 635.5631103515625 199.96533203125 3.6890755 1.5664649 1.64081 0.6345719 1.6604618 46.106716 -1.4539146423339844 0.8682616949081421
Car 0.0 0 1.7592051029205322 329.343994140625 183.04811096191406 439.6098937988281 259.7818908691406 4.321775 1.4657574 1.6188868 -5.0711765 1.7324015 16.609444 1.4628758430480957 0.8513893485069275
Car 0.0 0 -2.0856688022613525 983.1499633789062 146.106689453125 1060.985595703125 188.5775909423828 3.5644312 1.9302855 1.6950245 19.611767 0.71498895 34.574017 -1.5696858167648315 0.7723925113677979
Car 0.0 0 -2.346933126449585 1016.8882446289062 150.13265991210938 1113.8743896484375 186.9999237060547 3.9586535 1.6797767 1.67735 21.92585 0.64488643 34.98575 -1.7871065139770508 0.5646839737892151
Car 0.0 0 -2.1398143768310547 1109.5865478515625 136.4197998046875 1201.84912109375 174.9939422607422 3.884057 1.7508966 1.7121935 26.117262 0.09749129 34.749218 -1.4952945709228516 0.5035907626152039
