Pedestrian 0.0 0 3.3529253005981445 387.3576354980469 167.27719116210938 403.2745361328125 190.72267150878906 1.143271 1.8790208 0.53327644 -17.318974 1.4324291 58.134815 3.0633864402770996 0.23000754415988922
Pedestrian 0.0 0 1.1573188304901123 503.3926086425781 180.45565795898438 521.4793090820312 212.28440856933594 0.61960864 1.6964176 0.78986186 -5.3306413 2.114208 39.148987 1.0219881534576416 0.22619007527828217
Pedestrian 0.0 0 2.8147082328796387 621.040771484375 158.00637817382812 635.6519165039062 186.7438507080078 0.8586154 1.9052408 0.50586516 1.1941588 0.9212287 48.203087 2.8394765853881836 0.15003718435764313
Pedestrian 0.0 0 1.2469263076782227 26.5753173828125 175.14266967773438 47.84429168701172 207.06736755371094 1.130752 1.7932627 0.6227272 -32.726303 1.9260464 41.177658 0.5753893852233887 0.12533089518547058
Cyclist 0.0 0 1.748427391052246 27.81766128540039 176.17356872558594 47.15858459472656 207.16525268554688 1.703375 1.72487 0.5753411 -32.740387 1.9190102 41.231304 1.077315092086792 0.3091680407524109
Car 0.0 0 1.9439371824264526 276.5163879394531 184.5592041015625 345.1517028808594 222.20240783691406 3.4883728 1.4599533 1.5429795 -12.7426815 1.9890754 30.833225 1.552037239074707 0.9538614749908447
Car 0.0 0 -1.7366433143615723 588.466552734375 180.16494750976562 662.463623046875 240.3935546875 3.3558195 1.5608286 1.5914173 0.32211432 1.7910599 20.905869 -1.7212367057800293 0.9517884850502014
Car 0.0 0 1.8528573513031006 358.41107177734375 184.12704467773438 428.7620544433594 224.16429138183594 4.0972495 1.4466282 1.6559156 -8.724621 1.9365897 29.279825 1.563260555267334 0.9468016624450684
Car 0.0 0 -2.948613405227661 556.429931640625 187.57777404785156 672.0316162109375 232.91571044921875 3.7580884 1.4461344 1.5694958 0.13329817 1.9777482 24.891785 -2.943258285522461 0.19325248897075653
Car 0.0 0 1.9332163333892822 341.53363037109375 189.78392028808594 390.042724609375 216.10044860839844 3.9790123 1.5071253 1.6200316 -15.513493 2.632659 45.93332 1.6075055599212646 0.14602825045585632
Car 0.0 0 2.116671323776245 0.0 187.34498596191406 42.37110900878906 226.80612182617188 3.604408 1.4182281 1.6340872 -25.065948 2.0443246 29.243355 1.4080408811569214 0.1315167248249054
Car 0.0 0 1.5629229545593262 593.285400390625 180.50674438476562 624.2166748046875 209.8595733642578 4.1394596 1.5075839 1.6355793 -0.12513044 1.9565794 40.21842 1.5598117113113403 0.13049376010894775
