Pedestrian 0.0 0 -1.1324756145477295 1049.304443359375 159.39120483398438 1110.4222412109375 245.63946533203125 0.89078885 1.6700963 0.72153014 9.397228 1.4097629 14.510819 -0.5577884316444397 0.5155534148216248
Cyclist 0.0 0 -1.3076610565185547 1051.6939697265625 158.48287963867188 1107.8162841796875 245.3378143310547 0.80721265 1.6785932 0.76273453 9.387495 1.4012089 14.495452 -0.7329630851745605 0.11639897525310516
Car 0.0 0 -2.0156052112579346 839.7466430664062 191.76870727539062 1180.550048828125 373.56298828125 3.899337 1.417489 1.6424553 3.9146655 1.67869 7.98919 -1.5599933862686157 0.9516735076904297
Car 0.0 0 -1.905794382095337 758.9678955078125 179.86572265625 906.4299926757812 273.2562561035156 3.4836054 1.5138863 1.5833726 4.0166354 1.665091 13.740424 -1.6213959455490112 0.9510678648948669
Car 0.0 0 -1.7436184883117676 728.552001953125 181.95352172851562 820.1320190429688 247.5216522216797 3.8708892 1.4937395 1.6719732 4.143716 1.7579587 18.950695 -1.5283488035202026 0.9447572231292725
Car 0.0 0 1.7788032293319702 443.5465087890625 185.78671264648438 518.10888671875 235.8714141845703 3.9282255 1.449179 1.649638 -4.223102 1.91351 23.892792 1.6038579940795898 0.9187187552452087
Car 0.0 0 -1.6850556135177612 711.5369262695312 181.14559936523438 772.0543212890625 230.57046508789062 3.5388126 1.4976689 1.592674 4.315309 1.7979931 24.285313 -1.5091990232467651 0.8460981249809265
Car 0.0 0 1.752514123916626 558.178955078125 178.75436401367188 590.5523071289062 201.1975860595703 3.700227 1.491657 1.6416253 -2.5047975 1.9242927 50.916935 1.7033599615097046 0.6518312692642212
Car 0.0 0 -1.7102245092391968 694.0048217773438 178.9989013671875 746.6417236328125 218.50022888183594 3.887257 1.4819932 1.5959704 4.4171624 1.7512813 29.6248 -1.5622113943099976 0.5124967098236084
Car 0.0 0 1.74203360080719 492.21807861328125 181.82574462890625 543.3079223632812 221.664306640625 3.4979787 1.4934468 1.5072817 -3.7690175 1.8843949 29.628922 1.6155058145523071 0.5013269186019897
Car 0.0 0 1.699583649635315 510.8334045410156 183.21224975585938 554.7974853515625 216.42242431640625 4.0915813 1.440958 1.5873507 -3.684308 1.9684727 34.65466 1.5936665534973145 0.4820222556591034
Car 0.0 0 -2.5455970764160156 1154.6837158203125 189.66415405273438 1242.0 375.0 3.7381365 1.4753087 1.5636041 3.6781585 1.5706477 2.1579196 -1.5053722858428955 0.46450257301330566
