Car 0.0 0 -1.7015941143035889 565.8079223632812 190.3671112060547 627.89990234375 238.29319763183594 4.077303 1.4361616 1.6400384 -0.5870826 2.1031854 25.323486 -1.7247732877731323 0.9634810090065002
Car 0.0 0 -1.9533958435058594 682.5245361328125 197.2854766845703 901.6724243164062 330.45416259765625 3.8461533 1.3693997 1.5908564 2.2502515 1.7835021 10.1887045 -1.7360278367996216 0.9595241546630859
Car 0.0 0 1.9335746765136719 0.0 208.88478088378906 253.6150360107422 359.1814880371094 3.6230128 1.4325546 1.6229203 -6.2464204 2.016506 9.74434 1.3635306358337402 0.9362423419952393
Car 0.0 0 1.7824593782424927 382.7853088378906 191.00180053710938 429.4030456542969 222.95240783691406 3.781257 1.5620556 1.6945724 -11.113231 2.6026986 39.41756 1.5076563358306885 0.8626170754432678
Car 0.0 0 -1.6361626386642456 539.36669921875 182.7327880859375 564.574951171875 206.48654174804688 5.079092 1.807367 1.7439326 -4.8692074 2.661721 59.73272 -1.7174993753433228 0.8396845459938049
Car 0.0 0 -2.8761532306671143 764.5940551757812 170.5791015625 891.6986694335938 224.4340057373047 4.0057116 1.7724782 1.6687908 7.6386404 1.6979644 25.51085 -2.585222005844116 0.8161807656288147
Car 0.0 0 1.6004997491836548 1073.559814453125 174.1135711669922 1194.738525390625 263.0899963378906 4.1137547 1.473565 1.7027909 10.26286 1.5023912 14.156379 2.2277841567993164 0.6902613639831543
Car 0.0 0 -2.5135703086853027 1009.6863403320312 118.00129699707031 1242.0 375.0 3.5440905 1.6215801 1.6066647 3.4228156 1.5408195 2.8903706 -1.6440327167510986 0.6134935021400452
Car 0.0 0 2.157425880432129 0.0 228.0977020263672 122.74783325195312 375.0 4.0395226 1.4319091 1.6256326 -5.271748 1.9837427 5.051582 1.3507039546966553 0.6048462390899658
Car 0.0 0 -1.6789977550506592 552.6843872070312 184.0634307861328 602.4254760742188 225.72607421875 4.104171 1.5989904 1.6867609 -1.5007555 2.1146712 31.009476 -1.7273566722869873 0.5530694127082825
