Pedestrian 0.0 0 -2.431281566619873 559.3006591796875 148.3583984375 676.5997314453125 317.440673828125 0.93112814 1.6599299 0.83921623 0.12819724 1.3359388 7.672436 -2.414574384689331 0.8215156197547913
Pedestrian 0.0 0 -1.5875893831253052 557.975341796875 162.1524200439453 589.30908203125 231.25450134277344 0.95165694 1.7557083 0.79672885 -0.7671277 1.2653153 18.746458 -1.6284878253936768 0.755683958530426
Pedestrian 0.0 0 -2.2837600708007812 630.2794189453125 163.358642578125 713.244384765625 296.34075927734375 0.9233715 1.6763501 0.6611758 0.88579416 1.4489987 9.620432 -2.1919445991516113 0.7405930757522583
Pedestrian 0.0 0 -2.431053638458252 1053.552490234375 116.19795989990234 1208.6063232421875 318.9634704589844 0.90684223 1.7241607 0.710562 4.8006873 1.1702685 6.628863 -1.8042634725570679 0.6956279277801514
Pedestrian 0.0 0 -2.679957866668701 453.42462158203125 168.91102600097656 500.58056640625 246.6670684814453 0.8347198 1.672273 0.6286192 -2.77954 1.4027534 15.866349 -2.8533825874328613 0.684583842754364
Pedestrian 0.0 0 -1.547938585281372 630.0521850585938 160.6758575439453 648.8103637695312 213.11798095703125 0.6329462 1.8661305 0.6624289 1.3518289 1.1261678 25.89943 -1.4957906007766724 0.5921081304550171
Pedestrian 0.0 0 2.0703022480010986 1135.4422607421875 127.95030975341797 1238.0 300.4175720214844 0.8546177 1.7005244 0.60455185 6.1426673 1.1738945 7.5211916 2.7551522254943848 0.46532225608825684
Pedestrian 0.0 0 -1.667299509048462 583.2376098632812 161.72030639648438 616.6048583984375 237.4687957763672 0.84300727 1.7104493 0.6933851 -0.079553455 1.2650253 16.672243 -1.672071099281311 0.3745393455028534
Pedestrian 0.0 0 -2.053502321243286 1114.028076171875 110.18238067626953 1193.7940673828125 242.99842834472656 0.68167347 1.696812 0.59046507 7.287521 0.7870162 9.560133 -1.4021867513656616 0.33408600091934204
Pedestrian 0.0 0 -0.17944937944412231 590.8491821289062 161.53187561035156 627.8815307617188 230.2721710205078 0.8628997 1.7581679 0.65395314 0.16834007 1.2486217 18.765644 -0.1704789698123932 0.3324691653251648
Pedestrian 0.0 0 -1.884479284286499 1187.9881591796875 142.51889038085938 1238.0 277.3222351074219 0.69746107 1.654472 0.5034803 7.934873 1.1773876 9.232545 -1.1745269298553467 0.3207109272480011
Pedestrian 0.0 0 -1.3962628841400146 210.31114196777344 162.3318328857422 257.3130798339844 238.22132873535156 1.211591 1.7142557 0.78972286 -8.67237 1.2824831 16.918997 -1.8699251413345337 0.2638574540615082
Cyclist 0.0 0 -1.3962628841400146 210.31114196777344 162.3318328857422 257.3130798339844 238.22132873535156 1.211591 1.7142557 0.78972286 -8.67237 1.2824831 16.918997 -1.8699251413345337 0.3185815215110779
Cyclist 0.0 0 2.087141752243042 1125.7332763671875 127.5011215209961 1238.0 302.4776306152344 0.95894575 1.7198918 0.6262102 6.091017 1.1904917 7.5247145 2.767629384994507 0.12098094820976257
Cyclist 0.0 0 -2.053502321243286 1114.028076171875 110.18238067626953 1193.7940673828125 242.99842834472656 0.68167347 1.696812 0.59046507 7.287521 0.7870162 9.560133 -1.4021867513656616 0.11763448268175125
Cyclist 0.0 0 -1.9468011856079102 1179.474853515625 132.52464294433594 1238.0 267.0777587890625 0.69043845 1.6670033 0.51233715 7.905867 1.0615768 9.3063345 -1.242588996887207 0.11199578642845154
Cyclist 0.0 0 -2.2890608310699463 629.120361328125 160.4866943359375 711.877685546875 293.6343688964844 0.92309207 1.6855185 0.6620629 0.8728829 1.4208456 9.6587715 -2.1989336013793945 0.10140193998813629
Car 0.0 0 1.934154987335205 175.663818359375 148.2849884033203 475.41015625 341.8262634277344 4.406601 1.7083597 1.7517229 -2.888762 1.4165577 8.573286 1.6091536283493042 0.5142791867256165
Car 0.0 0 -1.8184425830841064 442.1077880859375 159.54440307617188 507.4404296875 199.8524169921875 4.000624 1.4845781 1.6170353 -5.1309476 0.6769753 28.60999 -1.9958972930908203 0.4270012080669403
