Pedestrian 0.0 0 1.1538249254226685 948.3636474609375 177.1824493408203 1008.7813720703125 278.5870666503906 0.8604475 1.7622277 0.67819226 6.5823226 1.8433976 13.021397 1.6218632459640503 0.2648068368434906
Pedestrian 0.0 0 -1.7884963750839233 811.4778442382812 171.59877014160156 835.5813598632812 218.5977325439453 1.6589094 1.7565272 0.5416109 8.173764 1.7099727 27.809797 -1.5026298761367798 0.15399087965488434
Pedestrian 0.0 0 1.3842213153839111 793.8995971679688 175.65293884277344 815.6676635742188 215.18861389160156 1.744936 1.6781559 0.6049915 8.48906 1.8047361 31.643307 1.646323323249817 0.13596872985363007
Cyclist 0.0 0 1.3842213153839111 793.8995971679688 175.65293884277344 815.6676635742188 215.18861389160156 1.744936 1.6781559 0.6049915 8.48906 1.8047361 31.643307 1.646323323249817 0.3394184708595276
Cyclist 0.0 0 -1.7773361206054688 811.0849609375 171.63511657714844 835.3541259765625 219.0731201171875 1.7884288 1.7726606 0.53968835 8.179112 1.7274717 27.872341 -1.4919002056121826 0.29199400544166565
Car 0.0 0 1.722572684288025 526.1982421875 174.8061065673828 596.13818359375 225.8279571533203 4.1149697 1.5119762 1.6803217 -1.5512533 1.5821059 23.663877 1.657112717628479 0.931444525718689
Car 0.0 0 1.4847006797790527 708.5596923828125 177.13180541992188 752.205810546875 213.0298614501953 3.9595406 1.5440315 1.654319 5.4977555 1.7554178 33.5543 1.647104263305664 0.9183687567710876
Car 0.0 0 -2.1422388553619385 903.2888793945312 180.39181518554688 1242.0 375.0 3.985211 1.4686759 1.6383536 2.9350157 1.5297167 3.7457843 -1.4776082038879395 0.8459347486495972
Car 0.0 0 1.6134692430496216 593.3383178710938 177.6395263671875 626.7000122070312 205.6171112060547 4.3898726 1.4537954 1.6872275 0.015808756 1.7374507 40.482224 1.61385977268219 0.8332428932189941
Car 0.0 0 -1.6982334852218628 830.1309814453125 192.50038146972656 995.623046875 337.50146484375 3.2678368 1.4327801 1.507159 3.679338 1.7366192 9.374537 -1.324224829673767 0.3774876594543457
Car 0.0 0 -1.693030595779419 699.8277587890625 179.8300018310547 736.8260498046875 208.92141723632812 3.6459107 1.5211171 1.6097916 5.991018 1.9303997 40.450584 -1.5459924936294556 0.24592748284339905
Car 0.0 0 -0.5160739421844482 863.859375 172.4639434814453 1023.9716796875 231.1130828857422 3.6372864 1.522314 1.6311245 8.99655 1.5125479 19.697296 -0.08762890100479126 0.2356356382369995
