Pedestrian 0.0 0 1.2145503759384155 1188.7601318359375 163.9709930419922 1242.0 282.2138366699219 0.7508127 1.4445434 0.48447752 7.815698 1.3363795 9.247355 1.9162406921386719 0.39649948477745056
Pedestrian 0.0 0 -0.19120962917804718 755.7529296875 171.30572509765625 774.2364501953125 209.1082763671875 0.74628 1.7745671 0.64687866 7.303733 1.7022439 34.19898 0.0191953182220459 0.3239830434322357
Cyclist 0.0 0 1.2145503759384155 1188.7601318359375 163.9709930419922 1242.0 282.2138366699219 0.7508127 1.4445434 0.48447752 7.815698 1.3363795 9.247355 1.9162406921386719 0.16476698219776154
Car 0.0 0 -0.24221622943878174 670.2158203125 181.4456329345703 827.60400390625 236.13656616210938 4.297378 1.5245802 1.6813964 3.991128 1.7909795 21.376715 -0.05763692408800125 0.9104252457618713
Car 0.0 0 1.658041000366211 502.00262451171875 186.0799560546875 554.209228515625 231.30606079101562 3.5452342 1.4030354 1.5096587 -2.8423853 1.8985552 25.219702 1.5458096265792847 0.8245278596878052
Car 0.0 0 2.339198589324951 0.0 205.78543090820312 258.6490173339844 375.0 3.8630629 1.4821495 1.6171297 -3.0298612 1.6978891 2.7341535 1.5025429725646973 0.8196313977241516
Car 0.0 0 1.7195887565612793 425.9255676269531 186.40731811523438 526.0394287109375 265.1357116699219 4.1639056 1.4699047 1.6046828 -2.931545 1.815982 16.297838 1.5416185855865479 0.8130531311035156
Car 0.0 0 -0.029358766973018646 633.2677612304688 178.08999633789062 721.595703125 211.12721252441406 4.1928816 1.5544235 1.6772938 3.218435 1.8173882 35.2189 0.06177186965942383 0.7897921204566956
Car 0.0 0 -1.101067304611206 11.536941528320312 199.22007751464844 309.19293212890625 351.80438232421875 3.9181798 1.4166938 1.6174965 -5.495757 1.833603 9.392826 -1.6304600238800049 0.5591030120849609
Car 0.0 0 -0.26495808362960815 653.6475830078125 183.19595336914062 768.5577392578125 224.61483764648438 4.075016 1.4957552 1.6351336 3.7897573 1.9080119 27.66214 -0.12880413234233856 0.38113075494766235
Car 0.0 0 1.898593544960022 203.83432006835938 181.5442352294922 356.9530029296875 269.8736267089844 3.5403507 1.3588754 1.4813024 -5.9290295 1.5413611 13.288401 1.4789202213287354 0.3282049000263214
