Pedestrian 0.0 0 1.3417531251907349 728.26123046875 162.4520263671875 749.0034790039062 196.55764770507812 0.93692434 1.886596 0.95452476 7.161889 1.3115554 40.403397 1.5171903371810913 0.2400781810283661
Pedestrian 0.0 0 -0.9794713854789734 25.333797454833984 191.2932891845703 65.02288055419922 257.6241149902344 0.6383606 1.7249625 0.57861364 -15.140966 2.227034 19.289783 -1.644950270652771 0.15335389971733093
Cyclist 0.0 0 -1.8996168375015259 744.527099609375 166.69403076171875 761.8090209960938 193.49107360839844 1.9609756 1.8218405 0.57113564 9.893435 1.4034032 50.061996 -1.7045072317123413 0.24386991560459137
Car 0.0 0 -2.986433982849121 481.0952453613281 179.47019958496094 537.9786376953125 201.504638671875 3.768236 1.5114836 1.5926449 -7.0745845 1.9854307 50.817276 -3.1247611045837402 0.7295058369636536
Car 0.0 0 -1.9849504232406616 95.59567260742188 177.2137908935547 143.7355499267578 199.3719482421875 3.5665812 1.5519525 1.6136789 -35.922913 1.8812431 52.80512 -2.582326889038086 0.21732613444328308
Car 0.0 0 1.4955666065216064 619.021240234375 175.48899841308594 638.4389038085938 190.8897705078125 3.823598 1.4110583 1.561293 1.7409393 1.6695054 68.72144 1.5208944082260132 0.21133045852184296
Car 0.0 0 0.08513189852237701 520.7409057617188 176.6066131591797 564.2403564453125 193.1331024169922 3.7781467 1.4616826 1.6517546 -6.080056 1.8046736 65.03661 -0.008083833381533623 0.1767777055501938
Car 0.0 0 -1.3613090515136719 456.6036376953125 177.77174377441406 481.0702209472656 194.77529907226562 3.603477 1.5315665 1.5440936 -13.263337 2.0067635 67.85212 -1.5543490648269653 0.16976352035999298
Car 0.0 0 -1.8758821487426758 718.6802978515625 181.726806640625 801.6729736328125 230.2134552001953 3.7709649 1.4644537 1.6811116 4.946459 1.7899301 24.4723 -1.6764442920684814 0.13836397230625153
Car 0.0 0 2.536180019378662 51.113243103027344 165.0474090576172 155.25234985351562 199.70913696289062 4.317103 1.7254853 1.6980966 -26.770342 1.3372256 38.234974 1.9253512620925903 0.1354113519191742
