Pedestrian 0.0 0 2.9144484996795654 567.9872436523438 172.8842010498047 588.2463989257812 205.0472412109375 1.0585054 1.8140928 0.53789926 -1.8524613 1.8161875 41.096268 2.8694028854370117 0.35478639602661133
Pedestrian 0.0 0 -1.1690477132797241 663.8463745117188 182.48780822753906 687.4999389648438 230.0503692626953 0.80218345 1.7019039 0.60079 2.3731155 2.0628896 26.51164 -1.0797734260559082 0.28786396980285645
Pedestrian 0.0 0 0.5064135789871216 472.9326477050781 137.11239624023438 506.46832275390625 196.03501892089844 0.8808061 1.8685142 0.61675596 -3.9300418 0.73545873 23.315577 0.33942461013793945 0.20161515474319458
Pedestrian 0.0 0 -3.4022583961486816 859.4387817382812 125.10226440429688 924.5747680664062 194.2447509765625 1.5057169 1.7896252 0.5623571 7.375948 0.554018 19.034348 -3.0325677394866943 0.10417742282152176
Cyclist 0.0 0 -1.5539535284042358 612.7853393554688 173.88279724121094 632.8370971679688 228.0640106201172 2.1168745 1.726005 0.63787544 0.39722618 1.7622412 24.091724 -1.5374670028686523 0.7829679250717163
Cyclist 0.0 0 -0.0794384777545929 699.8424072265625 177.521728515625 767.8294067382812 239.6696014404297 1.7877709 1.6607163 0.5726265 3.3159132 1.7908573 19.695951 0.08735251426696777 0.17908141016960144
Cyclist 0.0 0 -3.4022583961486816 859.4387817382812 125.10226440429688 924.5747680664062 194.2447509765625 1.5057169 1.7896252 0.5623571 7.375948 0.554018 19.034348 -3.0325677394866943 0.1436644345521927
Cyclist 0.0 0 1.2881691455841064 588.8928833007812 144.2146759033203 612.1592407226562 189.05001831054688 1.4841185 1.7955977 0.56269574 -0.44164294 0.64898765 29.68585 1.2732930183410645 0.11150539666414261
Car 0.0 0 3.4609014987945557 258.1273498535156 194.62591552734375 419.4117431640625 254.44921875 3.5677612 1.4136509 1.5377222 -6.907615 1.997333 18.49267 3.1034178733825684 0.9234592914581299
Car 0.0 0 3.8691110610961914 0.0 223.7161407470703 114.80078125 375.0 3.8531868 1.5035577 1.6185435 -7.0639553 2.034836 6.5377445 3.0450448989868164 0.7901438474655151
