Car 0.0 0 -1.5810598134994507 589.0960083007812 175.9105682373047 638.160888671875 222.36802673339844 3.611589 1.5996859 1.7062591 0.06789585 1.7216568 26.89303 -1.5785351991653442 0.958748459815979
Car 0.0 0 1.7471507787704468 403.80718994140625 182.2593536376953 463.3144226074219 222.52932739257812 4.038112 1.4812865 1.6843529 -7.1883597 1.8940969 29.571383 1.5086908340454102 0.9228650331497192
Car 0.0 0 -1.0957562923431396 731.9222412109375 173.8009033203125 896.0144653320312 253.3811492919922 4.324014 1.4930124 1.6330141 4.5097475 1.5168047 15.71947 -0.8163706660270691 0.9141290783882141
Car 0.0 0 1.9771733283996582 392.71588134765625 176.09092712402344 448.16705322265625 204.70907592773438 4.206605 1.5887425 1.6490968 -11.191668 1.7908015 42.755035 1.721155047416687 0.794213056564331
Car 0.0 0 1.8469836711883545 374.27911376953125 176.64097595214844 410.75299072265625 199.48825073242188 3.555157 1.5308056 1.5455533 -15.273783 1.8067995 50.72479 1.554508090019226 0.6749102473258972
Car 0.0 0 -0.8865042328834534 678.0813598632812 177.1895751953125 798.71044921875 226.0086669921875 3.9258723 1.3702902 1.5679115 4.0077095 1.5168622 22.456676 -0.7098994255065918 0.6166298985481262
Car 0.0 0 -1.547808289527893 1054.094970703125 173.33912658691406 1242.0 375.0 3.6737893 1.4478477 1.6018499 4.3672357 1.4528711 5.037824 -0.8335905075073242 0.535245418548584
Car 0.0 0 -0.7808259129524231 642.189697265625 175.2100067138672 708.6708984375 201.11172485351562 4.0699267 1.5010728 1.6425421 3.9962416 1.6517112 44.092392 -0.6904395222663879 0.37568914890289307
Car 0.0 0 2.2240076065063477 406.8941345214844 171.16738891601562 466.489990234375 195.39781188964844 4.3352246 1.5649905 1.6292721 -11.71067 1.4564143 48.911503 1.9890058040618896 0.37212347984313965
Car 0.0 0 -0.9259456396102905 679.2576904296875 175.6832275390625 780.7122192382812 220.12509155273438 3.9461071 1.4859134 1.5984762 4.386388 1.5970426 26.308006 -0.7607333660125732 0.3584173023700714
