Pedestrian 0.0 0 -1.6151049137115479 772.8577880859375 150.00987243652344 841.337646484375 286.03314208984375 0.8892747 1.674122 0.81314576 2.5634289 1.3005402 9.221789 -1.3439748287200928 0.6746737957000732
Pedestrian 0.0 0 1.796290397644043 888.4794311523438 148.06375122070312 907.540771484375 194.4718017578125 0.57397896 1.8765203 0.6097401 11.996051 0.56644577 28.99526 2.1885719299316406 0.46523523330688477
Pedestrian 0.0 0 1.6457479000091553 687.26318359375 152.22877502441406 709.1546020507812 207.74832153320312 0.94012576 1.815323 0.6591478 3.0935123 0.89248246 23.640747 1.7758636474609375 0.4231726825237274
Pedestrian 0.0 0 0.03923746943473816 699.61572265625 154.8853759765625 725.8765869140625 200.68435668945312 1.0336711 1.8350163 0.5499746 4.3530736 0.8102166 28.691736 0.18980789184570312 0.36288169026374817
Pedestrian 0.0 0 3.31016206741333 60.5920524597168 131.16891479492188 103.92533111572266 218.6559295654297 0.6627581 1.8368474 0.59748167 -11.31098 0.8027303 15.256316 2.672189950942993 0.32604968547821045
Pedestrian 0.0 0 1.7112758159637451 1028.174072265625 148.874755859375 1048.4647216796875 197.22296142578125 0.5101735 1.8089442 0.5913703 16.42305 0.627201 26.834146 2.2604870796203613 0.28287625312805176
Pedestrian 0.0 0 2.6715614795684814 707.9981689453125 150.1175994873047 737.9347534179688 199.75819396972656 0.92248696 1.8687191 0.67963386 4.488874 0.7264856 27.074764 2.835862398147583 0.2799535095691681
Pedestrian 0.0 0 2.5680367946624756 721.8803100585938 142.86866760253906 754.5596923828125 196.64688110351562 0.9506485 1.9249684 0.68778837 4.832313 0.5794939 25.80185 2.7531776428222656 0.19963207840919495
Pedestrian 0.0 0 -1.0796366930007935 366.791748046875 178.8303985595703 403.6310119628906 230.55072021484375 1.5155672 1.6348302 0.49767095 -7.205446 1.5836066 23.135242 -1.381563663482666 0.12495261430740356
Pedestrian 0.0 0 -1.181612491607666 1148.123046875 130.9988250732422 1195.3155517578125 187.0799102783203 1.6224549 1.7605828 0.622665 18.298273 0.20811903 22.857601 -0.5065463781356812 0.10593698918819427
Cyclist 0.0 0 -1.8463819026947021 853.9727783203125 132.9561767578125 927.630859375 259.3130187988281 1.8053045 1.834354 0.59900665 4.4300323 1.1458129 11.187774 -1.4693537950515747 0.9030628800392151
Cyclist 0.0 0 -0.9267413020133972 518.6197509765625 160.9359130859375 568.9177856445312 219.4844207763672 1.9015006 1.8190558 0.6075024 -1.9938775 1.2127696 22.930023 -1.0134780406951904 0.8608403205871582
Cyclist 0.0 0 -1.0745600461959839 367.4798583984375 177.7503662109375 406.0059814453125 229.29624938964844 1.6486979 1.6330681 0.48703155 -7.1885433 1.5475051 23.251661 -1.374401569366455 0.3163551390171051
Cyclist 0.0 0 -1.1344186067581177 1148.35986328125 130.89947509765625 1194.8568115234375 186.31312561035156 1.4470378 1.7455968 0.6211352 18.299715 0.18467185 22.867172 -0.45951831340789795 0.21751488745212555
Car 0.0 0 -1.4431723356246948 487.6067810058594 170.2014923095703 523.5850830078125 197.44219970703125 3.8713408 1.5001417 1.58151 -5.705396 0.9344008 40.876415 -1.5818531513214111 0.24425119161605835
Car 0.0 0 2.6367344856262207 862.7382202148438 156.37705993652344 933.8377685546875 186.223876953125 3.7783048 1.8403746 1.7389296 18.4953 0.35429144 44.66781 3.0293052196502686 0.18557249009609222
