Pedestrian 0.0 0 1.456640362739563 748.7568969726562 183.6282501220703 766.6517333984375 228.26351928710938 0.6971416 1.6729635 0.59350187 5.6016073 2.0909693 27.593805 1.656921148300171 0.5054162740707397
Pedestrian 0.0 0 0.1137242242693901 514.1162719726562 161.9412078857422 529.8505249023438 191.77764892578125 0.9758504 1.9679143 0.59742254 -5.869515 1.2484998 47.89026 -0.008229336701333523 0.312988817691803
Pedestrian 0.0 0 -2.0430116653442383 802.1149291992188 148.9490966796875 868.8953857421875 248.12033081054688 0.9226451 1.8214537 0.893468 4.2390656 1.382756 13.781185 -1.7445987462997437 0.22468747198581696
Pedestrian 0.0 0 1.6156675815582275 501.0731201171875 165.7610321044922 514.0560302734375 202.53465270996094 0.8252947 1.9276333 0.64650714 -5.4648085 1.5561857 38.261494 1.473799228668213 0.20067718625068665
Cyclist 0.0 0 1.5381348133087158 412.9637756347656 191.64678955078125 421.69818115234375 214.44351196289062 1.4231138 1.7931296 0.6402855 -15.7296095 3.3452127 58.801044 1.2767493724822998 0.14001555740833282
Car 0.0 0 -1.4703645706176758 598.9313354492188 186.1121826171875 636.6917114257812 217.01417541503906 4.195461 1.5168808 1.6535323 0.4436222 2.28236 39.45992 -1.459122657775879 0.8592314720153809
Car 0.0 0 2.1971750259399414 1112.0189208984375 179.53701782226562 1177.9029541015625 202.67501831054688 3.7703927 1.4877225 1.6681051 35.952576 1.9503644 48.543514 2.8346495628356934 0.18566443026065826
Car 0.0 0 -1.193297028541565 390.96014404296875 191.5303192138672 432.2181701660156 213.98976135253906 3.65338 1.4530482 1.6219248 -14.209964 2.8422651 51.74985 -1.4612815380096436 0.16673381626605988
Car 0.0 0 1.1359169483184814 1014.46826171875 183.1886749267578 1063.125244140625 204.01475524902344 3.964324 1.461629 1.6505536 32.431324 2.2753677 54.730583 1.670850157737732 0.1507197618484497
Car 0.0 0 -2.7699291706085205 298.3607482910156 198.41400146484375 378.9830322265625 226.74285888671875 3.9898605 1.5292915 1.682786 -15.549104 3.0261326 41.376125 -3.1294000148773193 0.13171255588531494
