Pedestrian 0.0 0 -2.0425238609313965 1122.4400634765625 82.82202911376953 1242.0 278.5584411621094 0.8003544 1.72275 0.60282385 5.313971 0.93070257 6.7980638 -1.3790483474731445 0.21461214125156403
Pedestrian 0.0 0 2.466183662414551 871.0391845703125 121.01976013183594 936.1521606445312 233.79443359375 0.8783782 1.8684012 0.5546742 4.965247 1.009992 12.343728 2.8486270904541016 0.19999226927757263
Pedestrian 0.0 0 0.7345911264419556 123.80721282958984 129.94073486328125 188.8502960205078 234.8623809814453 0.8006365 1.8869014 0.63444287 -8.438838 1.1155108 13.354047 0.17102313041687012 0.18355678021907806
Pedestrian 0.0 0 -2.7677111625671387 312.3497314453125 169.38909912109375 350.1761169433594 227.51170349121094 0.9466035 1.8105083 0.64186966 -8.844833 1.7029353 22.79573 -3.137833595275879 0.18119457364082336
Cyclist 0.0 0 -0.9355472922325134 91.30067443847656 132.43807983398438 156.29568481445312 199.65586853027344 1.7233368 1.7942283 0.5996269 -13.575995 0.7157738 20.130562 -1.5288827419281006 0.17116190493106842
Cyclist 0.0 0 -1.8684723377227783 722.9954223632812 149.32669067382812 745.4028930664062 190.30075073242188 1.4740635 1.8267076 0.59940857 5.6190066 0.77817 32.934288 -1.6994867324829102 0.1661708503961563
Cyclist 0.0 0 1.9482659101486206 313.052734375 168.5973358154297 348.3050842285156 227.38006591796875 0.97829807 1.8132223 0.7286047 -8.840362 1.6822783 22.745533 1.5775703191757202 0.10681328922510147
Car 0.0 0 -1.5632954835891724 599.4179077148438 173.8024139404297 659.4860229492188 231.2754364013672 3.1676507 1.6031841 1.681666 0.5478119 1.6343013 21.787798 -1.5381577014923096 0.9465181827545166
Car 0.0 0 -1.7691054344177246 711.191650390625 180.8028106689453 798.4659423828125 241.49713134765625 3.807366 1.4318714 1.5551606 3.7378192 1.6673493 19.429756 -1.5790512561798096 0.9086384177207947
Car 0.0 0 -1.983595848083496 895.5499877929688 169.0835418701172 944.12158203125 192.0502166748047 3.7217019 1.4529532 1.5713371 20.310112 1.2147789 47.512028 -1.5796324014663696 0.4457031190395355
Car 0.0 0 -2.0072224140167236 935.301025390625 161.4386749267578 988.9835205078125 191.0322265625 3.1213677 1.6223378 1.5722451 19.979076 0.9969002 41.125328 -1.5549914836883545 0.36315083503723145
Car 0.0 0 -2.20979642868042 1191.1126708984375 157.02915954589844 1242.0 213.40992736816406 3.7236023 1.5178717 1.635561 19.34494 1.0921966 21.354637 -1.4737368822097778 0.2366170436143875
Car 0.0 0 -2.0068609714508057 968.7337646484375 171.06472778320312 1026.33056640625 197.4964599609375 3.5097086 1.5067236 1.6879209 22.951591 1.4050853 42.92659 -1.515863060951233 0.1891447901725769
Car 0.0 0 -2.144463539123535 1070.47607421875 161.63209533691406 1181.7137451171875 203.09637451171875 3.81281 1.4637507 1.6134506 19.41328 1.0679588 27.407648 -1.5281779766082764 0.18872328102588654
