Pedestrian 0.0 0 1.10080885887146 770.0569458007812 149.1660614013672 846.4494018554688 281.533935546875 0.96960974 1.7930279 0.68440104 2.7603786 1.4725138 10.316201 1.3622609376907349 0.8388901352882385
Pedestrian 0.0 0 1.0428214073181152 836.1704711914062 140.9029083251953 917.1583251953125 272.230224609375 0.90623456 1.7646728 0.71164864 3.69651 1.335697 10.202307 1.390430212020874 0.8331048488616943
Pedestrian 0.0 0 -1.2980238199234009 190.38949584960938 166.38198852539062 330.98272705078125 375.0 0.75113654 1.6499877 0.79681337 -2.6859288 1.6047868 5.5173407 -1.7510685920715332 0.6018800139427185
Pedestrian 0.0 0 1.7735515832901 664.5895385742188 172.8787078857422 687.8192749023438 217.2686767578125 0.67232865 1.8573419 0.8654155 2.7731657 1.858764 30.634773 1.8638290166854858 0.40327173471450806
Pedestrian 0.0 0 -0.44466280937194824 729.9528198242188 171.64305114746094 757.260498046875 217.48931884765625 0.88755906 1.7204106 0.51038057 5.0351095 1.675327 27.435263 -0.2631557285785675 0.3005077540874481
Cyclist 0.0 0 1.6099426746368408 940.0084838867188 178.02479553222656 978.1536254882812 271.67559814453125 1.4969628 1.485027 0.5320178 5.919474 1.5792649 12.311424 2.058121919631958 0.8609607219696045
Cyclist 0.0 0 1.678295612335205 972.4805908203125 168.57730102539062 1014.3009033203125 256.1709899902344 1.6798671 1.5992117 0.54421926 7.41487 1.5214893 14.018832 2.1648123264312744 0.6737818717956543
Cyclist 0.0 0 1.6104296445846558 887.492431640625 165.5806121826172 909.2642822265625 214.6111297607422 1.7476382 1.6969241 0.65973467 10.319311 1.4455534 25.901798 1.989557147026062 0.45175549387931824
Cyclist 0.0 0 -1.2917956113815308 937.9158325195312 174.63800048828125 990.0935668945312 254.98104858398438 1.7484316 1.6797363 0.5804889 7.799883 1.7216573 15.963663 -0.8373076915740967 0.282905638217926
Cyclist 0.0 0 -1.3750360012054443 426.9626770019531 166.0869140625 439.7884216308594 188.75051879882812 1.8076417 1.7896788 0.66219753 -14.188485 1.2556591 57.892647 -1.6153812408447266 0.21558333933353424
Car 0.0 0 -0.7156465649604797 1023.7470703125 174.342529296875 1211.41357421875 231.646484375 4.0532846 1.4510025 1.6181113 13.483224 1.4933721 19.341024 -0.10684884339570999 0.3831770122051239
Car 0.0 0 -1.4373700618743896 767.11572265625 151.64820861816406 803.42138671875 180.70523071289062 3.8040628 1.6951799 1.6698607 10.733343 0.45839676 44.167004 -1.1989741325378418 0.2542450428009033
Car 0.0 0 1.5021761655807495 692.3010864257812 170.35531616210938 735.0880126953125 205.56932067871094 4.2101407 1.508391 1.6408818 4.648247 1.4017181 33.06231 1.6418511867523193 0.20223817229270935
