Pedestrian 0.0 0 2.6946115493774414 808.5564575195312 138.47930908203125 920.7236328125 305.14117431640625 0.99879307 1.724279 0.5453859 2.736647 1.2912259 7.632591 3.0388808250427246 0.7632929086685181
Pedestrian 0.0 0 1.3679356575012207 670.8994750976562 156.22337341308594 717.8985595703125 246.82164001464844 0.9856251 1.7858782 0.7664143 1.7712892 1.3089659 14.454592 1.4898693561553955 0.16943392157554626
Pedestrian 0.0 0 -0.5238304734230042 858.6259765625 153.70367431640625 920.3683471679688 262.6852111816406 0.7171812 1.7534299 0.65909487 4.67228 1.3239514 11.748908 -0.1453275978565216 0.13589657843112946
Pedestrian 0.0 0 1.3293795585632324 487.6987609863281 165.5882568359375 538.7711181640625 263.95355224609375 0.9256155 1.7520846 0.73911023 -1.762008 1.488119 13.154923 1.1962292194366455 0.13461321592330933
Pedestrian 0.0 0 -2.1240780353546143 945.1516723632812 147.87283325195312 1027.347412109375 261.8388671875 0.98224443 1.7951719 0.79122883 6.2108192 1.2828908 11.6475315 -1.6342006921768188 0.10037536174058914
Cyclist 0.0 0 -1.0137910842895508 184.5386199951172 150.45716857910156 264.01129150390625 243.8106231689453 1.6737933 1.7405354 0.59622544 -7.5546694 1.1820368 14.031685 -1.5076853036880493 0.1756693720817566
Cyclist 0.0 0 1.3071198463439941 670.187744140625 161.805419921875 719.4768676757812 253.15829467773438 1.0163176 1.8040802 0.76139 1.7875086 1.4365205 14.514828 1.4296534061431885 0.11546202749013901
Cyclist 0.0 0 -2.499572277069092 282.27294921875 194.6119842529297 353.5001525878906 268.0868835449219 1.7164211 1.8645173 0.6102587 -7.6055856 2.2485466 18.645212 -2.8868796825408936 0.10088511556386948
Car 0.0 0 -1.2115617990493774 478.66748046875 140.89675903320312 583.1022338867188 204.99041748046875 4.150135 1.7006297 1.7235028 -2.101345 0.6514014 20.982206 -1.3113778829574585 0.11381126940250397
Car 0.0 0 -2.170499086380005 597.1234130859375 131.99903869628906 698.635986328125 194.1312255859375 5.0009656 2.4623485 1.879246 1.719238 0.5417146 30.64196 -2.114450454711914 0.1007276102900505
