Pedestrian 0.0 0 -2.4672179222106934 239.3704376220703 154.7735595703125 300.83551025390625 249.60043334960938 0.93727434 1.782305 0.54700345 -6.6091075 1.4428346 13.93252 -2.9101483821868896 0.17547893524169922
Pedestrian 0.0 0 1.1037498712539673 880.6845092773438 124.88029479980469 931.0640869140625 225.98751831054688 0.59688467 1.8218098 0.6617781 5.4031377 0.957749 13.322815 1.4890360832214355 0.14863838255405426
Pedestrian 0.0 0 0.7643530368804932 87.54554748535156 174.81118774414062 120.28987121582031 216.71583557128906 1.0637662 1.8489357 0.6223875 -22.66223 1.9378533 32.25763 0.15192532539367676 0.12509609758853912
Pedestrian 0.0 0 -1.873288631439209 902.850341796875 179.3667449951172 932.5493774414062 236.17236328125 0.6736271 1.8485408 0.7379253 10.154924 2.0683098 23.933935 -1.4720196723937988 0.12037517875432968
Cyclist 0.0 0 -3.041970729827881 964.7799682617188 136.84791564941406 1014.142822265625 181.73138427734375 1.6990308 1.7543179 0.6159732 15.163309 0.34733993 28.923836 -2.559112310409546 0.1667443811893463
Cyclist 0.0 0 2.345442056655884 933.6280517578125 166.277099609375 970.7249145507812 213.37571716308594 1.5309212 2.0444927 0.573274 15.0664215 1.7593555 31.852737 2.787259340286255 0.16589167714118958
Cyclist 0.0 0 1.3183982372283936 792.7749633789062 139.96051025390625 837.7424926757812 214.863525390625 1.7191246 1.7579968 0.6514916 4.9879193 0.98633456 17.798132 1.5916383266448975 0.15116286277770996
Cyclist 0.0 0 -1.1369874477386475 92.95632934570312 180.72830200195312 122.27005767822266 221.79806518554688 1.3222635 1.786196 0.5775913 -22.551079 2.1472633 32.348434 -1.7457849979400635 0.10653547942638397
Car 0.0 0 -1.5868648290634155 563.0665283203125 182.6269989013672 602.2347412109375 215.75665283203125 3.6339674 1.3204569 1.6223452 -1.2759455 1.7755809 31.71273 -1.627077579498291 0.8783210515975952
Car 0.0 0 -1.548487901687622 518.2775268554688 180.48880004882812 547.7727661132812 207.21017456054688 3.7110403 1.5004414 1.6889714 -4.638096 1.9817369 43.529297 -1.6546385288238525 0.8712012767791748
Car 0.0 0 1.3219759464263916 666.8381958007812 182.53533935546875 694.1796264648438 200.08102416992188 3.5867763 1.4788685 1.6056296 6.280826 2.3741202 64.79824 1.4186030626296997 0.2684427797794342
Car 0.0 0 1.740119457244873 1193.1866455078125 171.61964416503906 1242.0 207.27499389648438 4.1011553 1.6364095 1.6680993 29.86979 1.5801167 35.06712 2.4456512928009033 0.11774016171693802
