Pedestrian 0.0 0 1.041227102279663 0.0 156.4927978515625 86.42186737060547 323.3226013183594 0.9777953 1.8320249 0.68026716 -6.8436546 1.6527139 8.410694 0.3581972122192383 0.28328678011894226
Pedestrian 0.0 0 -0.8739610910415649 1008.9119873046875 162.27955627441406 1079.820556640625 276.2491760253906 0.8288819 1.746094 0.5654239 6.8384314 1.5844438 11.455194 -0.33577096462249756 0.27744340896606445
Pedestrian 0.0 0 -1.028124213218689 1130.670654296875 96.78253173828125 1215.81005859375 258.16839599609375 0.6734776 1.824047 0.5206666 6.588643 0.964615 8.516775 -0.3696845769882202 0.1489730328321457
Pedestrian 0.0 0 1.1822069883346558 781.5004272460938 140.14466857910156 830.803466796875 227.96600341796875 0.9183499 1.7950083 0.70746714 4.0806518 1.1268097 15.24529 1.4437425136566162 0.13506819307804108
Pedestrian 0.0 0 -1.2770167589187622 303.1858215332031 159.94854736328125 323.3785400390625 203.26824951171875 0.5936633 1.9106622 0.6906225 -13.25796 1.3418113 32.150448 -1.668143391609192 0.1322200745344162
Pedestrian 0.0 0 -0.7038694024085999 1176.1729736328125 159.9245147705078 1242.0 284.81585693359375 1.0429726 1.7112234 0.598369 8.6966 1.5344253 10.184241 0.0029001235961914062 0.1283605843782425
Cyclist 0.0 0 3.3908259868621826 289.0699768066406 154.1238555908203 358.2279968261719 222.71177673339844 1.6023976 1.7763057 0.6016852 -7.604486 1.2915863 19.085913 3.011669874191284 0.23984530568122864
Cyclist 0.0 0 1.684672474861145 358.4100036621094 180.63479614257812 376.79510498046875 221.9573516845703 1.6270062 1.6904494 0.5625325 -10.341481 2.0310054 30.690504 1.3596612215042114 0.13710540533065796
Car 0.0 0 1.6665536165237427 471.9833068847656 185.1202850341797 537.7041015625 236.3648223876953 4.4659452 1.4130783 1.6688378 -3.3310735 1.8473105 23.249605 1.524247646331787 0.9107072353363037
Car 0.0 0 2.0389742851257324 0.0 171.56082153320312 384.72723388671875 375.0 4.2432485 1.7376319 1.6950763 -3.7061193 1.729311 6.977921 1.550741195678711 0.7703798413276672
Car 0.0 0 1.0268917083740234 1024.1226806640625 101.49830627441406 1242.0 247.6967010498047 3.689256 1.5747219 1.6015984 7.2226915 0.80649835 9.682544 1.6677956581115723 0.24610531330108643
Car 0.0 0 0.7087335586547852 658.4215698242188 179.1924591064453 705.9009399414062 197.90077209472656 4.2729697 1.6236045 1.6696306 6.5671444 2.2239358 66.17423 0.8076498508453369 0.17416012287139893
Car 0.0 0 1.778939127922058 500.2500305175781 180.1389617919922 552.6544799804688 213.18893432617188 4.2839007 1.4452045 1.655147 -3.9861007 1.8185834 34.73295 1.6646747589111328 0.15237462520599365
