Pedestrian 0.0 0 0.1310991793870926 465.0353698730469 146.8160400390625 565.68994140625 304.9767761230469 1.104503 1.7856861 0.5782723 -1.0779817 1.4070688 8.267771 0.0014469623565673828 0.7619906663894653
Pedestrian 0.0 0 -0.4845367670059204 764.1087036132812 139.05722045898438 827.130126953125 244.27882385253906 0.83997804 1.7735952 0.6818131 3.2728665 1.0766926 12.33901 -0.22526168823242188 0.1800980120897293
Pedestrian 0.0 0 1.244554877281189 835.7791137695312 175.22879028320312 877.3152465820312 248.03213500976562 0.9664975 1.777617 0.70714384 6.263777 1.6505101 17.746656 1.5838600397109985 0.17341910302639008
Pedestrian 0.0 0 -3.101895809173584 615.8861083984375 151.4808349609375 650.1939697265625 222.52584838867188 0.84093237 1.75532 0.6502171 0.6767044 1.0399358 17.820936 -3.063941717147827 0.15588419139385223
Pedestrian 0.0 0 -0.6487790942192078 988.5006103515625 160.87677001953125 1079.0716552734375 266.5783996582031 1.1886778 1.7074805 0.56615114 7.0766087 1.3921447 11.7615385 -0.10712980479001999 0.12062928825616837
Pedestrian 0.0 0 1.3536990880966187 644.7216796875 172.1491241455078 692.9964599609375 270.1111145019531 0.8711301 1.7268095 0.70490617 1.11202 1.5812495 12.936391 1.4394489526748657 0.11397524178028107
Pedestrian 0.0 0 -0.06740394234657288 810.1212768554688 158.4755096435547 858.0365600585938 249.71835327148438 0.85171694 1.7473605 0.72649145 4.476676 1.3272107 13.990287 0.24228501319885254 0.10057589411735535
Cyclist 0.0 0 1.5232915878295898 524.1215209960938 168.06838989257812 562.1317749023438 268.64361572265625 1.6547664 1.7399766 0.6133892 -1.2101855 1.5265526 13.08918 1.4310967922210693 0.15060709416866302
Cyclist 0.0 0 1.218769907951355 836.152587890625 173.43313598632812 874.6478881835938 240.79571533203125 0.95342696 1.653457 0.62197673 6.2664475 1.4815942 17.831043 1.5567222833633423 0.142911896109581
Car 0.0 0 0.8913202881813049 0.0 128.6033477783203 153.90798950195312 265.7300720214844 4.1271424 1.8346854 1.811498 -9.407345 1.1420065 10.6967325 0.16997003555297852 0.2118755280971527
Car 0.0 0 -1.5911396741867065 662.1832275390625 145.16390991210938 692.4635620117188 175.98526000976562 4.031985 1.699267 1.6834147 4.211386 -0.27797538 41.66309 -1.490399956703186 0.10127705335617065
