Pedestrian 0.0 0 2.5441086292266846 989.516357421875 110.9935531616211 1068.3486328125 243.13067626953125 0.76020527 1.7684015 0.5398878 5.7876415 0.8398632 9.750419 3.0797932147979736 0.4722955822944641
Pedestrian 0.0 0 0.6782714128494263 270.32122802734375 177.6386260986328 327.6756896972656 265.6625671386719 0.7630376 1.7402042 0.76891047 -6.284457 1.6852653 14.444883 0.26790690422058105 0.38784563541412354
Pedestrian 0.0 0 3.570098400115967 118.23857879638672 99.73875427246094 203.05625915527344 240.01812744140625 0.8190714 1.8756038 0.60788393 -6.19142 0.79745835 9.804812 3.006861686706543 0.3022543489933014
Pedestrian 0.0 0 0.7631162405014038 255.46173095703125 172.28521728515625 292.6070556640625 230.32638549804688 0.77967006 1.7831042 0.71259636 -10.409986 1.5322918 22.178492 0.32426905632019043 0.29353490471839905
Pedestrian 0.0 0 -2.3938820362091064 113.25724029541016 154.05039978027344 139.09848022460938 192.25099182128906 0.8599597 1.8548747 0.617773 -23.511667 0.57202256 34.69713 -2.9894332885742188 0.23206983506679535
Pedestrian 0.0 0 -0.209651917219162 777.4517211914062 160.05813598632812 797.7201538085938 192.05197143554688 1.0347148 1.82123 0.53985214 10.456977 0.65897316 40.535187 0.0428164005279541 0.18762743473052979
Pedestrian 0.0 0 -1.726885437965393 789.3905029296875 160.877685546875 804.1757202148438 195.23309326171875 0.70920074 1.8214691 0.66099375 10.258044 0.7825354 37.86994 -1.4623576402664185 0.18599797785282135
Cyclist 0.0 0 -1.635061502456665 988.1690063476562 146.81967163085938 1027.77783203125 216.44554138183594 1.7662984 1.7184972 0.7780246 10.432235 0.8888002 18.410719 -1.1195333003997803 0.719307541847229
Cyclist 0.0 0 1.9010297060012817 254.65931701660156 172.65744018554688 293.1380615234375 231.95687866210938 1.561198 1.7907166 0.62205315 -10.38733 1.5554487 22.156025 1.4626305103302002 0.3049272894859314
Car 0.0 0 -0.7935265898704529 0.0 203.55824279785156 292.3539733886719 370.0 3.6977983 1.497398 1.6238617 -3.1903286 1.6692172 3.3493438 -1.5546140670776367 0.8823639154434204
Car 0.0 0 0.88968825340271 478.30731201171875 170.8460235595703 565.4093017578125 207.95050048828125 3.846355 1.4879749 1.6437654 -3.6283135 1.1023226 30.278488 0.77042555809021 0.8616399168968201
Car 0.0 0 2.0831425189971924 0.0 186.13490295410156 164.83323669433594 272.2225646972656 4.209558 1.803272 1.7026538 -12.751061 1.9601318 17.285793 1.447585105895996 0.7170364260673523
Car 0.0 0 -1.905133605003357 477.71343994140625 160.63186645507812 525.05810546875 189.13050842285156 3.5598197 1.5425335 1.5768708 -5.9418087 0.4685421 40.207897 -2.051848888397217 0.3121096193790436
