Pedestrian 0.0 0 -3.380918264389038 1025.2564697265625 171.27032470703125 1178.450439453125 375.0 0.90354866 1.7174586 0.71127635 3.9821522 1.7057183 5.997402 -2.794778347015381 0.3569616675376892
Pedestrian 0.0 0 2.4096455574035645 734.3637084960938 154.40098571777344 757.1640014648438 198.47573852539062 0.7134906 1.942847 0.70610243 6.0342674 1.129783 32.290276 2.594390392303467 0.32483378052711487
Pedestrian 0.0 0 1.9242546558380127 260.8920593261719 157.06822204589844 307.80242919921875 231.81045532226562 1.0879174 1.8764796 0.7806327 -8.463255 1.4805195 18.682775 1.4989105463027954 0.3130650520324707
Pedestrian 0.0 0 1.4457820653915405 129.11166381835938 160.2682647705078 156.9031219482422 218.25245666503906 0.52451795 1.9101022 0.7222734 -15.708466 1.4958639 24.199312 0.8700196743011475 0.3122466206550598
Pedestrian 0.0 0 -0.3404155969619751 779.88671875 151.0400848388672 888.8651733398438 314.77764892578125 1.0329103 1.7371532 0.50639814 2.3944423 1.506079 7.9295797 -0.047158561646938324 0.26975271105766296
Pedestrian 0.0 0 -1.8662357330322266 1022.9323120117188 157.95834350585938 1070.2344970703125 240.2135467529297 0.8051568 1.7538744 0.68243444 9.529799 1.4366218 15.855631 -1.3250551223754883 0.20108187198638916
Cyclist 0.0 0 1.9839524030685425 260.4971618652344 154.42718505859375 307.7734069824219 230.36077880859375 1.1140114 1.9059651 0.73086274 -8.462984 1.4438022 18.669666 1.558356523513794 0.16248860955238342
Car 0.0 0 1.8278803825378418 330.84033203125 184.79493713378906 485.25787353515625 291.72607421875 3.7426848 1.4728384 1.5877519 -3.2753506 1.7066567 12.229239 1.5661927461624146 0.958303689956665
Car 0.0 0 1.7297636270523071 465.5813293457031 180.6821746826172 538.9661865234375 236.95822143554688 3.6797023 1.4716935 1.568272 -3.1240342 1.7224898 21.230843 1.5836659669876099 0.9300675988197327
Car 0.0 0 -1.4462487697601318 1007.313720703125 126.28942108154297 1242.0 327.7921142578125 3.218809 1.4816555 1.4838979 5.0647798 1.1396227 6.985002 -0.8188793659210205 0.2524477243423462
Car 0.0 0 -1.450939655303955 167.9357147216797 182.81369018554688 254.46498107910156 245.81068420410156 3.636561 1.4693568 1.6103979 -10.676284 1.7655574 19.442385 -1.9531102180480957 0.2496931105852127
