Car 0.0 0 -1.3777326345443726 450.10595703125 183.58084106445312 512.5084838867188 226.75946044921875 3.467647 1.4545023 1.5826195 -4.532304 1.4005625 25.960867 -1.5505728721618652 0.9179116487503052
Car 0.0 0 -1.5606595277786255 578.7432861328125 178.65896606445312 611.4546508789062 208.02932739257812 3.8283024 1.5561876 1.7333415 -0.715519 1.2099111 40.005596 -1.5785430669784546 0.9095243811607361
Car 0.0 0 -1.316267967224121 332.356689453125 193.46627807617188 465.99603271484375 277.3993835449219 4.013296 1.4477276 1.6620438 -4.160184 1.642153 14.815299 -1.5900213718414307 0.9073556065559387
Car 0.0 0 -1.2410356998443604 305.2873840332031 191.65797424316406 393.8955383300781 237.05775451660156 3.841509 1.3471022 1.598094 -8.472568 1.5788977 23.804293 -1.5829800367355347 0.8576042652130127
Car 0.0 0 -1.1104527711868286 128.30303955078125 182.43075561523438 301.3940124511719 268.86083984375 4.0857835 1.6549472 1.6793164 -8.451878 1.6027528 15.827998 -1.600915551185608 0.7569499611854553
Car 0.0 0 -1.331884741783142 397.7092590332031 180.8795623779297 450.66729736328125 212.97000122070312 3.7510278 1.4586596 1.6250025 -8.788498 1.2626936 34.555225 -1.580936312675476 0.5968992114067078
Car 0.0 0 -1.436633825302124 483.3555603027344 182.3306121826172 526.3273315429688 214.24563598632812 3.9561574 1.5107484 1.6167055 -5.1280794 1.3753096 36.008335 -1.5780962705612183 0.543228030204773
Car 0.0 0 -0.9252969026565552 0.0 194.8160858154297 150.78118896484375 331.62738037109375 3.8459914 1.4304527 1.591061 -8.191175 1.5880618 9.750361 -1.624009132385254 0.47588253021240234
Car 0.0 0 -1.564149022102356 517.0064697265625 180.90740966796875 543.3497314453125 204.77232360839844 3.9313207 1.4418645 1.585484 -4.9185324 1.1826994 45.463543 -1.671916127204895 0.35771888494491577
Car 0.0 0 -1.0598491430282593 94.50756072998047 190.5110626220703 223.86843872070312 245.55331420898438 3.762975 1.4376287 1.5663334 -13.010792 1.6079654 21.053005 -1.6134001016616821 0.3498843014240265
