Car 0.0 0 -1.8747360706329346 849.1041259765625 179.51937866210938 1204.3135986328125 375.0 3.5065181 1.4924313 1.6085175 3.2217598 1.5696974 6.464541 -1.4123899936676025 0.9447680711746216
Car 0.0 0 1.788866639137268 436.3400573730469 174.1066436767578 531.6918334960938 245.70822143554688 3.4129105 1.5222285 1.5209799 -2.9322822 1.5553697 17.13927 1.6194216012954712 0.9147124290466309
Car 0.0 0 1.9655606746673584 115.83926391601562 192.14035034179688 471.8511962890625 375.0 4.1515465 1.4110614 1.6328284 -2.7187304 1.6608922 7.227454 1.6057672500610352 0.8927691578865051
Car 0.0 0 2.2490878105163574 1030.9501953125 161.7539825439453 1141.64990234375 199.47679138183594 3.8520384 1.4124207 1.5604068 18.657951 0.99717104 28.344244 2.831249475479126 0.8814387917518616
Car 0.0 0 -3.1339592933654785 767.7815551757812 163.07540893554688 899.8392944335938 209.29989624023438 4.4386497 1.5842875 1.7136606 8.029391 1.2494962 26.21061 -2.8366949558258057 0.8668678998947144
Car 0.0 0 -1.4256055355072021 841.2415161132812 176.02947998046875 992.7476806640625 300.2335205078125 3.4988704 1.5116847 1.5796463 4.64743 1.5678761 10.780143 -1.018570899963379 0.8462954163551331
Car 0.0 0 1.4005014896392822 480.39691162109375 176.55868530273438 556.970703125 230.4756317138672 4.1828275 1.4725312 1.6318632 -2.9556282 1.5986451 22.250494 1.2684403657913208 0.7626777291297913
Car 0.0 0 -0.49136173725128174 714.6947021484375 160.64151000976562 777.7128295898438 181.2434844970703 4.269131 1.4720377 1.6610943 9.96857 0.5997967 52.98599 -0.30539947748184204 0.7346084117889404
Car 0.0 0 -1.064118504524231 1149.1593017578125 168.18670654296875 1242.0 228.4498291015625 3.902632 1.4776521 1.6297992 16.427006 1.363568 19.131119 -0.3546219766139984 0.7154045701026917
Car 0.0 0 2.4208872318267822 0.0 187.8428192138672 239.95640563964844 375.0 3.91743 1.4565679 1.5971144 -3.0050595 1.5479854 2.384587 1.520870566368103 0.6269102096557617
