Pedestrian 0.0 0 2.774426221847534 571.96337890625 146.0540313720703 706.652587890625 345.9540710449219 0.95388883 1.6562333 0.91037863 0.2682287 1.363941 6.533009 2.815460681915283 0.841153085231781
Pedestrian 0.0 0 0.2833395302295685 328.4817810058594 188.03732299804688 454.43408203125 374.0 0.806539 1.6002308 0.8038782 -1.7467166 1.6591742 5.918947 -0.003621320240199566 0.7618536949157715
Pedestrian 0.0 0 2.427886962890625 923.7939453125 178.21087646484375 1110.13916015625 374.0 0.8514218 1.5973914 0.90468484 3.0919802 1.5759661 5.512128 2.939091444015503 0.7176690101623535
Pedestrian 0.0 0 -0.9406349658966064 357.6795349121094 166.3675994873047 389.1199645996094 219.4168243408203 0.92286533 1.8147814 0.62489873 -7.98709 1.2981836 25.107813 -1.2486240863800049 0.3929016888141632
Pedestrian 0.0 0 -1.6978260278701782 1197.319580078125 159.7521514892578 1237.184326171875 231.71267700195312 0.47255093 1.7579752 0.70018864 15.333724 1.2278728 17.93565 -0.9904768466949463 0.28970110416412354
Pedestrian 0.0 0 -3.022855281829834 603.7283325195312 162.60855102539062 640.6590576171875 212.0707550048828 1.2758715 1.7845588 0.7624534 0.74850154 1.1040194 26.384981 -2.9944944381713867 0.2721491754055023
Pedestrian 0.0 0 -2.142728805541992 1209.927490234375 150.24217224121094 1238.0 205.65711975097656 0.479069 1.8176978 0.6107985 20.678343 0.79348123 23.840399 -1.4282389879226685 0.26647353172302246
Pedestrian 0.0 0 1.8283027410507202 500.8121643066406 164.3148193359375 522.4832153320312 210.50389099121094 0.6618412 1.9245455 0.76496685 -3.799921 1.209477 30.306671 1.7035713195800781 0.2638106644153595
Pedestrian 0.0 0 -0.9748495817184448 1198.294677734375 142.94952392578125 1233.8389892578125 201.24435424804688 0.58140033 1.8262974 0.6451397 19.555338 0.619671 22.889845 -0.2678506672382355 0.16071520745754242
Cyclist 0.0 0 -2.9837005138397217 595.8016967773438 161.944091796875 643.0751342773438 211.15673828125 1.6470864 1.7752417 0.71114814 0.6472224 1.0708536 26.40886 -2.959197759628296 0.35505783557891846
Car 0.0 0 -0.9420424103736877 982.6483154296875 144.0825958251953 1232.7689208984375 241.4623260498047 4.184982 1.6324408 1.7302812 9.479114 1.006473 13.537838 -0.3311862349510193 0.671212375164032
Car 0.0 0 0.26152732968330383 0.0 151.0592498779297 135.62673950195312 202.74954223632812 4.170125 1.7312279 1.7013763 -19.271294 0.7127774 25.624811 -0.38328835368156433 0.19501535594463348
