Pedestrian 0.0 0 1.2186317443847656 770.6771850585938 169.62625122070312 807.2473754882812 242.3292694091797 0.81706077 1.7791432 0.6461135 4.4309354 1.7005136 18.09636 1.4587596654891968 0.4174763560295105
Pedestrian 0.0 0 -0.7391214966773987 1011.0999755859375 152.85775756835938 1095.8328857421875 295.8622131347656 0.7094577 1.7554748 0.59025156 5.5964913 1.5103655 9.212356 -0.19320671260356903 0.2342088520526886
Pedestrian 0.0 0 1.3084772825241089 749.4544677734375 163.7612762451172 780.55810546875 226.8443603515625 0.7971912 1.7780517 0.6895951 4.403077 1.5221236 20.750793 1.5175645351409912 0.23043575882911682
Pedestrian 0.0 0 1.2458431720733643 886.1168823242188 147.78431701660156 941.3768920898438 257.05975341796875 0.69875944 1.7638913 0.6571038 4.992515 1.3595818 12.015257 1.6396522521972656 0.18139854073524475
Pedestrian 0.0 0 1.8906886577606201 684.1568603515625 166.03622436523438 701.97802734375 201.98316955566406 0.672114 1.9293905 0.79108256 4.4785504 1.5638161 39.195717 2.0044565200805664 0.1771337389945984
Pedestrian 0.0 0 -1.8158183097839355 719.9107666015625 120.39364624023438 779.8749389648438 238.89976501464844 1.4889936 1.7189555 0.5613338 2.093384 0.9583652 11.223439 -1.631418228149414 0.15966796875
Pedestrian 0.0 0 -2.0859382152557373 903.4380493164062 57.29441833496094 1182.7772216796875 375.0 0.9407526 1.6951464 0.7221045 1.8535545 1.2371373 3.3323123 -1.5783193111419678 0.13760539889335632
Pedestrian 0.0 0 -2.6633119583129883 376.7596435546875 151.01634216308594 412.4183349609375 215.58792114257812 0.7813725 1.8480896 0.6599095 -6.3244133 1.2234367 21.044855 -2.9552462100982666 0.12644082307815552
Pedestrian 0.0 0 -0.25957900285720825 637.2577514648438 119.41654205322266 677.4351196289062 194.6571502685547 0.8370973 1.7830687 0.62802577 1.092155 0.5170541 17.486345 -0.19720244407653809 0.12283936887979507
Pedestrian 0.0 0 -1.624264121055603 948.0527954101562 167.1456298828125 982.6968994140625 243.33697509765625 1.0571188 1.7696321 0.6894489 8.4958105 1.6374068 17.377022 -1.169527292251587 0.12038326263427734
Pedestrian 0.0 0 -2.6695761680603027 467.6833801269531 176.28839111328125 487.1440734863281 220.97439575195312 0.57350534 1.8666934 0.6634951 -5.661315 2.014616 30.599619 -2.852520227432251 0.11725908517837524
Cyclist 0.0 0 -1.3763450384140015 501.997802734375 189.60084533691406 516.8757934570312 222.18115234375 1.546305 1.7521696 0.53829503 -5.658069 2.708474 40.39734 -1.5155003070831299 0.21721379458904266
Cyclist 0.0 0 -1.7696799039840698 718.282958984375 126.89083862304688 776.4303588867188 245.36334228515625 1.552257 1.7156097 0.5828174 2.0537455 1.0503713 11.227135 -1.588753342628479 0.18411816656589508
Cyclist 0.0 0 1.6956416368484497 514.1373291015625 185.29598999023438 525.1116333007812 212.92245483398438 1.2899284 1.744043 0.55106115 -5.885301 2.5621214 46.773594 1.5704741477966309 0.1775074303150177
Car 0.0 0 1.6543992757797241 522.802001953125 185.09034729003906 560.5296020507812 218.9667205810547 4.1447973 1.6270398 1.6508616 -3.603536 2.3111641 38.23589 1.560431957244873 0.8321273922920227
Car 0.0 0 -0.8722989559173584 636.0613403320312 138.84237670898438 775.9013671875 211.16455078125 3.5608263 1.6438309 1.5701778 2.4296486 0.87112933 18.177109 -0.7394212484359741 0.14003391563892365
Car 0.0 0 1.5036252737045288 619.6231689453125 183.34249877929688 648.9982299804688 209.27149963378906 3.9470227 1.55321 1.6365451 1.507423 2.2635574 46.83885 1.535797357559204 0.11824768036603928
Car 0.0 0 -2.652297019958496 1163.2879638671875 171.86764526367188 1242.0 297.81634521484375 4.0447574 1.5968652 1.7193056 11.341659 1.5847173 11.3305025 -1.8664066791534424 0.11746907979249954
