Car 0.0 0 -1.7660077810287476 666.2702026367188 181.00555419921875 760.8641357421875 245.35888671875 4.2584305 1.4420948 1.6174599 2.527872 1.6804993 18.89267 -1.6329960823059082 0.9636578559875488
Car 0.0 0 -1.9732184410095215 743.0189208984375 195.6704864501953 991.7323608398438 344.62359619140625 3.6263287 1.3906895 1.5987488 2.9267352 1.7412025 9.190129 -1.664908528327942 0.9392520189285278
Car 0.0 0 -2.5121989250183105 0.0 195.61891174316406 293.6366271972656 317.2758483886719 3.8945136 1.4534714 1.5726012 -6.634598 1.7895894 9.78778 -3.107900381088257 0.8899016380310059
Car 0.0 0 -2.622821807861328 79.75183868408203 189.71461486816406 356.4471435546875 286.4182434082031 3.790374 1.4661144 1.5686133 -6.4649343 1.7679087 12.062249 -3.1148252487182617 0.8437291383743286
Car 0.0 0 0.3216905891895294 350.47705078125 186.25160217285156 493.5304260253906 234.22088623046875 4.060183 1.4097127 1.5440905 -5.8764324 1.8468947 22.615564 0.06747221946716309 0.8331626057624817
Car 0.0 0 -2.4382729530334473 0.0 191.3361053466797 215.5980224609375 364.5082702636719 3.549304 1.5776831 1.5871905 -6.3832536 1.7914641 7.5348225 -3.141120195388794 0.7962768077850342
Car 0.0 0 -2.707699775695801 163.59324645996094 184.73187255859375 381.28582763671875 266.2834777832031 3.6519399 1.5310813 1.5976012 -6.7507133 1.7845795 14.575534 -3.1414384841918945 0.7810174822807312
Car 0.0 0 -1.6964508295059204 653.8364868164062 179.55967712402344 705.6432495117188 217.11643981933594 4.2436347 1.4030846 1.5974492 2.7702658 1.7009956 29.867085 -1.6039623022079468 0.7245239019393921
Car 0.0 0 0.5281796455383301 239.4386444091797 177.46011352539062 419.6286315917969 256.9208679199219 3.6674798 1.7457287 1.5913643 -6.615145 1.8617939 17.048141 0.1580369472503662 0.6910670399665833
Car 0.0 0 3.3481457233428955 374.2000732421875 170.281982421875 477.7623291015625 218.76820373535156 3.5943904 1.7988391 1.5937413 -7.029977 1.7037753 27.638844 3.0990757942199707 0.5896165370941162
