Pedestrian 0.0 0 1.8974173069000244 1152.245849609375 91.49310302734375 1242.0 271.4147644042969 0.6906178 1.7934335 0.6150229 6.197015 0.9827976 7.633697 2.579310417175293 0.22322295606136322
Pedestrian 0.0 0 -1.0743670463562012 423.0370788574219 178.85977172851562 438.53155517578125 203.12184143066406 1.1598387 1.8065645 0.66897064 -13.605356 2.267512 54.687767 -1.3181993961334229 0.21298061311244965
Pedestrian 0.0 0 -2.3435158729553223 160.82237243652344 190.3032989501953 192.6456756591797 235.3345184326172 0.85421294 1.6082555 0.56358945 -15.919711 2.2573571 26.442347 -2.885443925857544 0.17478132247924805
Pedestrian 0.0 0 3.2986254692077637 484.0128479003906 163.8221893310547 501.4368591308594 194.45489501953125 1.0049891 1.9115158 0.5621858 -7.3929315 1.3482782 45.305508 3.136871576309204 0.16612280905246735
Pedestrian 0.0 0 -0.9785866737365723 791.3153076171875 143.49693298339844 822.7679443359375 202.40040588378906 0.78657395 1.835566 0.6363114 6.2308145 0.92109114 22.979988 -0.7138117551803589 0.12897725403308868
Cyclist 0.0 0 -2.3133139610290527 768.2733764648438 164.10284423828125 792.9059448242188 188.31179809570312 2.0052738 1.8040105 0.62853706 12.916468 1.1522461 54.79325 -2.0818092823028564 0.1908172219991684
Car 0.0 0 3.4942803382873535 194.36534118652344 183.88746643066406 388.118408203125 244.36781311035156 4.313807 1.4677293 1.6660597 -8.234066 1.770576 18.81823 3.0818212032318115 0.9403032660484314
Car 0.0 0 0.18215078115463257 509.4459533691406 179.61917114257812 559.8485107421875 196.81277465820312 4.277478 1.5025045 1.6393187 -6.7660913 2.119769 64.80916 0.07812738418579102 0.7540006637573242
Car 0.0 0 1.6521029472351074 432.9924011230469 183.14295959472656 457.7425537109375 203.60665893554688 4.081214 1.612397 1.7209038 -13.937988 2.515268 61.14592 1.4279859066009521 0.14530326426029205
Car 0.0 0 -2.766011953353882 346.01983642578125 179.70367431640625 411.57891845703125 203.6977996826172 3.8209152 1.5451928 1.6179959 -15.357896 2.009413 47.927937 -3.0761115550994873 0.14048972725868225
Car 0.0 0 -1.179333209991455 169.35690307617188 182.58535766601562 246.49822998046875 218.7853546142578 4.0910263 1.4937587 1.6466391 -18.339306 1.968456 33.040813 -1.6860452890396118 0.11959178745746613
Car 0.0 0 1.7135906219482422 553.5968627929688 181.41775512695312 575.78564453125 197.93894958496094 3.7489367 1.4795092 1.5882884 -4.2948303 2.3164058 68.547615 1.651017665863037 0.10816077888011932
