Pedestrian 0.0 0 -0.2533952593803406 587.8539428710938 148.85079956054688 678.0322875976562 294.0564880371094 0.95280737 1.7175056 0.80595666 0.28283918 1.3448381 8.855844 -0.2214679718017578 0.7138677835464478
Pedestrian 0.0 0 0.3868969678878784 658.2487182617188 159.30709838867188 718.4991455078125 249.5500030517578 1.0245007 1.7793638 0.74325424 1.6731747 1.3631228 14.50844 0.5017139911651611 0.1299024224281311
Pedestrian 0.0 0 -3.4498279094696045 837.9097290039062 140.58555603027344 891.524169921875 239.9401397705078 0.7258482 1.717344 0.6603832 4.558522 1.0290687 12.560774 -3.1016921997070312 0.10619687288999557
Pedestrian 0.0 0 -3.4414660930633545 895.805908203125 152.7970733642578 958.1805419921875 264.4150085449219 0.7703965 1.7887437 0.6838592 5.2739334 1.3464421 11.7125845 -3.0183799266815186 0.10089061409235
Pedestrian 0.0 0 -3.0923664569854736 643.9586181640625 156.58535766601562 679.0372314453125 230.47923278808594 0.84163755 1.8054494 0.7434667 1.384498 1.2227412 17.692518 -3.0142722129821777 0.10058464109897614
Cyclist 0.0 0 0.8938925266265869 1139.4908447265625 151.57330322265625 1224.0 264.07354736328125 1.6073028 1.8222573 0.561825 10.105129 1.3553615 12.254809 1.583445429801941 0.12980689108371735
Car 0.0 0 0.8652802109718323 0.0 187.64915466308594 131.619873046875 232.15550231933594 4.200171 1.5142801 1.703942 -19.753521 1.7888837 25.732025 0.2105703353881836 0.15061256289482117
Car 0.0 0 -2.164917230606079 597.290771484375 133.60568237304688 699.0430297851562 195.4479217529297 5.023014 2.4397297 1.8768349 1.7225893 0.5912074 30.526436 -2.1085476875305176 0.13724303245544434
Car 0.0 0 -1.5624725818634033 563.7190551757812 168.7147674560547 630.7246704101562 230.00592041015625 3.7147393 1.5191547 1.661051 -0.23767659 1.2286438 19.380478 -1.5747356414794922 0.12747348845005035
Car 0.0 0 -1.553206205368042 785.2401733398438 141.65924072265625 813.968017578125 173.88241577148438 4.444178 2.0227082 1.7866112 13.177487 -0.46790695 47.742043 -1.2838972806930542 0.10987333953380585
