Pedestrian 0.0 0 2.0414135456085205 524.8934936523438 187.2467803955078 556.2039794921875 209.0408172607422 1.266269 1.1043878 1.2200795 -3.7292151 1.8878856 38.445343 1.9447157382965088 0.3222871720790863
Pedestrian 0.0 0 2.1217198371887207 403.47113037109375 141.227783203125 434.573974609375 204.38958740234375 0.80004275 1.8717371 0.5782039 -5.8228106 0.93488383 21.845356 1.861229419708252 0.28625932335853577
Pedestrian 0.0 0 -0.6243287920951843 1174.4454345703125 156.99693298339844 1242.0 247.91148376464844 1.8313537 1.7595564 0.51967335 12.291079 1.4530175 14.299121 0.0856943130493164 0.2412649393081665
Pedestrian 0.0 0 2.2316105365753174 377.359130859375 170.6169891357422 392.4498596191406 196.66921997070312 0.77152985 1.7692924 0.65195465 -15.462361 1.6177268 49.474754 1.9286980628967285 0.12848885357379913
Cyclist 0.0 0 -0.5721490979194641 1173.6094970703125 159.72096252441406 1242.0 249.67066955566406 1.8715549 1.7303042 0.5306627 12.293975 1.4780304 14.269453 0.13901734352111816 0.5743186473846436
Cyclist 0.0 0 0.1390644758939743 315.8655090332031 162.00021362304688 405.94891357421875 238.7538299560547 1.8854038 1.7074814 0.6138712 -5.7278147 1.4663831 16.532084 -0.19445909559726715 0.16290320456027985
Car 0.0 0 1.6764565706253052 657.1649169921875 179.2277069091797 691.3148193359375 208.10089111328125 4.3969655 1.8001412 1.8267698 4.321176 2.248208 48.346622 1.7655987739562988 0.8690357804298401
Car 0.0 0 -1.5241175889968872 748.3865356445312 181.03221130371094 775.1007690429688 204.09219360351562 4.000551 1.4668638 1.6123103 10.423848 2.0531192 49.550495 -1.3167728185653687 0.7679805755615234
Car 0.0 0 1.5967122316360474 679.5335693359375 181.51690673828125 702.9243774414062 203.98660278320312 4.1044006 1.5893512 1.662783 6.178415 2.2738972 54.836555 1.7089086771011353 0.3150956332683563
Car 0.0 0 -0.5648348927497864 972.41796875 161.23123168945312 1041.4217529296875 184.27679443359375 3.9921339 1.5930886 1.6572815 27.899714 0.7899898 50.82788 -0.06283222138881683 0.1489686369895935
Car 0.0 0 -1.3322986364364624 561.3994140625 176.2084197998047 606.7935791015625 205.34365844726562 3.842762 1.4853163 1.6090952 -1.3925987 1.6778773 39.296135 -1.3677223920822144 0.13905835151672363
