Pedestrian 0.0 0 1.1850173473358154 1063.90380859375 173.65443420410156 1092.939453125 222.4282684326172 0.51158047 1.931021 0.8447911 18.718225 1.963815 28.905289 1.7596831321716309 0.47817113995552063
Pedestrian 0.0 0 1.4747273921966553 945.9816284179688 180.5439453125 967.9966430664062 225.60379028320312 0.7039592 1.7851411 0.7374071 13.992674 2.101563 29.195839 1.9216535091400146 0.46530282497406006
Car 0.0 0 -0.3298186659812927 701.6934814453125 195.16226196289062 867.1554565429688 264.3248291015625 3.6376312 1.5504056 1.603775 4.178978 2.1307995 17.780224 -0.09897337108850479 0.9353134036064148
Car 0.0 0 -0.6218429803848267 852.8657836914062 190.682373046875 1242.0 369.3038330078125 3.8129652 1.4620861 1.5976744 4.4752083 1.6570803 6.9783225 -0.05160706490278244 0.9240768551826477
Car 0.0 0 3.4718692302703857 202.9336395263672 190.83065795898438 389.2786560058594 254.21253967285156 4.103538 1.5045631 1.6728699 -8.047297 1.995029 18.678083 3.065061092376709 0.893728494644165
Car 0.0 0 3.749652624130249 0.0 195.7532501220703 255.54991149902344 307.3860778808594 4.02809 1.4894094 1.6023308 -7.768831 1.8589715 10.798088 3.1259829998016357 0.8530504703521729
Car 0.0 0 0.6463315486907959 0.0 175.8974151611328 155.97071838378906 333.7890930175781 3.7467418 1.5771234 1.6325245 -7.656174 1.6165031 8.245866 -0.10200086236000061 0.8173941373825073
Car 0.0 0 -0.32278597354888916 678.396484375 195.47633361816406 816.931640625 254.6214599609375 3.5004182 1.5135772 1.5818589 3.7689748 2.1817834 20.272476 -0.138968825340271 0.7970802187919617
Car 0.0 0 0.5552456378936768 46.1435661315918 189.0567169189453 321.6676940917969 282.07550048828125 4.2119956 1.5922345 1.6759962 -7.9085374 1.9171215 13.554455 0.02707362174987793 0.7866252064704895
Car 0.0 0 3.2762231826782227 271.16668701171875 187.65476989746094 400.3785400390625 243.12457275390625 3.7558408 1.6670954 1.6492846 -8.89138 2.1759355 23.560907 2.9153687953948975 0.6655617356300354
Car 0.0 0 3.15809965133667 324.1046142578125 182.8539581298828 408.7254638671875 223.52902221679688 3.502963 1.7103955 1.6213455 -10.895063 2.1763146 32.28453 2.8326306343078613 0.5820302963256836
