Pedestrian 0.0 0 -2.07470703125 515.0302734375 143.68499755859375 558.6884765625 218.4296417236328 0.964889 1.8210096 0.7171976 -1.7613113 0.92568207 17.821632 -2.1732170581817627 0.8627254962921143
Pedestrian 0.0 0 1.3663491010665894 573.20361328125 147.95782470703125 600.9112548828125 208.42153930664062 0.82057303 1.7820928 0.6806108 -0.58001345 0.82451797 21.311874 1.3391402959823608 0.7277162671089172
Pedestrian 0.0 0 1.0611627101898193 347.18890380859375 116.8093032836914 465.2095947265625 327.03814697265625 0.9184994 1.6803606 0.6215313 -1.8027079 1.1729877 6.1901364 0.777777910232544 0.6875421404838562
Pedestrian 0.0 0 0.9376664757728577 430.0611572265625 140.83837890625 538.4993286132812 333.265625 0.889664 1.6675239 0.5893247 -1.1938523 1.3255296 6.6421366 0.7598261833190918 0.6666721701622009
Pedestrian 0.0 0 1.5713815689086914 544.4129638671875 145.1765899658203 566.8418579101562 205.39935302734375 0.9204341 1.8016552 0.6701757 -1.5437787 0.74646413 21.630198 1.5001308917999268 0.5866278409957886
Pedestrian 0.0 0 0.27401217818260193 732.4696044921875 114.20384979248047 900.3567504882812 370.0 0.8513403 1.6783501 0.6299962 1.2463654 1.3197892 4.3293533 0.5543196201324463 0.5615813732147217
Pedestrian 0.0 0 -1.3632030487060547 241.06138610839844 150.01394653320312 270.5591125488281 206.3177032470703 1.1829633 1.8204536 0.65196705 -11.6295395 0.8363027 23.5099 -1.8225741386413574 0.3984808921813965
Pedestrian 0.0 0 0.6461542844772339 840.8671875 144.41339111328125 1004.7954711914062 370.0 0.9172768 1.681186 0.63773084 2.2935636 1.4416041 5.278987 1.0560190677642822 0.32760369777679443
Pedestrian 0.0 0 1.4221906661987305 514.0850830078125 139.49197387695312 539.731689453125 201.8682098388672 0.94910973 1.8660624 0.64625347 -2.4351294 0.6408186 21.689037 1.3103842735290527 0.24257701635360718
Pedestrian 0.0 0 -1.3818979263305664 109.30020904541016 141.06796264648438 163.9875946044922 252.72825622558594 0.70477265 1.7912071 0.6414195 -7.8384566 1.1603093 11.786343 -1.9687774181365967 0.22981125116348267
Pedestrian 0.0 0 2.233893632888794 402.18035888671875 144.30569458007812 446.598876953125 196.64820861816406 1.604508 1.7552158 0.64713347 -6.286861 0.5430406 24.569382 1.983386754989624 0.13933008909225464
Pedestrian 0.0 0 -2.03613018989563 627.1095581054688 157.32826232910156 662.0772705078125 205.01304626464844 1.8249632 1.7238988 0.5435688 1.4402791 0.88771605 26.50132 -1.9818360805511475 0.1105814054608345
Cyclist 0.0 0 2.2172303199768066 403.4061279296875 144.88201904296875 447.3663024902344 196.09942626953125 1.5877548 1.7217395 0.66351974 -6.2662206 0.52593255 24.623806 1.9680414199829102 0.48883602023124695
Cyclist 0.0 0 -2.03613018989563 627.1095581054688 157.32826232910156 662.0772705078125 205.01304626464844 1.8249632 1.7238988 0.5435688 1.4402791 0.88771605 26.50132 -1.9818360805511475 0.3777484893798828
Cyclist 0.0 0 1.8562514781951904 339.5939636230469 153.48309326171875 363.7257385253906 194.68235778808594 1.4852965 1.7579143 0.6020082 -11.088969 0.6066191 30.92287 1.5119349956512451 0.24674658477306366
Cyclist 0.0 0 -1.659179925918579 598.1600341796875 152.86236572265625 617.4663696289062 196.08016967773438 1.8474011 1.6538501 0.5992652 0.07512348 0.59772545 27.998207 -1.6564967632293701 0.23319628834724426
Cyclist 0.0 0 -1.3660696744918823 241.13262939453125 150.0103302001953 270.7474365234375 206.42652893066406 1.2014128 1.8237011 0.6549814 -11.627372 0.83964336 23.514788 -1.8252840042114258 0.20988266170024872
Cyclist 0.0 0 0.09083980321884155 738.5413818359375 123.20176696777344 922.8434448242188 370.0 1.0112443 1.6910094 0.65435934 1.3402863 1.3791671 4.3589177 0.389146089553833 0.15078459680080414
Cyclist 0.0 0 -2.491457223892212 845.2921752929688 149.11756896972656 1004.6587524414062 370.0 0.92931956 1.5691407 0.5671521 2.3073971 1.3604788 5.2787857 -2.079376220703125 0.12267554551362991
