Pedestrian 0.0 0 1.8392791748046875 295.7851867675781 177.57046508789062 352.622802734375 261.3052978515625 1.072267 1.7185538 0.8809788 -6.149329 1.8237396 15.452759 1.460546612739563 0.2822575867176056
Pedestrian 0.0 0 1.3337035179138184 719.5833129882812 173.8721923828125 744.166748046875 213.68295288085938 0.9654225 1.8236619 0.9262032 5.627242 1.8721505 33.59036 1.499687671661377 0.19918935000896454
Pedestrian 0.0 0 -1.732191801071167 689.6124877929688 162.49395751953125 706.2342529296875 202.75430297851562 0.64846116 1.8346591 0.66297185 4.0046706 1.3629112 33.215317 -1.6122039556503296 0.16060028970241547
Pedestrian 0.0 0 -2.3029398918151855 0.0 112.10904693603516 41.457969665527344 216.75949096679688 0.622158 1.8913312 0.6301387 -11.171034 0.793855 13.393809 -2.9980976581573486 0.15876761078834534
Pedestrian 0.0 0 2.6751761436462402 677.0272827148438 165.207275390625 695.9296264648438 200.9589080810547 0.762008 1.7496232 0.5542278 3.744824 1.3757638 35.702133 2.7796847820281982 0.15033994615077972
Pedestrian 0.0 0 2.741124391555786 701.2357788085938 138.2338409423828 748.4215087890625 217.45191955566406 0.8768695 1.6997802 0.55372864 2.4681513 0.9572942 15.854582 2.895559072494507 0.14668454229831696
Pedestrian 0.0 0 2.6718578338623047 840.8289184570312 129.5865020751953 946.6527709960938 283.1734313964844 1.0642408 1.8588855 0.64828265 3.5083134 1.3355703 9.106779 3.0395774841308594 0.11872568726539612
Pedestrian 0.0 0 -0.302384614944458 702.9647216796875 168.07020568847656 720.687255859375 204.75648498535156 0.6985577 1.7639034 0.62115663 4.9056263 1.5342532 35.052563 -0.16333714127540588 0.11523513495922089
Pedestrian 0.0 0 -1.2216076850891113 17.378122329711914 130.21603393554688 58.920448303222656 206.09266662597656 0.52232146 1.9625591 0.7241039 -15.115997 0.86008054 19.022306 -1.8930754661560059 0.11480385065078735
Pedestrian 0.0 0 -1.784016489982605 383.6581726074219 153.85984802246094 403.1819152832031 199.44590759277344 0.66538775 1.9040265 0.66622865 -9.224793 1.1110421 30.586737 -2.0769355297088623 0.10923942178487778
Cyclist 0.0 0 -1.5895042419433594 727.41943359375 158.81021118164062 753.2522583007812 218.33189392089844 1.7703689 1.7713213 0.7505538 3.9843729 1.3537464 22.402723 -1.4134925603866577 0.17843176424503326
Car 0.0 0 1.8416497707366943 364.5649719238281 176.2725372314453 505.867431640625 267.21875 4.0533986 1.5372684 1.6901833 -3.3474243 1.6156719 14.409216 1.6133872270584106 0.9477920532226562
Car 0.0 0 -1.5838743448257446 526.6898193359375 172.45407104492188 552.293701171875 197.26974487304688 3.2577069 1.4828359 1.5259465 -4.4350147 1.4592967 44.81582 -1.6825140714645386 0.7813443541526794
Car 0.0 0 3.1326117515563965 410.3669128417969 169.80160522460938 485.4836120605469 200.14349365234375 3.8399532 1.5709869 1.6332191 -8.69063 1.4133033 38.589363 2.911099433898926 0.1975681185722351
Car 0.0 0 -1.6091347932815552 547.2779541015625 169.99156188964844 572.5502319335938 192.7035369873047 4.2074323 1.5698642 1.6513445 -3.6764715 1.3723688 52.05134 -1.6796493530273438 0.16951358318328857
