Pedestrian 0.0 0 -3.8087351322174072 1132.4127197265625 180.5279998779297 1242.0 325.6847229003906 0.81242037 1.7381252 0.7040621 7.144868 1.8382779 9.027356 -3.1392180919647217 0.33977049589157104
Pedestrian 0.0 0 -1.0411112308502197 665.2000122070312 179.86660766601562 685.4442138671875 216.70152282714844 0.5657851 1.679834 0.75445324 2.9959228 2.0103931 33.522865 -0.9519784450531006 0.2789047360420227
Pedestrian 0.0 0 1.393768072128296 1081.8865966796875 166.96827697753906 1100.000244140625 203.2432861328125 0.60016745 1.7397627 0.6346892 23.290482 1.457839 35.004185 1.9808673858642578 0.2658362090587616
Cyclist 0.0 0 1.6947675943374634 871.1829833984375 172.52317810058594 882.6063842773438 195.014892578125 1.9048756 1.8188885 0.6519251 21.933783 1.7924931 59.34316 2.0488038063049316 0.30990463495254517
Car 0.0 0 1.7715617418289185 265.75506591796875 187.07443237304688 337.2934875488281 240.69354248046875 4.0247808 1.7939937 1.7276472 -11.660925 2.3770874 27.420498 1.369468331336975 0.8592368960380554
Car 0.0 0 1.8703148365020752 770.8587036132812 179.05410766601562 818.9100341796875 206.43736267089844 3.962265 1.4890155 1.6339047 10.849061 1.8711103 42.306118 2.121347188949585 0.8582651615142822
Car 0.0 0 0.19761162996292114 0.0 202.5827178955078 98.6161117553711 232.143798828125 4.358667 1.4582279 1.6554537 -31.714996 3.2085347 40.754776 -0.4636889100074768 0.5960702896118164
Car 0.0 0 1.7369120121002197 315.4817199707031 192.26556396484375 364.7010192871094 228.7495880126953 3.9385788 1.5409887 1.5922096 -12.977341 2.5330837 34.776005 1.3797472715377808 0.5945481061935425
Car 0.0 0 -1.908050775527954 957.1517333984375 170.2971649169922 993.1673583984375 186.4861602783203 3.7243977 1.3582573 1.638236 31.554798 1.144096 62.48716 -1.4404267072677612 0.29347479343414307
Car 0.0 0 -1.330070972442627 839.8165283203125 177.49905395507812 871.099853515625 196.51441955566406 4.0332575 1.5911856 1.6985588 21.637663 2.014786 63.584972 -1.0020678043365479 0.27952876687049866
