Car 0.0 0 -0.2887076437473297 731.97607421875 183.09255981445312 879.6353149414062 240.13250732421875 3.8901932 1.5883977 1.6661698 5.6544476 1.9036466 21.298878 -0.029212528839707375 0.9349019527435303
Car 0.0 0 -0.6655752658843994 946.196533203125 191.31222534179688 1242.0 315.5101013183594 3.764714 1.4077439 1.5500534 6.52142 1.6688441 9.313008 -0.05468253791332245 0.928608775138855
Car 0.0 0 0.5086431503295898 72.25315856933594 186.0035400390625 377.3045654296875 306.1097412109375 3.812991 1.6615862 1.6134863 -5.7790475 1.8784559 11.022095 0.025733470916748047 0.9016810059547424
Car 0.0 0 -0.584079384803772 881.0780029296875 183.59844970703125 1143.2283935546875 289.0992431640625 3.3768692 1.5253656 1.5376347 6.26076 1.7109928 11.527062 -0.08652147650718689 0.8881245255470276
Car 0.0 0 -1.6273133754730225 636.336181640625 183.94625854492188 673.3538818359375 213.6833038330078 3.9589412 1.3349025 1.6027359 2.1393864 1.916862 35.84775 -1.5677043199539185 0.882473349571228
Car 0.0 0 3.4455840587615967 200.95751953125 171.6197509765625 418.21380615234375 254.56044006347656 4.10744 1.7137063 1.6944786 -6.52799 1.6885624 15.9241905 3.0565366744995117 0.8350740075111389
Car 0.0 0 3.8586783409118652 0.0 187.4601593017578 218.67408752441406 375.0 4.167356 1.4544168 1.6216062 -6.0427337 1.6018327 6.363295 3.0991134643554688 0.8348376154899597
Car 0.0 0 0.6545450091362 0.0 186.22616577148438 275.0582275390625 326.2848205566406 3.4274032 1.5257607 1.522515 -6.226325 1.7055498 8.847646 0.04132223129272461 0.8045616745948792
Car 0.0 0 -2.9170632362365723 393.6369934082031 181.3832550048828 506.744140625 220.2906036376953 4.2330937 1.5172068 1.6287276 -6.4754443 1.8740796 29.327242 -3.134376049041748 0.800670325756073
Car 0.0 0 0.4993438422679901 155.9274139404297 185.5903778076172 412.6216125488281 274.4426574707031 4.057988 1.4911355 1.600194 -5.9610934 1.7439007 13.338701 0.07906913757324219 0.7426996231079102
