Pedestrian 0.0 0 -2.5303168296813965 1157.6551513671875 191.64353942871094 1219.484130859375 263.25823974609375 0.964787 1.6777905 0.69139624 14.175104 2.1551871 17.755745 -1.856589436531067 0.45631736516952515
Cyclist 0.0 0 -1.9630310535430908 915.1963500976562 188.88694763183594 945.1182250976562 238.37123107910156 1.6349964 1.6405733 0.35650572 11.153539 2.2208118 25.272436 -1.5474085807800293 0.8387081623077393
Car 0.0 0 -1.5701415538787842 571.2708129882812 176.49539184570312 622.012451171875 227.60206604003906 4.6532135 1.6392806 1.6519278 -0.5257327 1.7817658 25.817282 -1.590502381324768 0.953218400478363
Car 0.0 0 1.6792606115341187 498.8432922363281 179.62538146972656 537.4786987304688 211.29116821289062 3.4672568 1.4274676 1.4950075 -4.4491363 1.7728696 35.017357 1.5528825521469116 0.9337134957313538
Car 0.0 0 2.091355800628662 150.9551239013672 175.39549255371094 228.56166076660156 209.8825225830078 4.053589 1.6232625 1.5620823 -21.065964 1.7586079 36.289486 1.5653995275497437 0.9301479458808899
Car 0.0 0 2.0059053897857666 220.84654235839844 177.9273223876953 279.21282958984375 204.75364685058594 3.979252 1.4891702 1.5682192 -21.316906 1.8047653 42.82105 1.5440082550048828 0.889144241809845
Car 0.0 0 2.4382998943328857 1091.653076171875 197.0204620361328 1221.7921142578125 236.42222595214844 4.5100303 1.5848806 1.5940255 23.448967 2.6571527 31.077427 3.0846962928771973 0.7738733291625977
Car 0.0 0 1.8384655714035034 49.95507049560547 176.56210327148438 130.1796112060547 217.22232055664062 4.186305 1.5435318 1.6585181 -21.5717 1.7099012 30.049496 1.2158452272415161 0.5525622963905334
Car 0.0 0 2.226186990737915 1209.7672119140625 196.1535186767578 1242.0 232.9374237060547 3.5134015 1.4813937 1.5999198 28.457087 2.5365658 31.558527 2.959953784942627 0.4511398375034332
Car 0.0 0 -1.4580669403076172 543.1073608398438 179.55511474609375 568.3709106445312 199.36708068847656 3.66351 1.4948223 1.6096089 -4.321791 2.0470374 57.557293 -1.533013105392456 0.4483461380004883
Car 0.0 0 1.9134948253631592 277.5522155761719 180.70130920410156 323.89044189453125 205.4144744873047 3.935283 1.5371503 1.6154524 -20.614086 2.0833166 48.169155 1.5091264247894287 0.4341544806957245
