Pedestrian 0.0 0 2.5932486057281494 146.10861206054688 150.85975646972656 198.9667510986328 245.11814880371094 0.6718424 1.8398254 0.6456324 -8.854883 1.4108787 14.527293 2.0458481311798096 0.5476033687591553
Pedestrian 0.0 0 1.730711817741394 947.3446044921875 173.44241333007812 984.6270141601562 252.9153289794922 0.7875127 1.8271772 0.6778237 8.397336 1.8419132 17.111128 2.186934471130371 0.26872408390045166
Pedestrian 0.0 0 0.21653279662132263 446.967041015625 165.54710388183594 466.6742858886719 198.85391235351562 0.98024845 1.8402094 0.53792095 -8.552684 1.4368593 40.134563 0.006573200225830078 0.21803969144821167
Pedestrian 0.0 0 2.573532819747925 894.6678466796875 176.69374084472656 954.531982421875 264.4709777832031 0.9606139 1.7982408 0.64449775 6.5716114 1.8816463 15.2082405 2.9814090728759766 0.17377321422100067
Pedestrian 0.0 0 -0.5377517342567444 1082.850341796875 150.1357421875 1117.246826171875 195.64649963378906 0.9976749 1.8928313 0.6644919 20.57649 0.9483175 30.367126 0.05777573585510254 0.14973939955234528
Pedestrian 0.0 0 -1.8042798042297363 890.2092895507812 142.1764373779297 928.78564453125 213.05581665039062 1.0644194 1.8049258 0.7057281 7.8039384 1.0240875 18.951904 -1.4136631488800049 0.14589598774909973
Pedestrian 0.0 0 0.2714625597000122 438.6253967285156 160.6891326904297 457.9724426269531 192.19549560546875 1.0247234 1.8948168 0.5855834 -9.825724 1.16357 43.709328 0.05034136772155762 0.13727080821990967
Cyclist 0.0 0 -1.394374132156372 239.8666534423828 171.92236328125 274.9377136230469 240.69393920898438 1.5844854 1.7508763 0.5724222 -9.415291 1.7275153 19.207546 -1.8501405715942383 0.15135370194911957
Cyclist 0.0 0 -0.8018978834152222 1019.7550659179688 167.5347442626953 1089.2698974609375 237.32089233398438 1.5113606 1.7591361 0.6739386 11.467028 1.6254089 18.700064 -0.2518232762813568 0.1459440141916275
Car 0.0 0 1.647304892539978 529.9057006835938 180.8694305419922 567.5343017578125 209.610595703125 4.0707755 1.3682404 1.6446533 -3.171083 1.8081915 37.527042 1.5630038976669312 0.8717897534370422
Car 0.0 0 1.7776750326156616 386.9229431152344 167.76876831054688 424.9017333984375 195.04733276367188 3.8348935 1.7345929 1.672534 -13.51358 1.4115905 47.84862 1.5024203062057495 0.1976548731327057
Car 0.0 0 2.7962355613708496 752.9561157226562 175.7647705078125 866.3948364257812 215.77732849121094 4.0640535 1.5445155 1.6759106 7.927598 1.6658393 28.988413 3.063183069229126 0.16414403915405273
Car 0.0 0 -1.8358869552612305 76.03321838378906 198.50794982910156 132.9756622314453 230.4493865966797 3.7257884 1.5918012 1.7161922 -28.626753 3.107937 40.778908 -2.447953224182129 0.15988677740097046
