Pedestrian 0.0 0 1.817354440689087 425.3453674316406 170.8971405029297 454.1364440917969 227.75367736816406 0.9620789 1.8130705 0.7004914 -5.5799093 1.7510273 23.491695 1.5841491222381592 0.2237689346075058
Pedestrian 0.0 0 1.121559739112854 753.7674560546875 117.9053726196289 829.765380859375 254.80422973632812 0.932583 1.7147255 0.6292099 2.3335261 1.0268248 9.556443 1.3610566854476929 0.2067355215549469
Pedestrian 0.0 0 -0.43215227127075195 871.029052734375 150.08518981933594 942.2667846679688 267.857666015625 0.7934727 1.7394824 0.676523 4.459207 1.4035482 11.010926 -0.04736001789569855 0.20545685291290283
Pedestrian 0.0 0 -1.7681384086608887 847.3907470703125 137.8881072998047 893.2022705078125 234.26341247558594 0.81598896 1.7713151 0.66869354 4.8812966 1.1290227 13.710585 -1.4261071681976318 0.18979297578334808
Pedestrian 0.0 0 1.8380097150802612 462.3348693847656 179.4013671875 482.8600769042969 223.1432342529297 0.7636308 1.7189196 0.62887704 -5.536872 1.9850211 28.87781 1.6485742330551147 0.17496170103549957
Pedestrian 0.0 0 0.9743049144744873 685.8321533203125 120.03827667236328 766.102783203125 256.52496337890625 0.99165726 1.7355776 0.61738455 1.4965158 1.0643257 9.752765 1.1265625953674316 0.1594722867012024
Cyclist 0.0 0 -1.8687593936920166 814.820068359375 121.2239990234375 860.30810546875 196.61740112304688 1.7014195 1.776017 0.5932517 5.553501 0.56014454 17.84608 -1.567069411277771 0.21480324864387512
Cyclist 0.0 0 -1.9852724075317383 1131.621826171875 130.81829833984375 1238.1544189453125 256.000732421875 1.7985003 1.6987213 0.55079067 8.427101 1.128656 10.727983 -1.3194200992584229 0.18852978944778442
Cyclist 0.0 0 1.8201688528060913 426.1271057128906 171.62049865722656 453.7521667480469 227.7607421875 0.8955351 1.7947468 0.6780312 -5.580508 1.7556713 23.517345 1.5871847867965698 0.11938563734292984
Car 0.0 0 1.6328392028808594 500.25152587890625 174.08670043945312 551.4577026367188 221.5959930419922 4.803685 1.8935454 1.9107752 -3.6079376 1.9516184 31.330917 1.5181883573532104 0.9546477198600769
Car 0.0 0 1.5462883710861206 547.9547729492188 179.18849182128906 570.6445922851562 200.3985137939453 3.914162 1.5329665 1.6358368 -3.9472394 2.0373552 55.38334 1.47513747215271 0.3889613449573517
Car 0.0 0 -0.433199405670166 987.552490234375 140.6642608642578 1242.0 235.8163299560547 3.9635472 1.6062632 1.6676683 9.351281 1.0632256 13.34888 0.17788171768188477 0.2528930902481079
Car 0.0 0 1.4298688173294067 618.5342407226562 180.7864227294922 645.2191162109375 201.5044708251953 4.0424623 1.6151059 1.6590601 1.7592486 2.297731 59.95569 1.4592028856277466 0.19800809025764465
