Pedestrian 0.0 0 0.24715624749660492 576.4929809570312 126.7791976928711 662.970703125 268.3174743652344 1.0663681 1.8315735 0.5497803 0.08528828 1.2357012 9.735203 0.2559168338775635 0.23802374303340912
Pedestrian 0.0 0 1.9501153230667114 912.408935546875 171.73851013183594 979.7222290039062 294.5582275390625 0.50399816 1.75096 0.7777713 4.9448752 1.7354149 10.73923 2.381625175476074 0.23710569739341736
Pedestrian 0.0 0 -1.7403711080551147 232.12799072265625 172.1844482421875 256.4862060546875 213.65054321289062 1.7324023 1.7808136 0.67487013 -16.208115 1.752417 31.880905 -2.2107126712799072 0.11469251662492752
Cyclist 0.0 0 -1.727497935295105 232.50633239746094 174.5773468017578 255.7650146484375 214.90997314453125 1.7841114 1.7295438 0.64480746 -16.239607 1.8083429 31.927608 -2.1980323791503906 0.25036895275115967
Car 0.0 0 -0.6340777277946472 384.06170654296875 184.29090881347656 606.7583618164062 282.4226989746094 3.6909528 1.4340173 1.5841949 -1.9766189 1.6675571 12.842268 -0.7867944240570068 0.868740439414978
Car 0.0 0 -0.6151113510131836 294.23321533203125 173.7729034423828 536.6251831054688 278.08831787109375 4.626912 1.805065 1.7947476 -3.8619177 1.8273524 14.870268 -0.8692052960395813 0.7549405694007874
Car 0.0 0 1.6393176317214966 1190.5430908203125 169.78854370117188 1242.0 202.9945831298828 4.1904874 1.5938096 1.7536999 30.892426 1.4470329 36.745895 2.3383901119232178 0.5989648103713989
Car 0.0 0 -0.47831666469573975 272.4297180175781 181.4852294921875 473.84814453125 257.51116943359375 4.1868896 1.5104582 1.6446526 -5.460902 1.7373685 16.869005 -0.791394054889679 0.5171072483062744
Car 0.0 0 -1.753759503364563 49.343990325927734 190.7190704345703 91.33333587646484 214.80238342285156 3.4785292 1.4172274 1.5726732 -35.070164 2.6204484 46.82158 -2.3966312408447266 0.3972570300102234
Car 0.0 0 1.4933266639709473 103.59063720703125 189.55972290039062 158.04302978515625 230.70687866210938 3.4705236 1.5182278 1.6155115 -19.997662 2.2563264 29.997303 0.9053366184234619 0.3646126389503479
