Car 0.0 0 2.0295138359069824 96.36917877197266 203.5006561279297 329.1536865234375 327.7456359863281 3.9449668 1.4463263 1.5826725 -5.9939275 2.014464 11.372288 1.544449806213379 0.9420000314712524
Car 0.0 0 1.9179362058639526 272.9879150390625 197.03652954101562 401.1270446777344 273.7976379394531 3.6435359 1.4031823 1.5216241 -6.0042667 2.0067399 16.166868 1.5623313188552856 0.9247989654541016
Car 0.0 0 -3.5967345237731934 878.51318359375 145.32025146484375 1076.5511474609375 211.6719512939453 4.110782 1.5834303 1.6538762 9.036478 0.9267174 18.061104 -3.132824420928955 0.9141796231269836
Car 0.0 0 -1.7304279804229736 673.86767578125 175.60203552246094 741.49560546875 224.4608917236328 3.8269582 1.4868387 1.6306571 3.1307893 1.5864112 24.109987 -1.601296067237854 0.8981968760490417
Car 0.0 0 1.8388681411743164 363.9436340332031 192.0882568359375 454.48260498046875 246.2523651123047 4.2005563 1.3937517 1.613356 -6.08084 2.0407977 22.15611 1.5710093975067139 0.8974723219871521
Car 0.0 0 1.8002259731292725 434.74859619140625 189.6057586669922 495.7449645996094 228.78500366210938 4.094383 1.4029633 1.5673746 -5.910843 2.140517 29.67818 1.6036337614059448 0.774865448474884
Car 0.0 0 2.697549819946289 821.674560546875 154.52548217773438 951.6676635742188 206.0772705078125 3.5256433 1.5756371 1.5902351 8.711102 1.0157994 22.986952 3.059786558151245 0.7530732750892639
Car 0.0 0 -0.688625156879425 1192.0596923828125 131.0004119873047 1242.0 174.1422119140625 4.36889 1.465236 1.6865444 23.411406 0.044109903 25.464657 0.05478835105895996 0.7115981578826904
Car 0.0 0 2.7045867443084717 866.4134521484375 146.72898864746094 1002.2122802734375 210.33265686035156 3.1352894 1.7382764 1.6246771 9.121313 1.0246426 20.559406 3.122152805328369 0.7081668972969055
Car 0.0 0 2.8391590118408203 773.2831420898438 157.62701416015625 896.1188354492188 203.72926330566406 3.8760674 1.5953496 1.6489376 7.921643 1.0687839 25.798986 3.137073278427124 0.6894738674163818
Car 0.0 0 2.372795343399048 0.0 222.62120056152344 155.40521240234375 375.0 3.7970026 1.5135825 1.6133425 -5.883659 2.0611231 6.0106544 1.5980737209320068 0.6757663488388062
Car 0.0 0 -1.680085301399231 661.4442749023438 174.83912658691406 711.930419921875 216.38583374023438 3.9901543 1.5768592 1.6158724 3.0321765 1.6640961 29.574404 -1.5779151916503906 0.5991812348365784
