Cyclist 0.0 0 -1.8767480850219727 847.2409057617188 157.8504638671875 869.7684326171875 197.47315979003906 1.7891365 1.8141046 0.4820764 11.634513 1.1275337 33.932663 -1.5464386940002441 0.7890748381614685
Cyclist 0.0 0 -1.8881527185440063 763.9771118164062 160.8407440185547 779.688232421875 184.71566772460938 1.941827 1.7990003 0.59806806 12.381274 0.8941458 55.36125 -1.668128252029419 0.21997714042663574
Cyclist 0.0 0 2.0329532623291016 101.0200424194336 189.0430450439453 153.68551635742188 252.2407989501953 1.62116 1.7018526 0.5974926 -13.865549 2.1856327 20.701054 1.4427850246429443 0.2027527093887329
Car 0.0 0 1.919944167137146 316.40863037109375 187.09425354003906 402.6219177246094 233.4088134765625 3.928474 1.4103451 1.5867978 -8.66444 1.9464126 25.163204 1.5883296728134155 0.9418723583221436
Car 0.0 0 2.0297555923461914 218.79385375976562 187.86312866210938 348.5249328613281 252.42979431152344 3.9641101 1.5169646 1.6636606 -8.873788 1.9731882 19.898842 1.6102789640426636 0.9209859371185303
Car 0.0 0 1.789384126663208 453.3730163574219 179.6249542236328 496.4613342285156 205.67738342285156 4.291801 1.4980868 1.7401402 -8.355644 1.9392068 44.792244 1.604961633682251 0.8324851393699646
Car 0.0 0 2.2388556003570557 0.0 193.33566284179688 132.09620666503906 348.2414245605469 4.291028 1.6035221 1.6852401 -9.006666 1.9565172 10.23248 1.5170859098434448 0.774440348148346
Car 0.0 0 -1.9081816673278809 753.2197875976562 158.67210388183594 789.0344848632812 178.4483184814453 3.8470082 1.501686 1.5598813 12.611903 0.42515555 56.78884 -1.6896443367004395 0.23985329270362854
Car 0.0 0 -1.3571608066558838 432.3365173339844 171.4268798828125 459.0824279785156 188.8303680419922 3.7853656 1.5979106 1.7007303 -15.50027 1.4672352 68.14666 -1.580810308456421 0.1546042263507843
Car 0.0 0 1.2954334020614624 686.5693969726562 165.12429809570312 717.1993408203125 185.61212158203125 4.037909 1.8024132 1.7243303 8.29468 1.1227511 65.59932 1.421210527420044 0.14091798663139343
