Pedestrian 0.0 0 -0.700721800327301 1099.501220703125 129.3905487060547 1182.8729248046875 239.6767578125 1.0088404 1.7633395 0.49730012 8.783596 0.93146855 11.760744 -0.05923517048358917 0.6401009559631348
Pedestrian 0.0 0 -0.891316831111908 1073.4443359375 136.77989196777344 1138.356689453125 237.97726440429688 0.8195514 1.7213267 0.53530437 8.793357 0.96193755 12.586932 -0.2815243601799011 0.6095812320709229
Pedestrian 0.0 0 -0.6509605646133423 343.38555908203125 166.2298583984375 395.08837890625 255.2268524169922 0.7075495 1.7177321 0.6932839 -4.6749344 1.4242569 14.350108 -0.9658950567245483 0.5912010073661804
Pedestrian 0.0 0 -2.162743091583252 884.8256225585938 122.20838928222656 1030.4061279296875 356.3767395019531 0.8701377 1.6706322 0.6335783 2.6865911 1.2490293 5.598373 -1.7153143882751465 0.3960327208042145
Pedestrian 0.0 0 2.117166519165039 332.2341003417969 173.49732971191406 381.26123046875 260.0571594238281 0.7986791 1.7599334 0.6551664 -5.1587186 1.5984647 15.062933 1.7872087955474854 0.3899650573730469
Pedestrian 0.0 0 -2.71583890914917 525.3522338867188 170.42921447753906 550.6395263671875 213.31179809570312 0.74872637 1.6683547 0.76509786 -2.5251253 1.2386585 28.429195 -2.8044281005859375 0.37996047735214233
Pedestrian 0.0 0 -0.7517111301422119 1184.4755859375 134.55743408203125 1238.0 227.9219970703125 0.79070204 1.7576394 0.5813228 11.816116 0.87517947 13.828446 -0.04462256282567978 0.24790194630622864
Pedestrian 0.0 0 -1.0890566110610962 751.4308471679688 135.1156768798828 779.9423828125 191.86485290527344 0.7615991 1.9255984 0.68899935 5.6684947 0.35277325 24.885021 -0.8650906085968018 0.23047880828380585
Cyclist 0.0 0 -1.8082811832427979 634.6664428710938 171.2543487548828 655.5044555664062 205.12435913085938 1.7685851 1.7334006 0.6917669 2.273919 1.2099134 37.691784 -1.7480249404907227 0.4805218279361725
Cyclist 0.0 0 2.5919907093048096 686.4329223632812 158.94996643066406 724.2701416015625 193.41781616210938 1.798197 1.7370651 0.747258 5.3323507 0.601493 36.897476 2.7355151176452637 0.4294436573982239
Cyclist 0.0 0 1.559942603111267 527.73046875 169.91195678710938 548.004638671875 213.14639282226562 0.87891823 1.6817528 0.7868329 -2.538472 1.2320106 28.416025 1.4708466529846191 0.10515034943819046
Car 0.0 0 -1.4813475608825684 526.0963745117188 172.17372131347656 564.2509765625 202.52133178710938 3.7045507 1.5107634 1.6692442 -2.9027505 1.0473653 37.620037 -1.5583546161651611 0.48727303743362427
Car 0.0 0 -0.9523690938949585 1030.6866455078125 162.91439819335938 1238.0 374.0 4.1516776 1.4645516 1.5855376 4.7108884 1.3922746 3.7500288 -0.05389095097780228 0.45356547832489014
Car 0.0 0 -1.8781075477600098 722.1576538085938 152.94271850585938 909.9183349609375 292.4020080566406 3.7540002 1.8051713 1.6734879 3.0640812 1.4368551 11.20481 -1.6111724376678467 0.3592894673347473
