Pedestrian 0.0 0 2.00071120262146 0.0 167.29832458496094 24.65291976928711 214.1510009765625 1.1437238 1.7702974 0.65803486 -23.271957 1.0944327 27.796156 1.3036737442016602 0.1784379780292511
Pedestrian 0.0 0 -1.5413563251495361 616.3145751953125 167.99612426757812 626.2088623046875 196.44839477539062 1.0135589 1.792253 0.601956 0.83985466 0.70869756 45.798645 -1.5230203866958618 0.13570736348628998
Cyclist 0.0 0 2.001894950866699 0.0 167.10159301757812 25.77546501159668 214.39013671875 1.2154623 1.7849116 0.6870721 -23.271982 1.1023245 27.806152 1.3050341606140137 0.14091312885284424
Cyclist 0.0 0 -1.3536869287490845 412.39276123046875 171.91302490234375 466.70751953125 281.1178283691406 1.5906258 1.6630803 0.5378975 -2.7691414 1.461625 11.742805 -1.5852720737457275 0.12451168149709702
Car 0.0 0 -1.6326649188995361 582.100341796875 183.8265380859375 654.7244262695312 246.26954650878906 3.3531992 1.4082012 1.5810121 0.1374778 1.3780044 17.924665 -1.6249953508377075 0.9596902132034302
Car 0.0 0 -1.641474962234497 654.1116943359375 170.31954956054688 681.9617309570312 193.18321228027344 3.5418627 1.4208413 1.5400919 3.8373206 0.49626523 46.448723 -1.559048056602478 0.7091176509857178
Car 0.0 0 -1.5613682270050049 584.740966796875 176.06851196289062 634.5927124023438 222.06063842773438 3.7284112 1.4947258 1.6208184 0.04077545 1.1985775 25.231796 -1.5597522258758545 0.3536311984062195
Car 0.0 0 -1.6189841032028198 578.4918823242188 174.11293029785156 617.3280029296875 207.82315063476562 3.6835103 1.4812058 1.6212158 -0.5404707 0.9944887 33.472374 -1.635129451751709 0.29698047041893005
Car 0.0 0 1.8483057022094727 728.7029418945312 170.53521728515625 757.6674194335938 186.7891387939453 4.007811 1.4669812 1.6193535 12.650275 0.1431401 67.03022 2.034836769104004 0.12450522184371948
Car 0.0 0 -1.6820708513259888 600.8612670898438 165.69032287597656 631.5164794921875 188.82496643066406 3.9958324 1.468522 1.5920652 0.49631137 0.23023747 47.695103 -1.6716653108596802 0.11375661939382553
