Pedestrian 0.0 0 0.6635372042655945 208.32843017578125 186.73944091796875 279.5038757324219 284.4081726074219 0.97168475 1.6663632 0.5834988 -6.342319 1.7628986 12.676395 0.199629545211792 0.7248005270957947
Pedestrian 0.0 0 -0.31955018639564514 349.9198303222656 183.91018676757812 394.8311767578125 270.726806640625 0.6568668 1.6582569 0.70762396 -4.5784473 1.7088388 14.223999 -0.6309592723846436 0.5777882933616638
Pedestrian 0.0 0 2.831735610961914 732.6260375976562 170.3729248046875 821.3064575195312 299.8111572265625 1.011599 1.706405 0.70880497 2.3449929 1.5610436 9.859261 3.0652434825897217 0.22292493283748627
Pedestrian 0.0 0 -2.614842653274536 1039.965576171875 143.31842041015625 1146.947265625 250.7909698486328 1.3329399 1.6262261 0.53560656 7.856956 1.0497844 11.583603 -2.01884126663208 0.202704057097435
Pedestrian 0.0 0 -0.6321519613265991 956.5869140625 171.79425048828125 1029.7044677734375 302.4100036621094 0.6344422 1.6607716 0.5621958 5.098174 1.538698 9.4529085 -0.1375427395105362 0.17842508852481842
Pedestrian 0.0 0 -1.3491287231445312 853.1497802734375 171.81332397460938 895.5938720703125 263.9985656738281 0.6034762 1.6769973 0.6292687 5.0888705 1.5020485 13.490104 -0.9884045124053955 0.16206389665603638
Pedestrian 0.0 0 2.3100173473358154 861.1298828125 129.33729553222656 917.2973022460938 235.1709442138672 0.7007625 1.8124344 0.61147195 5.0539303 0.9204123 12.72745 2.688011646270752 0.14610101282596588
Pedestrian 0.0 0 -0.35190993547439575 773.2487182617188 156.3011016845703 831.1693725585938 262.91583251953125 0.6978883 1.641975 0.665731 3.1376672 1.255188 11.42138 -0.08380524814128876 0.12207119911909103
Pedestrian 0.0 0 -2.5773768424987793 126.59477233886719 131.3045654296875 239.32569885253906 281.00225830078125 1.0487907 1.8441958 0.67898506 -5.384869 1.2271539 9.204463 -3.1067147254943848 0.11186161637306213
Pedestrian 0.0 0 0.331701397895813 0.0 108.18495178222656 85.4429931640625 311.490966796875 0.7149916 1.7555228 0.57566315 -5.3069925 1.1238405 6.5921597 -0.3461088538169861 0.11155372112989426
Cyclist 0.0 0 -2.6547813415527344 1048.7911376953125 137.8116455078125 1146.5086669921875 246.95948791503906 1.1673768 1.6491202 0.5424503 7.8718157 0.9903357 11.493613 -2.0542712211608887 0.23051148653030396
Cyclist 0.0 0 0.3621771037578583 249.27052307128906 151.5775604248047 422.2955017089844 308.0837097167969 1.6959851 1.6661221 0.595055 -2.9531128 1.3489356 7.9475427 0.006412029266357422 0.15248127281665802
Car 0.0 0 -2.1075923442840576 970.208984375 253.71588134765625 1238.0 374.0 3.4094126 1.420745 1.4923275 3.0690093 1.952534 3.4586618 -1.3818159103393555 0.2053784281015396
