Pedestrian 0.0 0 -3.823523998260498 1174.571533203125 132.54054260253906 1224.0 231.5381622314453 0.83718014 1.7327576 0.5332153 10.783261 0.8949666 12.647132 -3.1175079345703125 0.6819884777069092
Pedestrian 0.0 0 -0.32517844438552856 987.0751342773438 114.14918518066406 1072.642578125 248.60452270507812 0.8945004 1.7920877 0.5131651 5.801142 0.9094031 9.763466 0.21094202995300293 0.45003801584243774
Pedestrian 0.0 0 0.6926094889640808 112.52430725097656 109.1372299194336 222.71363830566406 251.24114990234375 1.2083024 1.8989975 0.58104676 -6.105332 0.9470172 9.813423 0.13606882095336914 0.24504821002483368
Pedestrian 0.0 0 0.762975811958313 272.3103942871094 177.6357421875 324.54266357421875 262.6979675292969 0.7054213 1.6890078 0.68317956 -6.3133917 1.6337634 14.476485 0.3517296314239502 0.23054726421833038
Pedestrian 0.0 0 0.4589933454990387 113.78128051757812 156.70187377929688 139.5102996826172 196.00892639160156 0.8796855 1.9110163 0.5839419 -23.501526 0.7554464 34.719025 -0.13606473803520203 0.22541043162345886
Pedestrian 0.0 0 -0.12092408537864685 507.2571716308594 165.42312622070312 522.3283081054688 187.08233642578125 1.2232037 1.8510718 0.6009275 -7.7486067 0.5637458 60.863136 -0.24755483865737915 0.19392164051532745
Pedestrian 0.0 0 -0.3487970530986786 593.8856201171875 169.19325256347656 602.9356079101562 193.22805786132812 0.45752573 1.8155708 0.75650877 -0.49406573 0.9627296 53.839428 -0.35797345638275146 0.19278815388679504
Pedestrian 0.0 0 0.15465985238552094 721.8187866210938 161.15557861328125 736.6727905273438 185.0741424560547 1.0923498 1.8770212 0.5025697 9.835845 0.3602005 55.89527 0.328845739364624 0.1393558382987976
Cyclist 0.0 0 -1.613099217414856 994.1446533203125 148.25424194335938 1034.5084228515625 217.60015869140625 1.7402977 1.7167847 0.8332035 10.627833 0.92007864 18.463514 -1.0908045768737793 0.3991495966911316
Cyclist 0.0 0 -1.667351484298706 1037.576416015625 166.6001434326172 1079.4027099609375 235.66453552246094 1.2979803 1.6538893 0.7544052 11.280807 1.3226302 17.676285 -1.0993242263793945 0.1497155725955963
Car 0.0 0 -0.10832813382148743 743.0272216796875 163.63902282714844 896.6023559570312 212.12835693359375 4.5072665 1.4576123 1.6470326 6.6631036 0.9523245 22.463001 0.18003010749816895 0.9051778316497803
Car 0.0 0 -0.831838071346283 0.0 201.8399200439453 298.25506591796875 370.0 3.7098827 1.5218191 1.6128075 -3.172486 1.6845496 3.4742455 -1.5718677043914795 0.8653705716133118
Car 0.0 0 -1.9239721298217773 972.2476806640625 155.53396606445312 1094.514892578125 231.38246154785156 3.4663417 1.788667 1.6159658 11.027519 1.2015195 18.520414 -1.3869233131408691 0.15238648653030396
Car 0.0 0 -1.4785250425338745 0.0 189.54861450195312 15.074618339538574 219.94862365722656 3.7868094 1.4803642 1.6034187 -32.62697 1.9889983 37.62471 -2.1929023265838623 0.1428033411502838
