Pedestrian 0.0 0 -0.36171984672546387 1098.0013427734375 200.13717651367188 1226.906494140625 372.7300109863281 0.9448974 1.8068384 0.7905037 6.19878 2.1376452 8.22455 0.28414011001586914 0.2950975298881531
Pedestrian 0.0 0 -1.382507562637329 368.9388122558594 176.59947204589844 388.8890380859375 219.36856079101562 0.51883954 1.7718956 0.71271974 -9.72429 1.9308262 30.243954 -1.693596363067627 0.2315347045660019
Pedestrian 0.0 0 -3.269953489303589 919.327392578125 114.89515686035156 999.38427734375 258.63775634765625 0.8317628 1.7350799 0.66376185 4.353323 1.0358316 9.1513405 -2.8259315490722656 0.19405950605869293
Pedestrian 0.0 0 -0.1748034656047821 630.0657348632812 165.85081481933594 640.5007934570312 190.6623992919922 0.6577559 1.8210795 0.70561785 1.8400983 1.3074296 53.35082 -0.140326589345932 0.1890944093465805
Cyclist 0.0 0 -2.0880770683288574 906.17919921875 111.01570129394531 1012.5007934570312 255.9761199951172 1.2937776 1.7089529 0.6552762 4.342665 0.9802929 9.17319 -1.6459282636642456 0.1616208255290985
Cyclist 0.0 0 0.5763486623764038 1083.1373291015625 203.52267456054688 1228.5028076171875 375.0 1.1105846 1.8022561 0.7568095 6.232559 2.1858058 8.360549 1.2169458866119385 0.10402029007673264
Car 0.0 0 1.8623237609863281 375.82977294921875 182.58554077148438 447.1405029296875 222.5119171142578 3.9776843 1.3950069 1.6079124 -7.7032127 1.8027533 28.19454 1.5956164598464966 0.9484772682189941
Car 0.0 0 1.8916058540344238 504.3918151855469 175.9662322998047 536.4559326171875 193.06854248046875 3.9947212 1.4160938 1.5842909 -7.7565274 1.6957043 62.62499 1.7683767080307007 0.2838393747806549
Car 0.0 0 -3.822009325027466 1164.33203125 190.2251434326172 1242.0 217.97259521484375 4.1323137 1.472743 1.63228 33.557945 2.4614456 40.20238 -3.1264500617980957 0.1486615687608719
Car 0.0 0 -1.3813650608062744 793.0220336914062 156.30535888671875 826.0592041015625 181.43064880371094 4.0639367 1.8802649 1.7476078 15.550875 0.6421947 56.202698 -1.1114258766174316 0.14071984589099884
Car 0.0 0 1.986487627029419 101.635009765625 194.34539794921875 180.92538452148438 231.49710083007812 3.9856896 1.5343878 1.6965655 -22.22702 2.6200035 34.331013 1.411919355392456 0.12201182544231415
