Pedestrian 0.0 0 2.6798508167266846 563.3125610351562 161.01055908203125 588.1097412109375 214.43365478515625 0.74985415 1.9509158 0.5554686 -1.3169019 1.5187725 26.772104 2.6307010650634766 0.301363080739975
Pedestrian 0.0 0 0.5359430313110352 0.0 125.12422943115234 33.6300048828125 201.04885864257812 0.8323366 1.9089752 0.6286399 -15.50267 0.7092623 18.515907 -0.16110946238040924 0.2362733632326126
Pedestrian 0.0 0 -1.2788777351379395 211.71112060546875 153.69601440429688 237.60357666015625 208.81434631347656 0.58292186 2.036305 0.71849316 -14.463763 1.3288857 27.010855 -1.7705045938491821 0.2224866896867752
Pedestrian 0.0 0 1.5220580101013184 289.73712158203125 160.1129608154297 305.9747009277344 205.98837280273438 0.45595285 1.8244463 0.57737887 -12.60053 1.3180984 29.02469 1.112478494644165 0.19847415387630463
Pedestrian 0.0 0 -1.3701493740081787 354.066162109375 170.2291717529297 390.2515869140625 251.22048950195312 0.75636595 1.7245631 0.61492157 -5.2401767 1.6690301 15.773386 -1.690894365310669 0.17162403464317322
Pedestrian 0.0 0 1.575991153717041 306.0129089355469 163.52281188964844 323.3603820800781 213.11306762695312 0.49442488 1.83166 0.59561616 -11.088313 1.4873624 26.988781 1.1861673593521118 0.16240940988063812
Pedestrian 0.0 0 -1.368117094039917 577.1126708984375 170.81057739257812 593.4027709960938 205.28555297851562 1.3839949 1.7647543 0.58502245 -1.321307 1.6605102 37.663433 -1.4031846523284912 0.128313347697258
Pedestrian 0.0 0 -1.6529673337936401 561.7015991210938 160.680908203125 587.8579711914062 219.9639129638672 1.1204534 1.8233992 0.732755 -1.1678748 1.4493432 22.793941 -1.7041587829589844 0.12307392060756683
Pedestrian 0.0 0 2.058995008468628 588.5714111328125 171.99407958984375 601.7677612304688 197.41168212890625 1.0311099 1.8694036 0.56405723 -1.1268452 1.8065166 53.651993 2.0379953384399414 0.1229596883058548
Pedestrian 0.0 0 -2.3040785789489746 0.0 161.4970703125 106.36703491210938 322.2171325683594 1.0727446 1.7282313 0.8009786 -6.615678 1.6064676 8.237215 -2.980734348297119 0.12234846502542496
Pedestrian 0.0 0 1.0051159858703613 817.71826171875 67.42790222167969 975.8742065429688 342.8194885253906 0.89390695 1.6929554 0.6143861 1.8638422 1.0452119 4.932877 1.3663748502731323 0.10955934971570969
Car 0.0 0 1.527705192565918 599.1708984375 180.18702697753906 619.3922119140625 197.26065063476562 3.951433 1.4153895 1.607 -0.111465394 2.0820432 63.548225 1.5259511470794678 0.28617915511131287
