Pedestrian 0.0 0 -1.3148534297943115 409.1998291015625 147.1680908203125 525.6423950195312 370.0 0.8787074 1.6939303 0.66474813 -1.0566403 1.4658833 5.3273478 -1.5106549263000488 0.8400315642356873
Pedestrian 0.0 0 -3.413991689682007 968.4330444335938 219.6097869873047 1097.8299560546875 370.0 0.69002265 1.6278833 0.6079086 3.1360302 1.9453119 5.320327 -2.881370782852173 0.11861582845449448
Pedestrian 0.0 0 3.672053098678589 55.168460845947266 192.86180114746094 102.89625549316406 258.7899475097656 0.76891005 1.8527262 0.88992673 -15.293693 2.2217965 20.530634 3.031810760498047 0.11685226112604141
Pedestrian 0.0 0 1.2329418659210205 836.9329833984375 168.5658721923828 872.2691650390625 235.8776092529297 0.7537424 1.6604105 0.6230445 6.243427 1.3676229 17.813244 1.5700563192367554 0.11113666743040085
Pedestrian 0.0 0 2.2152211666107178 844.3421630859375 146.07716369628906 917.1731567382812 253.0277557373047 1.1054691 1.7234328 0.6049861 4.6146975 1.170387 11.93774 2.5840911865234375 0.10543236136436462
Pedestrian 0.0 0 2.8870022296905518 426.48138427734375 135.9578857421875 478.3455810546875 224.91879272460938 0.8944492 1.803585 0.7944662 -3.2603467 0.9021688 14.886418 2.671391725540161 0.10184070467948914
Pedestrian 0.0 0 0.5005167722702026 211.3491973876953 153.00625610351562 267.0108947753906 243.208251953125 0.80043566 1.7383866 0.5662653 -7.232538 1.210156 13.912902 0.021120309829711914 0.10044492036104202
Cyclist 0.0 0 -1.508446216583252 858.6823120117188 146.45480346679688 900.579345703125 254.15333557128906 1.6267215 1.6943477 0.56583977 4.627015 1.1603941 11.975717 -1.1397478580474854 0.18750226497650146
Cyclist 0.0 0 0.0026825815439224243 569.9630737304688 152.17591857910156 635.567138671875 221.62786865234375 1.6206346 1.7154862 0.60231185 -0.09366237 1.0174688 17.762627 -0.0025903722271323204 0.1283542811870575
Cyclist 0.0 0 3.3404664993286133 224.58154296875 166.47845458984375 320.16064453125 258.5570983886719 1.583689 1.7155586 0.6036359 -6.4344597 1.4559541 13.650879 2.899993419647217 0.10115547478199005
