Pedestrian 0.0 0 -3.274791717529297 1035.7315673828125 80.82801055908203 1147.439208984375 264.8641357421875 0.8443556 1.7161639 0.642477 4.7139444 0.8583659 7.197777 -2.694967746734619 0.2516368329524994
Pedestrian 0.0 0 -2.2188560962677 309.57965087890625 161.70159912109375 330.2549133300781 200.29307556152344 0.64896506 1.8700469 0.69008607 -14.279076 1.3299872 35.423897 -2.602024793624878 0.14571799337863922
Pedestrian 0.0 0 2.542022466659546 0.0 150.3070831298828 28.601343154907227 238.12249755859375 0.55766404 1.7734354 0.5558064 -12.567342 1.3184575 14.911773 1.8417350053787231 0.13159064948558807
Pedestrian 0.0 0 -0.0094013512134552 315.5930480957031 181.0913543701172 327.3124694824219 209.8765869140625 0.6960148 1.8317397 0.59406376 -18.650185 2.3682349 46.55223 -0.39045006036758423 0.12063765525817871
Pedestrian 0.0 0 -1.6958868503570557 507.2114562988281 169.31838989257812 525.8646240234375 212.35372924804688 1.6101191 1.759274 0.57833284 -3.9815 1.6150968 30.345537 -1.8263471126556396 0.11671371757984161
Pedestrian 0.0 0 -1.8318476676940918 611.2017211914062 183.1611328125 651.5740966796875 249.16432189941406 1.7035358 1.6670628 0.662328 0.50641274 1.9576597 19.409613 -1.805762767791748 0.10871551930904388
Pedestrian 0.0 0 2.1136887073516846 251.4903106689453 131.09716796875 296.48638916015625 203.33535766601562 1.0588315 1.8944305 0.64908504 -9.1055355 0.79972506 19.480103 1.6764369010925293 0.10241091251373291
Pedestrian 0.0 0 0.8756696581840515 997.148193359375 36.71052551269531 1181.261474609375 304.19635009765625 0.9432226 1.7655532 0.66638935 3.3899803 0.8672895 5.268837 1.4473925828933716 0.10037756711244583
Cyclist 0.0 0 -1.8318476676940918 611.2017211914062 183.1611328125 651.5740966796875 249.16432189941406 1.7035358 1.6670628 0.662328 0.50641274 1.9576597 19.409613 -1.805762767791748 0.3234636187553406
Cyclist 0.0 0 -1.6884543895721436 507.9677734375 169.46461486816406 525.7134399414062 211.7889404296875 1.526626 1.7338384 0.56223494 -3.9703236 1.5953486 30.364376 -1.8184727430343628 0.16499562561511993
Cyclist 0.0 0 -2.1353678703308105 1027.5047607421875 79.48953247070312 1157.63671875 263.3509521484375 0.9798431 1.7057524 0.64916354 4.7078776 0.8399326 7.186098 -1.5553898811340332 0.15018679201602936
Car 0.0 0 0.2601807415485382 26.963428497314453 191.69467163085938 400.9945983886719 314.59521484375 4.551011 1.5196881 1.714383 -5.561234 1.833377 10.662564 -0.2205706536769867 0.9738532304763794
Car 0.0 0 1.6133477687835693 339.642822265625 186.6977081298828 364.69757080078125 209.09835815429688 3.904012 1.5655096 1.6402168 -19.692205 2.664195 55.135105 1.2703062295913696 0.30896028876304626
