Cyclist 0.0 0 -2.092066526412964 946.9947509765625 187.2411651611328 986.53076171875 243.02513122558594 1.6263343 1.6642772 0.3516448 11.192598 2.135142 22.771065 -1.6352201700210571 0.4927656054496765
Cyclist 0.0 0 -1.9982620477676392 934.9061889648438 188.63912963867188 959.026611328125 220.16766357421875 1.6662811 1.7714329 0.64364815 19.665674 2.7135618 42.20973 -1.5622614622116089 0.3785950243473053
Car 0.0 0 -1.5999091863632202 575.9496459960938 177.35714721679688 625.4359741210938 227.74765014648438 4.4487753 1.642273 1.6439726 -0.45644128 1.8201264 26.177034 -1.6173441410064697 0.9601190090179443
Car 0.0 0 1.7399359941482544 442.9104309082031 180.3238525390625 508.98162841796875 232.24655151367188 3.4540143 1.4892458 1.5022035 -4.22677 1.7449875 22.928839 1.5576395988464355 0.9518644213676453
Car 0.0 0 2.1888599395751953 72.83916473388672 176.423828125 172.1072540283203 215.52508544921875 3.8084161 1.5531684 1.6166261 -20.814533 1.7161064 30.933746 1.596571922302246 0.8921226859092712
Car 0.0 0 2.0858771800994873 235.03811645507812 181.05148315429688 298.1568298339844 209.05348205566406 4.013433 1.5378771 1.6208727 -20.362625 2.0489445 42.889927 1.6426208019256592 0.8791452646255493
Car 0.0 0 2.1048030853271484 163.94212341308594 178.630126953125 240.44473266601562 210.0173797607422 4.0936613 1.5114638 1.606115 -21.162687 1.8290858 37.565754 1.5917679071426392 0.8574237823486328
Car 0.0 0 1.6188204288482666 528.7256469726562 178.0967254638672 558.903076171875 202.95774841308594 4.1526423 1.468235 1.7039026 -4.171943 1.8153645 45.611183 1.527606725692749 0.8162901997566223
Car 0.0 0 -0.7804884910583496 0.0 181.11671447753906 70.33355712890625 228.27603149414062 3.850935 1.4505043 1.5756246 -20.988804 1.7585155 24.874788 -1.4813593626022339 0.5193975567817688
Car 0.0 0 -0.8704280853271484 1198.478271484375 205.52976989746094 1242.0 250.67860412597656 3.6769655 1.4417052 1.54985 23.122955 2.6437902 25.51943 -0.13425734639167786 0.42341452836990356
