Car 0.0 0 -1.5415973663330078 589.4811401367188 175.52886962890625 643.6504516601562 226.01486206054688 3.5351079 1.5818211 1.7146447 0.22863549 1.6800349 24.594278 -1.5323013067245483 0.9489511847496033
Car 0.0 0 1.932437539100647 342.8538818359375 180.55429077148438 413.66949462890625 216.3188018798828 4.358619 1.5381395 1.7654833 -10.922175 1.9273233 34.208553 1.623386025428772 0.9030681252479553
Car 0.0 0 2.1552388668060303 0.0 203.24644470214844 226.47267150878906 365.1261901855469 3.8543885 1.462977 1.6232449 -6.7197366 1.9343352 9.217 1.5252753496170044 0.8941981792449951
Car 0.0 0 -1.315338373184204 899.3878784179688 172.1024627685547 1220.8477783203125 375.0 4.166615 1.5009464 1.6150233 4.5191846 1.4960593 7.038476 -0.7445590496063232 0.857481062412262
Car 0.0 0 1.8472102880477905 392.96307373046875 181.0353546142578 442.29254150390625 211.70298767089844 4.112128 1.591414 1.6220503 -10.793924 2.075766 40.612846 1.5874395370483398 0.7020466327667236
Car 0.0 0 -0.9215556383132935 727.001708984375 178.29750061035156 934.5042114257812 264.6409912109375 4.1529016 1.4002888 1.6075516 4.2511005 1.5188249 13.797872 -0.6226859092712402 0.6039932370185852
Car 0.0 0 -0.9789443016052246 706.8720703125 172.45108032226562 826.3125610351562 229.95672607421875 3.8513918 1.5798719 1.650092 4.7351184 1.5691603 21.748734 -0.7645704746246338 0.5397557020187378
Car 0.0 0 -0.9252086877822876 717.3522338867188 174.93186950683594 865.4978637695312 241.66497802734375 3.688325 1.4461793 1.5900823 4.4122944 1.5021168 17.520792 -0.67850661277771 0.48156675696372986
Car 0.0 0 -1.7574619054794312 32.70033645629883 187.9272003173828 87.88494110107422 218.293212890625 3.780054 1.4006324 1.569937 -28.22273 2.2117207 36.95897 -2.4096250534057617 0.4295591115951538
Car 0.0 0 -0.883970320224762 653.7451782226562 174.8116912841797 729.86083984375 205.8462677001953 3.9465804 1.439834 1.5999205 4.0482254 1.5422603 35.66731 -0.7709543704986572 0.41508808732032776
Car 0.0 0 1.806761384010315 428.9051513671875 179.6202392578125 468.6351623535156 205.50437927246094 4.116468 1.5931889 1.6397976 -10.603244 2.0590222 47.563065 1.5874178409576416 0.39482393860816956
Car 0.0 0 1.7170469760894775 479.33221435546875 180.71856689453125 504.72674560546875 198.356201171875 3.9466093 1.4649003 1.6561912 -10.398377 2.1810515 63.68198 1.5551893711090088 0.39108994603157043
Car 0.0 0 -1.8807400465011597 433.8800964355469 172.0646514892578 467.6098937988281 191.79527282714844 4.090519 1.6584908 1.6976807 -13.923536 1.5924972 62.841644 -2.098783016204834 0.3883187770843506
