Car 0.0 0 2.0127899646759033 147.51394653320312 200.3270263671875 352.0665283203125 308.73052978515625 3.9812117 1.4300151 1.5858315 -6.0222526 1.9832613 12.522496 1.5645267963409424 0.9428693652153015
Car 0.0 0 1.8682596683502197 297.8001708984375 195.40899658203125 412.2034606933594 268.7225646972656 3.7098346 1.4475797 1.5516133 -6.009626 2.0471838 17.284771 1.5336501598358154 0.8933508992195129
Car 0.0 0 2.703120470046997 862.652099609375 147.31336975097656 1039.27587890625 209.2615509033203 3.9300523 1.5782901 1.6313438 8.928234 0.92793477 19.20235 3.1383414268493652 0.892131507396698
Car 0.0 0 -1.7100608348846436 671.4684448242188 175.53741455078125 733.350830078125 222.7118377685547 3.9226592 1.5010152 1.5903594 3.0939703 1.6022764 25.154531 -1.587677001953125 0.8787817358970642
Car 0.0 0 2.2819042205810547 0.0 211.5962677001953 208.5037841796875 375.0 3.5691514 1.4932715 1.5673455 -5.87549 1.977385 7.20182 1.5975826978683472 0.8046196699142456
Car 0.0 0 1.8301169872283936 375.2159423828125 190.31683349609375 459.9015197753906 242.5707244873047 4.1612463 1.4306308 1.6125277 -6.1188283 2.0435522 23.225424 1.5725164413452148 0.7982209920883179
Car 0.0 0 1.8052449226379395 441.2494201660156 187.9583740234375 500.4770202636719 226.2158966064453 4.0163827 1.439497 1.5912861 -5.900123 2.1274307 30.80074 1.6159799098968506 0.7610228061676025
Car 0.0 0 2.7098941802978516 853.1913452148438 146.07852172851562 979.1759643554688 203.22413635253906 3.1084096 1.6557673 1.6097177 9.123674 0.88031864 21.76177 3.106886386871338 0.7312833070755005
Car 0.0 0 2.745760917663574 810.0510864257812 156.895751953125 941.1784057617188 206.50437927246094 3.7818096 1.5968001 1.6169776 8.769256 1.0834949 24.118706 3.0944886207580566 0.7092909216880798
Car 0.0 0 2.8452436923980713 768.0401000976562 159.79537963867188 883.6688842773438 203.1955108642578 3.816765 1.5651107 1.6019188 7.922903 1.0945442 26.836222 3.1323201656341553 0.653108537197113
Car 0.0 0 -1.6343185901641846 661.5732421875 175.7029571533203 706.3014526367188 215.51318359375 4.127903 1.5663484 1.6231657 3.0481894 1.6964961 30.77698 -1.5355993509292603 0.6387736201286316
