Pedestrian 0.0 0 1.2639955282211304 699.915771484375 161.86375427246094 728.9761962890625 224.49905395507812 0.8726018 1.8563178 0.63577545 3.1112256 1.5309588 21.864117 1.405344843864441 0.8501954078674316
Pedestrian 0.0 0 1.3490550518035889 670.5814208984375 165.3057861328125 698.671875 227.65074157714844 0.89109325 1.8597852 0.6704041 2.221857 1.634976 22.003912 1.449689507484436 0.7887752056121826
Pedestrian 0.0 0 -1.5103998184204102 449.58245849609375 169.28323364257812 488.06341552734375 260.8946228027344 0.86933994 1.6434752 0.6539843 -2.6645756 1.5797749 13.416282 -1.706456184387207 0.6385347843170166
Pedestrian 0.0 0 -2.065704822540283 407.1531677246094 167.1315460205078 443.4586486816406 234.075439453125 0.66461724 1.7512527 0.7131064 -5.004082 1.6019114 19.358795 -2.3186593055725098 0.6181678175926208
Pedestrian 0.0 0 -3.419996738433838 824.0884399414062 174.01376342773438 867.2706909179688 239.34423828125 0.99643564 1.7550055 0.5889965 6.3794374 1.7875383 19.702963 -3.106868028640747 0.24290119111537933
Pedestrian 0.0 0 1.2637661695480347 655.6380004882812 173.89613342285156 672.723876953125 206.4210205078125 0.9410626 1.8186878 0.7141539 3.0334916 1.8789289 40.918217 1.3377662897109985 0.22334805130958557
Pedestrian 0.0 0 1.9082221984863281 767.3358764648438 168.13662719726562 783.1527709960938 201.59945678710938 0.7862116 1.7834076 0.60683703 8.885744 1.5323526 38.94605 2.132537841796875 0.21937549114227295
Pedestrian 0.0 0 1.6257801055908203 475.6866760253906 162.46917724609375 488.60296630859375 200.25604248046875 0.45001885 1.8397245 0.6006896 -6.3068023 1.3344775 35.38639 1.449405312538147 0.18082113564014435
Pedestrian 0.0 0 -3.7156856060028076 1164.6868896484375 168.9447479248047 1242.0 357.8274230957031 1.0354383 1.7179873 0.6614484 6.0719175 1.6827885 6.96123 -2.9984164237976074 0.17032474279403687
Pedestrian 0.0 0 3.6030795574188232 148.2057342529297 167.6513671875 189.49606323242188 230.42359924316406 0.9365657 1.866555 0.5019157 -13.33413 1.7122111 21.743856 3.0529839992523193 0.15307608246803284
Cyclist 0.0 0 2.049161195755005 813.4921875 175.9548797607422 849.81201171875 222.72384643554688 1.5503967 1.6037349 0.5856954 7.8291054 1.717377 25.598465 2.3459696769714355 0.44496262073516846
Car 0.0 0 -1.77629816532135 748.7293701171875 181.53903198242188 785.9595336914062 204.8967742919922 3.7106488 1.4116207 1.6315993 10.137625 1.9983315 46.849022 -1.5631945133209229 0.17426003515720367
