Pedestrian 0.0 0 -2.2946550846099854 982.6675415039062 72.04661560058594 1224.0 370.0 0.8391386 1.6894683 0.7142728 2.3727844 1.2375351 3.410736 -1.6868336200714111 0.3375764787197113
Pedestrian 0.0 0 -0.10565407574176788 751.7258911132812 159.62681579589844 793.1614379882812 236.444580078125 0.88281727 1.7545125 0.5700269 3.8553896 1.2793796 16.481453 0.12413692474365234 0.22940227389335632
Pedestrian 0.0 0 2.3207366466522217 0.0 181.9319610595703 53.43964767456055 265.0633850097656 0.98434794 1.8557347 0.9541906 -13.634536 1.8914334 16.31324 1.6245468854904175 0.1971595734357834
Pedestrian 0.0 0 -1.667030930519104 772.7721557617188 179.79412841796875 813.224609375 262.2980651855469 0.768772 1.6124041 0.7140791 3.7357302 1.6002401 14.249546 -1.4106361865997314 0.14919225871562958
Pedestrian 0.0 0 2.717945098876953 421.1335754394531 169.90008544921875 447.520751953125 194.70556640625 1.7462573 1.7626339 0.63242555 -12.306113 1.010714 51.022022 2.4812731742858887 0.13678456842899323
Cyclist 0.0 0 -2.098982810974121 833.8340454101562 159.484619140625 864.4470825195312 199.8142852783203 1.6981641 1.6668867 0.43147716 10.354323 0.79977584 30.09333 -1.7675971984863281 0.5992128252983093
Cyclist 0.0 0 -1.582775354385376 1090.9066162109375 144.2787628173828 1119.6104736328125 227.3160400390625 1.847881 1.6705551 0.472573 10.638894 0.9434787 15.115074 -0.969463586807251 0.5321518182754517
Cyclist 0.0 0 2.717945098876953 421.1335754394531 169.90008544921875 447.520751953125 194.70556640625 1.7462573 1.7626339 0.63242555 -12.306113 1.010714 51.022022 2.4812731742858887 0.22831206023693085
Cyclist 0.0 0 -2.307838201522827 983.085205078125 86.37100219726562 1224.0 370.0 0.8329617 1.6134999 0.59879714 2.3845782 1.2060143 3.5235312 -1.7128818035125732 0.1775742769241333
Cyclist 0.0 0 -1.7518322467803955 713.6213989257812 173.9121856689453 736.233154296875 221.73171997070312 1.5565572 1.6667877 0.5259223 4.272993 1.4386936 25.421799 -1.585305094718933 0.1571435183286667
Car 0.0 0 -1.489781141281128 554.9161987304688 168.12901306152344 576.1347045898438 184.7938690185547 3.671036 1.4460326 1.6040825 -3.479988 0.37377283 63.202377 -1.5447865724563599 0.5058593153953552
Car 0.0 0 -0.6833102107048035 0.0 140.15780639648438 96.26837158203125 216.64112854003906 4.1260867 1.7523162 1.7350254 -15.828621 0.8296412 18.37759 -1.3943281173706055 0.23309503495693207
Car 0.0 0 -0.6242711544036865 829.9642944335938 164.05982971191406 910.0964965820312 192.3157196044922 3.872878 1.4890949 1.6234562 14.425796 0.6241045 38.54928 -0.2661871612071991 0.18280364573001862
Car 0.0 0 2.091049909591675 35.85445785522461 190.70449829101562 138.28916931152344 231.78529357910156 3.77201 1.4354514 1.5588316 -20.128422 1.8641135 27.633598 1.4615142345428467 0.18131370842456818
Car 0.0 0 1.8815628290176392 565.9253540039062 174.9649200439453 602.768798828125 195.6938934326172 3.992796 1.5023221 1.6395504 -1.5065899 1.1024525 53.383846 1.8533484935760498 0.14953185617923737
