Pedestrian 0.0 0 3.5491585731506348 252.2440185546875 186.95814514160156 294.2071838378906 258.8233642578125 0.7823409 1.757017 0.5923791 -8.473868 2.1166167 18.067099 3.1105990409851074 0.3813543915748596
Pedestrian 0.0 0 1.1791448593139648 132.5494842529297 120.67754364013672 191.55116271972656 228.3213348388672 0.84348345 1.853499 0.6211848 -8.073941 0.9554399 12.919205 0.6205768585205078 0.3177845776081085
Pedestrian 0.0 0 -1.0977027416229248 222.7692108154297 170.28553771972656 273.5003967285156 267.4183044433594 0.6869534 1.7025628 0.56710875 -6.5558114 1.6579003 12.989602 -1.5651007890701294 0.17891699075698853
Pedestrian 0.0 0 0.2787156403064728 405.6715393066406 177.5159912109375 434.60699462890625 229.9984893798828 0.8060195 1.7541102 0.6408505 -6.486051 1.9149048 24.49976 0.019913434982299805 0.17111113667488098
Car 0.0 0 1.6777070760726929 490.0196838378906 181.44203186035156 542.2786254882812 223.63502502441406 3.8813293 1.4481832 1.5700153 -3.551577 1.7993761 27.516205 1.549344539642334 0.9084133505821228
Car 0.0 0 2.5399107933044434 0.0 227.6255645751953 194.4467315673828 375.0 4.069626 1.4808491 1.6378101 -3.5883558 1.8350269 2.6029987 1.596685767173767 0.7499043941497803
Car 0.0 0 1.943314790725708 198.2967529296875 179.24893188476562 428.962890625 333.4844665527344 4.021634 1.737921 1.6303434 -3.968542 1.8475337 10.309521 1.5758585929870605 0.6415480971336365
Car 0.0 0 1.6794520616531372 513.9544067382812 174.1710968017578 556.7855834960938 207.69747924804688 3.9083745 1.464882 1.572077 -3.4608254 1.5302213 33.636585 1.5769240856170654 0.6046593189239502
Car 0.0 0 1.8570936918258667 550.0767822265625 174.97573852539062 585.2775268554688 195.92361450195312 3.729706 1.4683021 1.5928663 -3.0949478 1.6303097 52.973095 1.7987351417541504 0.23317094147205353
Car 0.0 0 -2.8674814701080322 447.3997802734375 168.29237365722656 516.2473754882812 192.86761474609375 4.0465984 1.5417464 1.6814005 -8.226263 1.2559274 46.29864 -3.0433247089385986 0.21523858606815338
Car 0.0 0 -1.5685452222824097 647.462158203125 168.62484741210938 669.7028198242188 189.51629638671875 3.8836646 1.5215325 1.6177882 3.6473937 1.2138789 54.540154 -1.5017693042755127 0.16671425104141235
