Pedestrian 0.0 0 -2.626227378845215 146.810791015625 148.40000915527344 268.133056640625 309.9529113769531 1.0935414 1.7810504 0.51361114 -4.5550256 1.4288493 8.046887 -3.141317367553711 0.7877964377403259
Pedestrian 0.0 0 -1.774800181388855 759.145751953125 131.4022674560547 812.5411987304688 237.5189208984375 0.9232438 1.7874049 0.7295798 3.1055877 0.96206284 12.380847 -1.5290329456329346 0.18477019667625427
Pedestrian 0.0 0 1.2889721393585205 836.4877319335938 173.26853942871094 876.6087036132812 246.59231567382812 0.9693371 1.7903568 0.70508957 6.2697606 1.6153841 17.763271 1.6282832622528076 0.18028174340724945
Pedestrian 0.0 0 0.09863491356372833 614.8717041015625 151.66494750976562 651.5120849609375 223.06163024902344 0.86497116 1.7620894 0.6523154 0.6805665 1.0520295 17.82728 0.13679194450378418 0.15907898545265198
Pedestrian 0.0 0 -0.6440128087997437 978.9395751953125 160.32217407226562 1090.9569091796875 265.01776123046875 1.5668194 1.6851346 0.56204885 7.077358 1.362015 11.734176 -0.10128722339868546 0.11834971606731415
Pedestrian 0.0 0 -2.5217514038085938 1103.339111328125 215.00027465820312 1224.0 370.0 0.7849266 1.63835 0.56086236 4.3282766 1.9247372 5.375735 -1.8438776731491089 0.10616659373044968
Cyclist 0.0 0 1.2309014797210693 836.8936157226562 172.47470092773438 874.5392456054688 240.69549560546875 0.94546586 1.6741472 0.6114236 6.2705317 1.478803 17.81931 1.5692638158798218 0.13816332817077637
Cyclist 0.0 0 -1.3629196882247925 209.18040466308594 148.73321533203125 266.4172668457031 244.3781280517578 1.784211 1.7652498 0.6541618 -7.2730026 1.1805913 13.991666 -1.8422890901565552 0.136406809091568
Cyclist 0.0 0 -0.644135594367981 975.2361450195312 159.6549072265625 1096.2774658203125 264.9034729003906 1.7116507 1.6921464 0.58258164 7.091859 1.3586609 11.738516 -0.10066806524991989 0.12518352270126343
Car 0.0 0 0.8743144273757935 0.0 129.9106903076172 159.3389129638672 262.2344055175781 4.155438 1.7866064 1.818359 -9.3893175 1.1052314 10.764383 0.15703964233398438 0.2579291760921478
Car 0.0 0 -1.5840486288070679 661.8778076171875 146.7775421142578 692.3178100585938 177.51634216308594 4.0483193 1.7025223 1.6978515 4.2085156 -0.18326353 41.65348 -1.4833539724349976 0.1250208616256714
