Car 0.0 0 -1.7098932266235352 710.7402954101562 195.53091430664062 787.0006103515625 254.9515838623047 4.1146765 1.4402722 1.6128167 3.9181452 2.1718578 21.172827 -1.5269079208374023 0.9471468925476074
Car 0.0 0 -1.9379432201385498 815.1343994140625 187.58631896972656 1094.6976318359375 366.1915283203125 3.6370804 1.5633886 1.6527811 3.6359608 1.7744354 8.467103 -1.5323330163955688 0.9369232058525085
Car 0.0 0 2.0465681552886963 0.0 201.44874572753906 415.3544921875 375.0 3.5432577 1.435488 1.58398 -2.97566 1.7452633 6.020237 1.587510108947754 0.8994281888008118
Car 0.0 0 1.345440149307251 750.0744018554688 194.97811889648438 875.1513061523438 286.8358154296875 3.9454591 1.5427138 1.6263094 4.010865 2.0668054 15.078163 1.6054246425628662 0.8433619737625122
Car 0.0 0 -1.7014918327331543 703.9209594726562 191.1562957763672 760.41259765625 236.09645080566406 3.6053183 1.4374326 1.5645536 4.353704 2.1536562 26.391731 -1.5379996299743652 0.7819778323173523
Car 0.0 0 1.7056933641433716 452.7256774902344 172.6614532470703 551.76318359375 264.68475341796875 4.310913 1.9308008 1.7650938 -2.484692 1.927119 17.298555 1.5630333423614502 0.7575657963752747
Car 0.0 0 1.5839190483093262 557.0628662109375 186.8444366455078 589.087646484375 217.67051696777344 4.148792 1.4978472 1.6402857 -2.0094404 2.2966406 39.071236 1.532534122467041 0.7573756575584412
Car 0.0 0 -1.7006192207336426 688.901123046875 193.82415771484375 733.3216552734375 231.34921264648438 3.348171 1.528015 1.5774621 4.5241623 2.5344365 32.934402 -1.5641047954559326 0.6389821767807007
Car 0.0 0 -2.3037467002868652 1064.2550048828125 253.34060668945312 1242.0 375.0 3.645534 1.4554673 1.5911703 3.7913735 2.0368767 3.3004074 -1.4492284059524536 0.5249561667442322
Car 0.0 0 1.6729635000228882 500.1406555175781 194.69244384765625 563.09423828125 248.95408630371094 3.9074514 1.4592662 1.5954088 -2.4521654 2.2130845 22.93424 1.5664465427398682 0.5072838068008423
