Pedestrian 0.0 0 -1.6501049995422363 882.1923217773438 142.49110412597656 978.1657104492188 320.0 0.9400344 1.7107766 0.83031994 3.3112922 1.3461549 7.3913455 -1.2289190292358398 0.8579053282737732
Pedestrian 0.0 0 1.605584979057312 713.6323852539062 153.5919189453125 737.457275390625 220.628173828125 0.9823716 1.826197 0.626425 3.3489542 1.0947487 19.800522 1.7731339931488037 0.8311591148376465
Pedestrian 0.0 0 1.2161166667938232 758.3421020507812 158.13487243652344 781.9675903320312 205.30181884765625 0.7067802 1.7370024 0.6539849 6.1423225 0.9148853 26.425074 1.4445040225982666 0.6276679039001465
Pedestrian 0.0 0 2.3002939224243164 722.634765625 150.25369262695312 756.25537109375 206.96902465820312 0.94098264 1.7977467 0.5965098 4.3315825 0.84055775 22.929935 2.486999034881592 0.5859949588775635
Pedestrian 0.0 0 -2.0110039710998535 868.6488037109375 133.44970703125 946.1937255859375 251.19354248046875 1.2029017 1.7171804 0.6443955 4.5948524 1.032661 10.921089 -1.6127538681030273 0.4235899746417999
Pedestrian 0.0 0 2.6900417804718018 698.00537109375 157.51063537597656 729.5136108398438 213.17141723632812 0.8633775 1.8625578 0.6504073 3.673574 1.0948114 24.093098 2.841350555419922 0.39920422434806824
Pedestrian 0.0 0 -0.394870400428772 1077.6854248046875 132.05718994140625 1165.1353759765625 274.2740173339844 0.7138502 1.7641311 0.66272736 6.627547 1.1648996 9.169894 0.23096179962158203 0.28322771191596985
Pedestrian 0.0 0 -1.4414091110229492 904.099853515625 149.07655334472656 928.4335327148438 198.3707733154297 1.0697709 1.793626 0.6995453 11.58552 0.6517677 26.3605 -1.0273187160491943 0.2703145742416382
Pedestrian 0.0 0 -1.2541927099227905 255.09390258789062 200.77589416503906 325.4003601074219 331.9187316894531 0.89677495 1.6897032 0.63976455 -4.35872 1.9843498 9.732417 -1.6752620935440063 0.20772570371627808
Cyclist 0.0 0 -0.9725769758224487 570.2537231445312 163.9778594970703 619.7706298828125 222.55775451660156 1.8936563 1.7785499 0.6124196 -0.3263571 1.278479 22.420647 -0.9871320724487305 0.7064517140388489
Cyclist 0.0 0 -1.9775558710098267 870.4317626953125 131.9270782470703 945.4837036132812 250.9657440185547 1.153873 1.7396995 0.6557335 4.599115 1.0314906 10.907699 -1.5785351991653442 0.4040880799293518
Cyclist 0.0 0 -2.052825450897217 916.6185302734375 155.39488220214844 944.3276977539062 187.351806640625 1.9399203 1.8232242 0.6420547 18.997105 0.39229587 41.319084 -1.621880054473877 0.30654653906822205
Cyclist 0.0 0 -1.9641447067260742 908.6200561523438 150.27487182617188 949.6978759765625 201.71530151367188 2.102385 1.8166387 0.6100169 11.87684 0.75075346 26.025902 -1.5360252857208252 0.28022336959838867
Cyclist 0.0 0 1.6395829916000366 702.6567993164062 157.29440307617188 723.9014892578125 213.3680877685547 0.9363087 1.8686072 0.6544896 3.6658335 1.0968406 24.085077 1.7906272411346436 0.19608411192893982
Cyclist 0.0 0 1.600815773010254 713.5712890625 152.5812225341797 737.5209350585938 219.72889709472656 0.9325808 1.8295002 0.6351267 3.3448954 1.0704073 19.778774 1.7683460712432861 0.10265148431062698
Car 0.0 0 1.6852929592132568 493.2895202636719 175.06008911132812 530.5967407226562 203.27601623535156 3.6195884 1.4545379 1.6004988 -4.9995675 1.1755289 38.265507 1.555374264717102 0.45866575837135315
