Pedestrian 0.0 0 1.1853300333023071 986.14501953125 158.94122314453125 1014.9061889648438 210.74612426757812 0.79713386 1.8118374 0.646237 13.839046 1.325607 25.663866 1.6798765659332275 0.5289617776870728
Car 0.0 0 -1.8701906204223633 1042.2701416015625 191.11468505859375 1242.0 369.7339172363281 3.3718426 1.4088337 1.5182292 5.935175 1.6560547 7.9083796 -1.2263747453689575 0.9534587264060974
Car 0.0 0 1.8860883712768555 578.9700927734375 179.36318969726562 708.1494140625 259.23992919921875 4.0450983 1.4753104 1.646881 0.83025473 1.6384957 15.863138 1.9383792877197266 0.9389646649360657
Car 0.0 0 1.7859482765197754 720.2542114257812 173.1995849609375 787.1121215820312 217.47705078125 3.9389298 1.5229005 1.6479151 5.398526 1.5372051 26.982077 1.9834190607070923 0.9268960952758789
Car 0.0 0 -1.7219898700714111 955.3702392578125 178.40786743164062 1041.7305908203125 241.13063049316406 3.043061 1.4381384 1.4917382 9.82613 1.594033 18.521473 -1.2342203855514526 0.8812415599822998
Car 0.0 0 3.2024898529052734 0.0 172.53636169433594 391.6721496582031 375.0 4.398707 1.5890098 1.7292379 -4.512803 1.5872655 6.6393304 2.605513095855713 0.8797737956047058
Car 0.0 0 1.7631497383117676 754.6213989257812 174.563232421875 804.6327514648438 208.1923065185547 3.5618076 1.3975517 1.515065 7.5556965 1.4785745 32.114372 1.9942219257354736 0.6568643450737
Car 0.0 0 1.932469367980957 817.6279907226562 171.4124298095703 863.7596435546875 196.36502075195312 3.621917 1.4810411 1.5430666 14.29696 1.3958358 44.721565 2.241889476776123 0.5849278569221497
Car 0.0 0 1.6978657245635986 782.481689453125 174.1261749267578 822.3226318359375 204.6952362060547 3.9467316 1.5461643 1.5837891 10.351781 1.6186783 38.795467 1.958620309829712 0.4466400742530823
Car 0.0 0 -1.6769523620605469 936.2614135742188 173.4442901611328 991.5199584960938 213.65609741210938 4.056096 1.5492547 1.6302207 14.612134 1.5759814 30.044664 -1.224286675453186 0.4460010826587677
