Pedestrian 0.0 0 -1.2391269207000732 961.988525390625 158.27487182617188 1027.492431640625 285.93328857421875 0.5237275 1.7216071 0.6814508 5.3598714 1.52535 10.1556 -0.7535069584846497 0.6298224925994873
Pedestrian 0.0 0 -0.4192997217178345 761.0291137695312 167.36940002441406 786.2266845703125 206.53411865234375 0.8786772 1.7084461 0.6958165 7.1898937 1.4695544 31.899609 -0.19761286675930023 0.47872236371040344
Pedestrian 0.0 0 -2.3044824600219727 913.3360595703125 176.07235717773438 953.24658203125 236.0604248046875 1.0130419 1.7177111 0.53151053 9.479069 1.8155246 21.282326 -1.8854635953903198 0.316987007856369
Pedestrian 0.0 0 0.26101425290107727 0.0 197.11996459960938 41.673431396484375 265.6033630371094 0.8045463 1.6761662 0.5395744 -15.092235 2.3079913 18.361492 -0.4269684851169586 0.2502461373806
Pedestrian 0.0 0 2.6391453742980957 676.6229248046875 161.815673828125 697.5277709960938 196.2100067138672 1.049167 1.9110879 0.51536226 4.294064 1.2981118 40.52922 2.744701385498047 0.2047339379787445
Pedestrian 0.0 0 3.211223602294922 105.46244812011719 189.87203979492188 118.91397094726562 217.57162475585938 0.7040168 1.8320866 0.6717716 -33.671852 2.9937081 48.764618 2.606903553009033 0.19774949550628662
Cyclist 0.0 0 -2.1357173919677734 746.384033203125 176.5851593017578 766.7980346679688 203.18887329101562 1.6319097 1.6247429 0.4453879 9.1296425 1.8628954 45.140785 -1.9361610412597656 0.2044869065284729
Car 0.0 0 -1.5571470260620117 599.7386474609375 178.56829833984375 627.1800537109375 205.855712890625 3.6787798 1.6285126 1.6679329 0.21047333 2.005421 45.68957 -1.5525404214859009 0.7836681604385376
Car 0.0 0 1.7353439331054688 437.0904846191406 187.05555725097656 467.5887451171875 208.28443908691406 3.9755201 1.4729037 1.6351699 -11.957532 2.5917225 54.79654 1.520495057106018 0.4633404314517975
Car 0.0 0 1.6113359928131104 486.9942321777344 184.7379150390625 508.4676513671875 203.28297424316406 3.5386846 1.3345847 1.5106115 -8.732036 2.289809 56.128845 1.4570019245147705 0.4156837463378906
