Pedestrian 0.0 0 3.1677329540252686 471.7229919433594 170.07354736328125 485.5448303222656 191.86155700683594 1.166595 1.8775405 0.5228641 -10.928648 0.9802525 61.269535 2.9912192821502686 0.2905420958995819
Pedestrian 0.0 0 -2.4374327659606934 1053.1256103515625 30.054683685302734 1224.0 370.0 0.9789565 1.7373093 0.6473566 3.0864694 1.0272318 3.883236 -1.7658588886260986 0.2712292969226837
Pedestrian 0.0 0 -3.087702512741089 757.1640014648438 170.91488647460938 793.6283569335938 240.87893676757812 0.88585395 1.7699231 0.6708864 4.3869047 1.5290353 18.329376 -2.8527841567993164 0.248812735080719
Pedestrian 0.0 0 0.07374011725187302 615.3007202148438 163.76187133789062 629.1521606445312 184.62728881835938 1.1860038 1.8372017 0.5952358 1.5486392 0.36458725 62.605255 0.09847164154052734 0.21808402240276337
Pedestrian 0.0 0 -3.4174280166625977 854.2442626953125 145.0525360107422 949.748046875 283.5074462890625 1.052748 1.7796116 0.58800447 3.893539 1.3256676 9.435696 -3.026073455810547 0.15661276876926422
Pedestrian 0.0 0 0.17498204112052917 505.6654968261719 167.419921875 521.361083984375 188.50364685058594 1.3093532 1.876161 0.5948016 -8.158781 0.7133879 63.24027 0.04667830467224121 0.15348286926746368
Pedestrian 0.0 0 -2.0127038955688477 141.8885498046875 189.1062469482422 176.01124572753906 242.03675842285156 0.7841362 1.6897519 0.6776553 -14.682809 1.9800748 23.224154 -2.576479434967041 0.15213604271411896
Cyclist 0.0 0 -0.9805300831794739 420.5184020996094 171.31837463378906 443.9281921386719 198.5467987060547 1.8137366 1.7509879 0.58395886 -11.331147 1.1618769 46.415436 -1.2199712991714478 0.5107928514480591
Cyclist 0.0 0 0.040958307683467865 577.0579223632812 163.9019317626953 598.5675659179688 184.43475341796875 1.8420075 1.7711225 0.59773993 -1.466694 0.34059477 61.298317 0.017035722732543945 0.23886200785636902
Cyclist 0.0 0 -2.4122557640075684 1041.5679931640625 20.769533157348633 1224.0 370.0 1.1921822 1.7311764 0.6478203 3.073085 1.0072924 3.8487453 -1.7384519577026367 0.2051340788602829
Car 0.0 0 -1.5141924619674683 548.8056030273438 167.600341796875 571.9328002929688 187.0836944580078 3.6779122 1.4974531 1.6307973 -3.5039227 0.50726306 56.18103 -1.5764802694320679 0.40880027413368225
Car 0.0 0 3.486483573913574 171.68753051757812 177.38597106933594 262.2937316894531 205.7971954345703 4.2400804 1.580799 1.6581982 -22.153145 1.408927 40.483265 2.985779285430908 0.18048088252544403
