Pedestrian 0.0 0 2.36543607711792 901.1687622070312 148.9692840576172 924.7682495117188 194.3287811279297 0.53618264 2.0197375 0.8574047 13.654486 0.9565729 32.62295 2.7618346214294434 0.15797147154808044
Pedestrian 0.0 0 0.43710318207740784 564.4889526367188 162.34628295898438 593.8284912109375 199.43516540527344 1.2905817 1.7739569 0.60032976 -1.5353966 1.271732 35.032852 0.39330387115478516 0.1310935765504837
Pedestrian 0.0 0 0.4789648950099945 218.5325927734375 159.80776977539062 265.4141540527344 234.8142852783203 0.7362104 1.8444186 0.86788064 -9.306942 1.5239687 18.175991 0.005727052688598633 0.12335003912448883
Pedestrian 0.0 0 0.6883590221405029 0.0 155.9515838623047 57.87318420410156 247.45657348632812 0.94481033 1.8438251 0.6379558 -12.13757 1.5035994 14.856795 0.003355264663696289 0.1084243506193161
Car 0.0 0 1.9483193159103394 210.61770629882812 182.79144287109375 411.4789733886719 284.93292236328125 4.4691854 1.410643 1.660291 -4.977008 1.6158407 12.633804 1.573044776916504 0.9639376997947693
Car 0.0 0 -1.315610647201538 404.91351318359375 166.0421905517578 578.8348999023438 290.3865051269531 4.5281496 1.6879252 1.7384936 -1.7801651 1.5958154 12.137388 -1.4612401723861694 0.950722873210907
Car 0.0 0 -1.6589250564575195 872.7478637695312 178.1792449951172 1061.6162109375 335.3849182128906 3.3664393 1.3901914 1.576221 3.8396547 1.4658762 8.353432 -1.2280752658843994 0.9341618418693542
Car 0.0 0 -1.2796630859375 893.8947143554688 175.34457397460938 1063.052490234375 273.705810546875 4.1701307 1.4963912 1.6017159 6.7683935 1.5491996 13.13542 -0.8038678169250488 0.4934704005718231
Car 0.0 0 1.5643166303634644 510.6577453613281 185.5343475341797 554.7903442382812 227.19992065429688 3.854303 1.4157944 1.5709671 -3.0291052 1.9389353 27.739971 1.4555511474609375 0.1552695333957672
Car 0.0 0 -2.080411911010742 1115.7501220703125 191.1983642578125 1242.0 241.59983825683594 4.0316806 1.4204929 1.6271123 18.752321 2.0846643 23.990269 -1.416952133178711 0.14974093437194824
