Car 0.0 0 -1.7159008979797363 672.5550537109375 175.56460571289062 748.6325073242188 234.30335998535156 3.6675348 1.5303806 1.6353867 2.7585301 1.6158589 20.810946 -1.5841171741485596 0.9324208498001099
Car 0.0 0 -1.8771597146987915 721.6417236328125 161.739501953125 958.9222412109375 323.3525085449219 4.398752 1.7070869 1.697242 2.733286 1.5900445 9.846906 -1.6063982248306274 0.9232742786407471
Car 0.0 0 -1.7929402589797974 694.4633178710938 182.0913543701172 803.97705078125 260.49871826171875 3.4654322 1.432069 1.5266333 2.7839255 1.651624 15.355132 -1.6135858297348022 0.9203934669494629
Car 0.0 0 0.42444854974746704 180.94418334960938 174.78431701660156 387.5303649902344 257.6727294921875 3.3710952 1.5403215 1.5601844 -6.3656726 1.5808566 14.228721 0.003773927688598633 0.8922088146209717
Car 0.0 0 0.7407082319259644 0.0 187.15667724609375 244.24246215820312 369.4001770019531 4.3303623 1.5417496 1.7336674 -6.282461 1.7020223 7.154408 0.0201113224029541 0.8742820620536804
Car 0.0 0 3.6215062141418457 78.16661834716797 181.9191436767578 337.02490234375 281.082275390625 3.418607 1.511315 1.5546231 -6.5775146 1.672218 11.959509 3.1186769008636475 0.8693529367446899
Car 0.0 0 -2.490520477294922 0.0 189.351806640625 298.40765380859375 316.073486328125 3.8299973 1.4620465 1.5594008 -6.3770704 1.6986154 9.440545 -3.0846121311187744 0.8396095633506775
Car 0.0 0 3.505119800567627 222.18496704101562 162.2241668701172 440.4421081542969 258.75030517578125 4.350049 2.09943 1.696638 -6.310978 1.8685906 16.541006 3.140631914138794 0.8182794451713562
Car 0.0 0 -1.669348120689392 648.2636108398438 175.96035766601562 691.9075927734375 210.616943359375 3.8725579 1.4717088 1.599151 2.6452906 1.6222819 32.938084 -1.5892090797424316 0.8093181848526001
Car 0.0 0 3.4835164546966553 269.07879638671875 162.22625732421875 428.2276306152344 234.1907501220703 3.5610828 1.7916771 1.6069946 -6.7591314 1.5274397 18.771236 3.1378908157348633 0.7094548344612122
Car 0.0 0 0.4517143964767456 413.450927734375 174.66677856445312 511.9734802246094 210.5986785888672 3.9064155 1.5012243 1.615136 -6.458088 1.5839978 31.535767 0.24972105026245117 0.6723564267158508
Car 0.0 0 -2.8326189517974854 344.7439880371094 169.58995056152344 480.0392150878906 221.75772094726562 3.9375393 1.6359036 1.6682446 -6.4231076 1.5339059 23.54083 -3.098984956741333 0.6579996347427368
