Pedestrian 0.0 0 1.0840566158294678 397.15863037109375 168.78305053710938 426.9482727050781 217.9304656982422 0.8323351 1.7903695 0.76835734 -7.41054 1.6424291 26.848186 0.8147456645965576 0.5646618008613586
Pedestrian 0.0 0 2.8551695346832275 779.253662109375 163.53358459472656 826.2232055664062 215.59263610839844 1.4810095 1.7906227 0.56115055 6.6567807 1.4703959 25.115978 3.1142542362213135 0.2463066130876541
Pedestrian 0.0 0 -2.079533815383911 939.4632568359375 149.47134399414062 1005.81298828125 270.5047912597656 0.728594 1.7186439 0.5906348 5.269953 1.386974 10.620991 -1.6189446449279785 0.22369903326034546
Pedestrian 0.0 0 1.5401791334152222 752.2491455078125 158.70423889160156 766.7267456054688 199.3648681640625 0.7039001 1.8034155 0.6139951 6.6688976 1.1761907 32.39892 1.7431808710098267 0.19318436086177826
Cyclist 0.0 0 -1.7878704071044922 910.7205200195312 177.7653045654297 958.8950805664062 250.3330841064453 1.7511857 1.6689088 0.70708066 7.864513 1.795716 17.645597 -1.368604302406311 0.22291135787963867
Cyclist 0.0 0 -0.8989325165748596 158.31674194335938 162.4884796142578 224.03282165527344 226.4119110107422 1.6553146 1.7358638 0.7449259 -11.892547 1.4547424 20.463766 -1.4253774881362915 0.20007744431495667
Cyclist 0.0 0 2.8551695346832275 779.253662109375 163.53358459472656 826.2232055664062 215.59263610839844 1.4810095 1.7906227 0.56115055 6.6567807 1.4703959 25.115978 3.1142542362213135 0.13137497007846832
Car 0.0 0 1.7666369676589966 410.46075439453125 187.60107421875 518.1315307617188 266.6280517578125 3.8787274 1.5231198 1.6847832 -3.2516372 1.901857 16.5693 1.5728548765182495 0.9589815735816956
Car 0.0 0 -1.0340752601623535 766.4609985351562 175.64830017089844 861.8305053710938 222.47174072265625 3.893611 1.5729303 1.5879947 7.470948 1.6828752 26.379368 -0.7580907940864563 0.5564466714859009
Car 0.0 0 -1.301321029663086 653.2140502929688 181.1858673095703 699.862060546875 211.69981384277344 3.7350848 1.5450847 1.6193371 3.6706545 2.0271087 39.676155 -1.2090682983398438 0.5020183324813843
Car 0.0 0 3.132314920425415 409.0232238769531 171.52235412597656 496.1176452636719 202.64071655273438 4.2657475 1.5392209 1.6682562 -8.085471 1.4737109 36.9751 2.9170303344726562 0.3223278820514679
Car 0.0 0 1.45930016040802 500.0187072753906 186.33314514160156 534.020263671875 213.65780639648438 3.9555542 1.4838805 1.5885828 -5.6637325 2.3339703 43.373066 1.3294531106948853 0.18648076057434082
