Pedestrian 0.0 0 -0.6102471351623535 1016.9453125 151.33460998535156 1104.4072265625 276.77032470703125 0.8138451 1.7369467 0.6934413 6.3982196 1.4393189 10.357908 -0.05690474063158035 0.6498900651931763
Pedestrian 0.0 0 -3.305285930633545 774.1700439453125 169.4401092529297 814.8622436523438 232.93109130859375 1.0404589 1.7829579 0.6000119 5.212291 1.6874472 20.602167 -3.057488441467285 0.3999093174934387
Pedestrian 0.0 0 1.060492753982544 1113.7825927734375 212.463623046875 1242.0 375.0 0.55313176 1.6652211 0.6547978 3.202209 1.9002064 3.9428096 1.7426071166992188 0.2437763661146164
Pedestrian 0.0 0 2.3727164268493652 762.8501586914062 166.5433349609375 778.774169921875 191.89248657226562 0.9831721 1.7979162 0.5850947 11.490445 1.3506825 51.67951 2.5914981365203857 0.2419823557138443
Pedestrian 0.0 0 3.1788041591644287 452.6939392089844 158.0702362060547 466.3655700683594 188.73818969726562 0.82296526 1.9196522 0.6217581 -9.525466 0.99462426 45.53739 2.9725983142852783 0.17663869261741638
Pedestrian 0.0 0 -3.219428777694702 941.480712890625 154.24560546875 962.75537109375 192.3784637451172 0.8714345 1.7982137 0.62413496 16.299532 0.9210643 34.469185 -2.7777175903320312 0.15607887506484985
Pedestrian 0.0 0 -1.8809046745300293 1117.681884765625 163.2589569091797 1138.5625 193.22659301757812 1.146311 1.7424028 0.6829914 30.548826 1.1848781 42.599808 -1.2587863206863403 0.14560969173908234
Pedestrian 0.0 0 -1.2148138284683228 575.5796508789062 161.60047912597656 601.2637329101562 215.8450469970703 0.7555086 1.7847371 0.63891613 -0.76422447 1.4148352 24.19693 -1.2463868856430054 0.14504802227020264
Pedestrian 0.0 0 1.5911250114440918 358.2179870605469 176.96751403808594 371.52337646484375 208.54624938964844 0.6428164 1.8364477 0.7297963 -14.463974 2.081398 42.483463 1.2629730701446533 0.1446358561515808
Pedestrian 0.0 0 2.4436497688293457 275.9367370605469 184.6680450439453 300.0770263671875 208.50965881347656 1.6648073 1.7500811 0.6181801 -24.43712 2.6609218 54.7209 2.0236456394195557 0.12566912174224854
Cyclist 0.0 0 -1.88783860206604 1002.9190673828125 165.1968231201172 1029.1136474609375 201.12319946289062 1.9052159 1.8302333 0.6290598 21.189379 1.4405041 37.7507 -1.3763630390167236 0.307197630405426
Cyclist 0.0 0 2.4436497688293457 275.9367370605469 184.6680450439453 300.0770263671875 208.50965881347656 1.6648073 1.7500811 0.6181801 -24.43712 2.6609218 54.7209 2.0236456394195557 0.2655131220817566
Cyclist 0.0 0 -3.2647247314453125 777.0547485351562 168.36058044433594 817.92138671875 232.22476196289062 1.0674905 1.7931237 0.558275 5.2967978 1.6673195 20.601217 -3.0130646228790283 0.22328531742095947
Cyclist 0.0 0 2.2777934074401855 198.5411376953125 186.53604125976562 225.7230987548828 213.97775268554688 1.7748704 1.8319436 0.65613157 -27.60494 2.7988405 50.033432 1.773622989654541 0.16224417090415955
Car 0.0 0 -0.4976235032081604 517.6857299804688 169.42965698242188 581.6863403320312 194.5097198486328 3.961395 1.6151284 1.6417599 -4.044995 1.3949618 48.237167 -0.5812841653823853 0.2661462426185608
Car 0.0 0 -0.7380020022392273 811.2695922851562 167.09799194335938 877.9513549804688 190.40060424804688 4.1127815 1.4621708 1.5987194 15.207375 1.1013561 46.846424 -0.42411214113235474 0.24656176567077637
Car 0.0 0 0.006676912307739258 260.1802062988281 187.01678466796875 360.32281494140625 221.2852325439453 4.2337723 1.4689476 1.6652397 -14.017527 2.1634686 33.79289 -0.3865285813808441 0.2113867551088333
Car 0.0 0 -1.6473859548568726 322.98809814453125 182.1380157470703 357.0773620605469 207.99024963378906 3.8073225 1.4541848 1.6609303 -16.585802 2.0493855 44.1512 -2.0067343711853027 0.1834138184785843
Car 0.0 0 -2.7636022567749023 478.2192077636719 173.1612548828125 530.646240234375 191.663818359375 3.9183187 1.4812799 1.637809 -8.651459 1.5073166 59.052 -2.9090731143951416 0.14519959688186646
