Pedestrian 0.0 0 0.10736578702926636 777.0838012695312 156.94859313964844 822.0424194335938 234.4185791015625 0.999496 1.8282995 0.5613604 4.542638 1.4532883 17.465027 0.36182665824890137 0.761955976486206
Pedestrian 0.0 0 0.6494340300559998 787.1298828125 154.91404724121094 833.2623291015625 232.58584594726562 0.9774441 1.913144 0.5798053 5.0321994 1.4716209 18.333818 0.9173133373260498 0.6313570737838745
Pedestrian 0.0 0 1.4539570808410645 344.1907043457031 183.64111328125 368.1730041503906 240.50132751464844 0.6785002 1.6373426 0.59377503 -7.5699077 1.9638159 21.375286 1.1135962009429932 0.6167303919792175
Pedestrian 0.0 0 -0.478559672832489 641.7529907226562 168.73765563964844 663.2103881835938 201.72669982910156 0.9864659 1.6987504 0.52199125 2.1760206 1.4871398 37.592068 -0.420739084482193 0.5430539846420288
Pedestrian 0.0 0 0.9016359448432922 1037.55908203125 168.78677368164062 1076.7138671875 217.46029663085938 0.7802219 1.7260746 0.9130791 16.076279 1.5821999 26.024893 1.4549881219863892 0.3978594243526459
Cyclist 0.0 0 -1.6775511503219604 645.8480834960938 168.834716796875 659.2366333007812 202.0968017578125 0.979841 1.7094793 0.5936359 2.1748424 1.5032697 37.584 -1.6197494268417358 0.11230354756116867
Car 0.0 0 2.1188580989837646 0.0 197.11370849609375 320.17596435546875 368.27685546875 3.7262049 1.4512111 1.5886327 -5.0407166 1.8011246 8.5199175 1.5846089124679565 0.9635810256004333
Car 0.0 0 -2.0897719860076904 866.4686279296875 184.05471801757812 1242.0 375.0 3.853959 1.4555613 1.6123432 2.9667923 1.5575272 4.573305 -1.5142974853515625 0.8989354968070984
Car 0.0 0 1.7263967990875244 478.8940124511719 169.45997619628906 531.43994140625 217.5071563720703 4.1886096 1.9419271 1.6220967 -4.507634 1.8051084 31.263906 1.5832034349441528 0.7040982246398926
Car 0.0 0 -1.6530460119247437 693.5866088867188 174.35093688964844 731.4328002929688 203.99781799316406 3.9331627 1.4310578 1.5943664 5.1724124 1.5124278 37.037235 -1.5142890214920044 0.44779306650161743
