Pedestrian 0.0 0 -2.2861194610595703 766.87939453125 158.68128967285156 805.703369140625 226.73788452148438 0.8555948 1.837382 0.6372831 4.9876485 1.249905 19.609213 -2.037048816680908 0.5904253721237183
Pedestrian 0.0 0 -2.28617787361145 747.88134765625 160.5736846923828 787.5726928710938 226.34083557128906 0.874053 1.7467698 0.6389349 4.4034305 1.2191128 19.310234 -2.0619754791259766 0.31284889578819275
Pedestrian 0.0 0 2.7176175117492676 752.0844116210938 136.45616149902344 785.3927001953125 193.359130859375 0.9447366 1.8885151 0.5643902 5.485948 0.42831388 23.830294 2.9438843727111816 0.190092533826828
Pedestrian 0.0 0 -0.17118799686431885 1200.1763916015625 179.73318481445312 1224.0 224.48782348632812 0.9453172 1.8224168 0.74211633 25.373304 1.7926828 29.34783 0.5417051315307617 0.18235410749912262
Pedestrian 0.0 0 -3.4492666721343994 975.6251831054688 136.146484375 1027.6248779296875 234.18763732910156 0.69611657 1.7977568 0.62843466 7.4274263 0.98609626 13.337238 -2.9411461353302 0.14423862099647522
Cyclist 0.0 0 2.0513570308685303 5.56148099899292 163.4066925048828 50.27254867553711 215.95584106445312 1.417601 1.6516262 0.5320714 -18.75529 1.1159339 22.965698 1.3665366172790527 0.14700767397880554
Cyclist 0.0 0 0.4130017161369324 1195.3116455078125 180.83551025390625 1224.0 224.71063232421875 1.0736413 1.7861223 0.6876274 25.367674 1.8018643 29.420568 1.1245605945587158 0.10364770889282227
Car 0.0 0 1.5173189640045166 247.14810180664062 168.099609375 329.52685546875 236.6108856201172 3.77253 1.4451206 1.5789491 -7.7066417 1.1851778 16.94656 1.0905125141143799 0.8878617286682129
Car 0.0 0 1.6631888151168823 280.6165466308594 166.87454223632812 339.28253173828125 210.20285034179688 4.2766943 1.4639074 1.6128485 -10.852486 1.005089 26.164944 1.2700132131576538 0.7899850010871887
Car 0.0 0 2.4128403663635254 1019.142822265625 162.17845153808594 1222.3662109375 225.0867156982422 4.80287 1.7372988 1.8425187 14.96109 1.2329012 20.683384 3.0390586853027344 0.19435718655586243
Car 0.0 0 -2.393179416656494 310.0123596191406 171.502685546875 358.3246154785156 189.6470489501953 4.018087 1.592298 1.6335329 -24.322758 0.80389994 63.55185 -2.7587037086486816 0.1066703200340271
