Pedestrian 0.0 0 0.9635550379753113 176.30613708496094 158.82469177246094 265.4056701660156 281.8177490234375 1.2996107 1.7930868 0.5569844 -6.0203433 1.5889144 11.056666 0.46494507789611816 0.185369610786438
Pedestrian 0.0 0 1.0722949504852295 141.9562530517578 178.1689910888672 228.7307586669922 323.5080261230469 0.93372726 1.8019962 0.608194 -5.633542 1.8758864 9.4797535 0.5360987186431885 0.18233639001846313
Cyclist 0.0 0 3.552466869354248 182.65371704101562 150.1768341064453 305.0917663574219 274.1651306152344 1.5705721 1.8379995 0.5745253 -5.6218343 1.5021914 11.027591 3.08101224899292 0.20969918370246887
Car 0.0 0 1.8488221168518066 415.94354248046875 181.08563232421875 535.4085083007812 260.4549255371094 3.6276798 1.5094477 1.6577688 -2.8862667 1.7138821 15.998175 1.6703299283981323 0.9574966430664062
Car 0.0 0 1.9660242795944214 193.59376525878906 194.81195068359375 434.8957824707031 350.1640319824219 3.519783 1.5176485 1.6020111 -3.5897076 1.8562791 9.331272 1.5987797975540161 0.9399721026420593
Car 0.0 0 3.578427791595459 103.40724182128906 181.45689392089844 325.4192199707031 253.08908081054688 4.085518 1.500565 1.6381317 -8.831574 1.7062613 16.278677 3.0813424587249756 0.656333863735199
Car 0.0 0 2.502781391143799 0.0 206.51315307617188 175.66041564941406 375.0 4.0164113 1.4610294 1.599747 -3.4320192 1.6666188 2.3608317 1.5345332622528076 0.49062344431877136
Car 0.0 0 1.7929764986038208 420.23236083984375 176.6437530517578 496.8483581542969 229.2344512939453 3.4972224 1.4172858 1.4920654 -4.45933 1.5396096 21.4573 1.5880697965621948 0.37245261669158936
Car 0.0 0 -2.4131722450256348 734.634521484375 177.74542236328125 1242.0 375.0 3.4454894 1.4729424 1.5316371 1.7039276 1.5013868 2.2979934 -1.775143027305603 0.30087947845458984
Car 0.0 0 -1.6635099649429321 576.4776000976562 170.12969970703125 609.5740966796875 197.34683227539062 3.9796324 1.582829 1.6490482 -1.1119586 1.4247537 44.031757 -1.688758134841919 0.20365382730960846
Car 0.0 0 1.5208699703216553 485.4097595214844 172.87094116210938 505.3280029296875 189.51077270507812 4.0757794 1.5022541 1.6288872 -10.737109 1.5042418 67.30468 1.362673044204712 0.19473469257354736
Car 0.0 0 1.1355170011520386 527.859130859375 174.6024627685547 565.2293701171875 192.31040954589844 4.16115 1.471071 1.6209087 -5.561717 1.6284312 62.581028 1.0468776226043701 0.19411247968673706
