Pedestrian 0.0 0 1.3869247436523438 934.8809204101562 147.16661071777344 955.0777587890625 193.73753356933594 0.55282915 2.012054 0.71050596 14.592003 0.9026119 31.526243 1.8204152584075928 0.510307788848877
Car 0.0 0 -1.7325066328048706 738.323974609375 189.95420837402344 837.8519897460938 264.5281982421875 4.2661605 1.4652117 1.6140108 4.085395 1.9288039 17.359346 -1.5013699531555176 0.9637346863746643
Car 0.0 0 1.2372052669525146 788.5866088867188 189.31362915039062 1005.348388671875 315.1820373535156 4.4334655 1.4814851 1.6872119 4.1083117 1.7905782 11.302036 1.5858575105667114 0.9329885244369507
Car 0.0 0 1.7443491220474243 412.18609619140625 156.98521423339844 544.3242797851562 276.871826171875 4.1540437 1.8892527 1.6960932 -2.3174825 1.6395395 13.447185 1.5736860036849976 0.8685804009437561
Car 0.0 0 1.6031194925308228 556.531982421875 179.45567321777344 593.3285522460938 212.3651885986328 4.157979 1.4754776 1.664427 -1.6997561 1.8177758 35.27811 1.554975152015686 0.8318113088607788
Car 0.0 0 -1.728125810623169 725.3706665039062 184.7001190185547 793.0115966796875 239.45477294921875 3.259575 1.5236238 1.5524057 4.519368 1.9199339 22.453943 -1.5295066833496094 0.8296443819999695
Car 0.0 0 -1.712421178817749 702.8125 183.87649536132812 753.767333984375 225.5305938720703 3.3732316 1.5330553 1.5586662 4.6777177 2.0047731 29.152708 -1.5533215999603271 0.7987342476844788
Car 0.0 0 1.6960513591766357 483.03729248046875 182.15855407714844 560.3590087890625 248.9416046142578 3.7830577 1.5387492 1.558514 -2.2784278 1.8092157 19.046946 1.5769953727722168 0.7332296967506409
Car 0.0 0 -1.6990207433700562 688.6046142578125 181.46556091308594 733.6236572265625 216.85646057128906 3.6555536 1.5220346 1.619969 4.6342587 1.9471855 33.755047 -1.5625828504562378 0.6874254941940308
Car 0.0 0 0.6271561980247498 964.5060424804688 164.49241638183594 1242.0 375.0 3.8794322 1.5748706 1.6536608 3.6900437 1.5572292 3.5889354 1.4264439344406128 0.6483056545257568
