Car 0.0 0 2.029816150665283 184.6888427734375 193.64181518554688 343.8184509277344 279.9298400878906 3.4879787 1.4878719 1.5966378 -7.071107 1.972475 15.045863 1.5904796123504639 0.9528017044067383
Car 0.0 0 -1.6038150787353516 594.1640625 180.7904815673828 698.826416015625 280.32818603515625 3.6292775 1.5454054 1.6674155 0.54231215 1.7122377 13.311121 -1.563096284866333 0.9512767791748047
Car 0.0 0 2.2123727798461914 0.0 196.22821044921875 210.2978057861328 285.6442565917969 4.1195416 1.4624231 1.597235 -10.346302 2.0157144 14.977772 1.6078636646270752 0.9235770106315613
Car 0.0 0 1.9328088760375977 343.291015625 187.0932159423828 419.0537414550781 225.43118286132812 4.386802 1.454471 1.6807498 -9.846393 2.1161604 31.270943 1.627763032913208 0.921324610710144
Car 0.0 0 1.7803146839141846 500.5835876464844 183.20603942871094 542.1971435546875 211.05291748046875 4.151901 1.5682669 1.7143395 -5.4244356 2.2359827 44.36903 1.658661127090454 0.8503928184509277
Car 0.0 0 1.8278179168701172 392.9507751464844 178.37710571289062 446.25299072265625 217.71853637695312 4.071173 1.912375 1.7119511 -9.904817 2.2167482 37.678154 1.5707545280456543 0.8410684466362
Car 0.0 0 1.95831298828125 450.11090087890625 183.20753479003906 498.55352783203125 208.02279663085938 4.186204 1.5057234 1.7020787 -8.965698 2.2246537 47.853256 1.773102045059204 0.7880513668060303
Car 0.0 0 -1.1058870553970337 727.7521362304688 173.9488525390625 848.9737548828125 234.73854064941406 4.0099406 1.5448219 1.7245076 5.0995755 1.5794392 20.491728 -0.8619813919067383 0.7338281273841858
Car 0.0 0 2.1158080101013184 218.81910705566406 184.87400817871094 300.5926208496094 223.31307983398438 3.4518907 1.4431531 1.482155 -14.510548 1.9729948 29.993017 1.6652063131332397 0.6231997609138489
Car 0.0 0 -0.9674217104911804 672.1256103515625 179.2534942626953 741.2869873046875 209.9154815673828 3.979949 1.4914311 1.6384848 5.096045 1.8464693 37.962852 -0.8339817523956299 0.5671480298042297
