Pedestrian 0.0 0 -1.7276846170425415 887.5176391601562 183.28770446777344 976.2977905273438 332.0541687011719 0.94123346 1.6433711 0.8228657 3.7513764 1.7762856 8.605195 -1.3165816068649292 0.7286230325698853
Cyclist 0.0 0 -1.8714087009429932 879.0131225585938 180.20144653320312 979.106201171875 331.65032958984375 0.95811206 1.6923639 0.8432818 3.7274995 1.7859586 8.6320095 -1.463773250579834 0.14188750088214874
Car 0.0 0 -1.6089929342269897 587.213623046875 189.31715393066406 641.8673095703125 235.46563720703125 3.4931283 1.4014332 1.7410954 0.047530852 2.0117621 24.953716 -1.6070882081985474 0.9422741532325745
Car 0.0 0 2.2267770767211914 75.73365783691406 186.87347412109375 207.63768005371094 238.04554748535156 3.5598915 1.3892605 1.5960982 -14.45333 1.8613427 22.43498 1.6544675827026367 0.8842967748641968
Car 0.0 0 -1.6916050910949707 7.646592140197754 196.9161834716797 273.30767822265625 375.0 3.910007 1.4099753 1.550709 -4.6571546 1.7031623 6.7981224 -2.2922370433807373 0.7963334918022156
Car 0.0 0 -1.8086340427398682 183.5753936767578 184.89743041992188 376.3786926269531 321.0022277832031 3.654879 1.433986 1.5232329 -4.6785464 1.6302285 9.8341465 -2.252690076828003 0.7110036611557007
Car 0.0 0 2.1545777320861816 0.0 179.4037628173828 90.37630462646484 245.70489501953125 3.3574166 1.3884423 1.4991707 -14.262964 1.5608714 17.20304 1.4623454809188843 0.6691207885742188
Car 0.0 0 -2.4388210773468018 458.3774719238281 176.6233673095703 553.380859375 219.6809844970703 3.7692444 1.691966 1.6665195 -4.440847 1.8598071 30.352919 -2.584097385406494 0.5993316769599915
Car 0.0 0 -2.2034318447113037 333.0013427734375 185.67044067382812 483.7608947753906 255.26995849609375 3.722452 1.4408083 1.5867261 -4.9528074 1.7808611 17.353298 -2.481450319290161 0.48219436407089233
Car 0.0 0 -2.4187707901000977 870.699951171875 182.1416015625 934.2448120117188 205.4762420654297 3.9576194 1.486317 1.6522677 20.095617 2.1552482 49.798325 -2.0352163314819336 0.4220939874649048
Car 0.0 0 1.901887059211731 296.58135986328125 182.49705505371094 386.5194091796875 232.92909240722656 3.7945654 1.4364383 1.5546634 -8.557059 1.7724034 23.19475 1.5484554767608643 0.4040166139602661
