Car 0.0 0 -0.49252015352249146 832.14990234375 194.1295928955078 1048.529052734375 270.28179931640625 3.7440217 1.4116362 1.5615253 6.627001 1.8752116 14.794467 -0.07138247787952423 0.9530916810035706
Car 0.0 0 3.6768100261688232 0.0 181.30490112304688 309.09625244140625 298.45086669921875 4.0391707 1.3802676 1.5700382 -6.3720617 1.5026493 9.521684 3.0870447158813477 0.9435235261917114
Car 0.0 0 -0.2336370199918747 715.052490234375 183.29498291015625 827.546142578125 226.68377685546875 3.8108792 1.5400567 1.6269486 5.901249 1.9414034 26.86162 -0.017381727695465088 0.9238439798355103
Car 0.0 0 -0.40917307138442993 803.2850341796875 182.61891174316406 971.3311157226562 252.8154754638672 3.368985 1.558176 1.591672 6.4541206 1.8023375 17.134825 -0.04894186556339264 0.9215402007102966
Car 0.0 0 -3.803943634033203 962.3329467773438 186.3300323486328 1242.0 368.7701721191406 4.188045 1.5775306 1.7254965 6.027005 1.7313775 7.29391 -3.1133666038513184 0.9077561497688293
Car 0.0 0 3.5670573711395264 100.98629760742188 183.69773864746094 392.9403076171875 281.3941955566406 4.0367785 1.4815968 1.614191 -5.9179134 1.6755319 12.005514 3.109079360961914 0.8942850232124329
Car 0.0 0 -1.577847957611084 644.5372314453125 183.8146209716797 673.678466796875 209.85610961914062 3.7570806 1.361623 1.5872945 2.756284 2.0180674 41.26491 -1.5111521482467651 0.8588714599609375
Car 0.0 0 0.3880477547645569 272.2693786621094 180.21502685546875 462.0045166015625 253.50723266601562 3.8321831 1.5793512 1.5972985 -5.5674863 1.7590353 16.652859 0.06540393829345703 0.8476263880729675
Car 0.0 0 3.349545955657959 318.74822998046875 171.1639862060547 470.41827392578125 228.65919494628906 4.099177 1.643725 1.661095 -6.3969245 1.5957671 21.61644 3.06182861328125 0.7317172288894653
Car 0.0 0 0.10236275941133499 436.8710021972656 180.14324951171875 527.1359252929688 213.41456604003906 4.162201 1.5483663 1.6537827 -6.183016 1.9119802 34.97903 -0.07259348779916763 0.6749551296234131
