Pedestrian 0.0 0 0.37297290563583374 1084.2001953125 74.88114929199219 1242.0 375.0 0.8446973 1.7082901 0.73513156 3.4484575 1.1930408 4.3444285 1.043900728225708 0.4482911229133606
Pedestrian 0.0 0 2.771716356277466 796.2905883789062 131.96278381347656 839.1629638671875 185.2090301513672 1.32001 1.8374069 0.58245397 7.217761 0.42670205 25.246136 3.0501837730407715 0.1962585598230362
Cyclist 0.0 0 -0.6997911334037781 1058.041015625 138.12887573242188 1120.564453125 187.14910888671875 1.8835366 1.7293336 0.665816 17.146503 0.5046602 25.890255 -0.11483412981033325 0.25940224528312683
Cyclist 0.0 0 2.771716356277466 796.2905883789062 131.96278381347656 839.1629638671875 185.2090301513672 1.32001 1.8374069 0.58245397 7.217761 0.42670205 25.246136 3.0501837730407715 0.16048091650009155
Car 0.0 0 -1.5759286880493164 633.8358154296875 176.74986267089844 677.1985473632812 216.42263793945312 3.2546315 1.4336556 1.5861942 1.7141596 1.5945926 28.068346 -1.514933466911316 0.9538527131080627
Car 0.0 0 -1.4315879344940186 578.06005859375 171.3397979736328 625.3002319335938 206.08436584472656 4.6115446 1.5890536 1.6923016 -0.37505612 1.5201592 35.392258 -1.4421846866607666 0.9270386695861816
Car 0.0 0 -0.746008038520813 959.5567626953125 151.31393432617188 1070.463134765625 191.53858947753906 3.7827768 1.5342485 1.5844711 16.06126 0.7130254 28.731085 -0.23626580834388733 0.8465872406959534
Car 0.0 0 -1.5363261699676514 648.6785278320312 170.92982482910156 682.2494506835938 202.75473022460938 3.8305123 1.5848603 1.6299956 2.920834 1.4893957 37.923336 -1.4594584703445435 0.8432551026344299
Car 0.0 0 -0.5583428144454956 914.3319091796875 154.2782745361328 1012.1109619140625 190.05389404296875 3.56331 1.5342691 1.6349373 15.554983 0.73799086 31.940998 -0.1051563248038292 0.7494032979011536
Car 0.0 0 -0.8290430307388306 1031.5601806640625 137.46343994140625 1168.061767578125 180.8693084716797 4.329836 1.5308254 1.7243928 18.110092 0.28303927 26.785934 -0.23453491926193237 0.23607903718948364
Car 0.0 0 -1.7232141494750977 1185.2869873046875 146.00869750976562 1242.0 293.9593811035156 3.8032467 1.4699798 1.678811 8.551374 1.2036134 9.211171 -0.9749443531036377 0.19646085798740387
