Pedestrian 0.0 0 -0.45626604557037354 0.0 173.97386169433594 64.35614776611328 262.1898193359375 1.4262019 2.0734766 0.6642971 -14.468489 2.1026294 17.763294 -1.1397957801818848 0.2647554874420166
Pedestrian 0.0 0 1.0611730813980103 891.2167358398438 38.674705505371094 1108.8873291015625 375.0 0.7787329 1.6526173 0.66928726 1.8672297 1.0460286 3.6629186 1.5326025485992432 0.2621106207370758
Pedestrian 0.0 0 -0.31485408544540405 552.4279174804688 163.02359008789062 572.8912963867188 208.16014099121094 0.6719594 1.8322239 0.64973646 -1.9938784 1.4335371 29.713232 -0.381857693195343 0.25094571709632874
Pedestrian 0.0 0 2.7933897972106934 527.3543090820312 167.21920776367188 570.648193359375 243.59033203125 0.9263878 1.8281009 0.55044 -1.5483973 1.6935785 17.71365 2.7061986923217773 0.18188881874084473
Pedestrian 0.0 0 -1.006209373474121 153.2249298095703 161.92025756835938 202.2625732421875 228.50994873046875 0.88055736 1.8097559 0.82761854 -12.05024 1.5129598 20.05691 -1.547218680381775 0.1671542376279831
Pedestrian 0.0 0 -2.4623281955718994 124.45658874511719 170.30734252929688 239.3258514404297 271.7127990722656 1.6495802 1.6418911 0.590208 -7.2123876 1.6010151 12.088253 -3.000276565551758 0.1567656397819519
Pedestrian 0.0 0 2.1158347129821777 0.0 117.39561462402344 94.96234130859375 326.4516296386719 0.7957441 1.7894031 0.6258423 -5.34348 1.3150681 6.6095405 1.4359626770019531 0.15051713585853577
Pedestrian 0.0 0 0.8676712512969971 25.889299392700195 179.5495147705078 67.4058609008789 245.7970733642578 0.67609626 1.7377952 0.5772996 -15.149054 1.9209611 19.346436 0.20335698127746582 0.14909695088863373
Pedestrian 0.0 0 -2.5307841300964355 124.92365264892578 113.45278930664062 181.8822021484375 189.08743286132812 0.9456529 1.8309356 0.7262501 -11.331656 0.393331 17.848057 -3.096467971801758 0.11818834394216537
Cyclist 0.0 0 -2.4365592002868652 118.17052459716797 169.40481567382812 234.80360412597656 271.7649841308594 1.6791375 1.6539251 0.6105757 -7.305848 1.5985513 12.092136 -2.9800479412078857 0.39256352186203003
Cyclist 0.0 0 -0.45626604557037354 0.0 173.97386169433594 64.35614776611328 262.1898193359375 1.4262019 2.0734766 0.6642971 -14.468489 2.1026294 17.763294 -1.1397957801818848 0.29907646775245667
Cyclist 0.0 0 -2.3854899406433105 971.87548828125 0.0 1242.0 375.0 1.4863229 1.6210625 0.596777 2.3242164 0.80461466 3.2103176 -1.7588485479354858 0.16489183902740479
Car 0.0 0 1.6218945980072021 587.345703125 181.6651611328125 612.4596557617188 203.0291290283203 4.281454 1.4993988 1.6855942 -0.75391495 2.1930327 54.59846 1.6080870628356934 0.39294666051864624
Car 0.0 0 -2.9707577228546143 505.7156677246094 189.92202758789062 592.7922973632812 221.25836181640625 4.0513086 1.4519808 1.6296605 -2.9881735 2.315354 35.493107 -3.0547499656677246 0.12555506825447083
