Pedestrian 0.0 0 2.44303297996521 914.171875 115.81919860839844 979.73193359375 230.390380859375 0.731576 1.8520097 0.67528987 5.5808434 0.9304167 12.082587 2.8757317066192627 0.5133774280548096
Car 0.0 0 -1.6979420185089111 649.5958251953125 183.7905731201172 712.355224609375 230.02685546875 4.218415 1.37207 1.5793413 2.2802694 1.7770121 24.554354 -1.6053414344787598 0.952580988407135
Car 0.0 0 -0.5905886292457581 870.642822265625 179.2350616455078 1222.705810546875 302.4331970214844 3.9146264 1.5165727 1.6094786 5.773882 1.6127025 9.900989 -0.0626419261097908 0.9358291625976562
Car 0.0 0 3.703322410583496 0.0 195.1306610107422 297.2403564453125 316.919189453125 3.970545 1.4456836 1.5727339 -6.5988555 1.7728497 9.728572 3.107311725616455 0.8897301554679871
Car 0.0 0 0.3522256314754486 258.18218994140625 182.2067413330078 447.9451599121094 247.5829315185547 4.1759567 1.5388465 1.6021525 -6.3738174 1.7838745 18.04533 0.012692689895629883 0.8815877437591553
Car 0.0 0 0.7179180979728699 0.0 196.18072509765625 203.01104736328125 358.6599426269531 3.7085216 1.4376738 1.5654515 -6.5279016 1.7029804 7.4008117 -0.004892135038971901 0.7859562039375305
Car 0.0 0 -1.4937078952789307 551.1421508789062 178.7090301513672 578.1158447265625 201.58248901367188 3.7234395 1.4556139 1.5385528 -3.0608256 1.8667414 48.74548 -1.5564175844192505 0.4904692769050598
Car 0.0 0 3.630922794342041 50.637962341308594 190.32582092285156 326.3139343261719 285.9862976074219 3.6617644 1.4382503 1.5398296 -6.8933816 1.7488157 11.978282 3.108720302581787 0.4660584330558777
Car 0.0 0 -1.6178444623947144 642.9571533203125 180.88729858398438 680.9296264648438 214.58001708984375 4.1471415 1.4301656 1.5625625 2.3328335 1.8291577 33.71164 -1.5487549304962158 0.46013545989990234
Car 0.0 0 0.19821330904960632 415.3989562988281 180.49612426757812 511.8114013671875 217.46145629882812 3.782407 1.5143158 1.5679258 -6.2114305 1.8478582 30.668104 -0.0016206279397010803 0.4152589440345764
Car 0.0 0 -1.6837611198425293 626.1202392578125 176.4013671875 653.2988891601562 196.9584197998047 3.5801456 1.4128332 1.5599374 2.0832949 1.678232 52.064663 -1.6437689065933228 0.38289201259613037
