Pedestrian 0.0 0 -2.3058176040649414 1044.239013671875 130.8512725830078 1238.0 374.0 0.8831938 1.6590141 0.7968962 3.6570458 1.3482894 4.9014034 -1.6648027896881104 0.8190616965293884
Pedestrian 0.0 0 -2.9314517974853516 832.8991088867188 157.31764221191406 950.1951904296875 356.8544921875 0.87741417 1.7035859 0.7597622 2.658748 1.4985095 6.68981 -2.5531606674194336 0.7937132716178894
Pedestrian 0.0 0 1.652890920639038 547.8419189453125 178.53384399414062 589.60595703125 254.7575225830078 0.9165849 1.7163624 0.8972588 -0.7808159 1.6507871 16.646257 1.6060189008712769 0.765184223651886
Pedestrian 0.0 0 2.7115659713745117 604.9376831054688 177.36859130859375 654.2575073242188 251.03599548339844 1.0349253 1.8428652 0.79088134 0.68808323 1.7406982 18.5307 2.74868106842041 0.7596636414527893
Pedestrian 0.0 0 2.7399327754974365 600.743896484375 177.70111083984375 640.06494140625 240.50816345214844 0.8874785 1.7085904 0.7123591 0.4939118 1.6064041 20.03335 2.7645821571350098 0.7438784837722778
Pedestrian 0.0 0 -0.5529667139053345 0.0 178.33609008789062 119.15225982666016 374.0 0.67842853 1.6184301 0.6601483 -3.7477703 1.6012077 4.6593895 -1.2303532361984253 0.6729981899261475
Pedestrian 0.0 0 2.3114075660705566 107.43509674072266 180.6249237060547 178.6643829345703 280.8816223144531 0.8645598 1.7885114 0.7176032 -8.510444 1.7741723 13.299122 1.7421475648880005 0.5108256340026855
Pedestrian 0.0 0 -0.27986782789230347 733.774658203125 176.54095458984375 803.0722045898438 291.1529235839844 0.8846799 1.74049 0.7574059 2.5692434 1.6664863 11.309041 -0.056474726647138596 0.3091275095939636
Car 0.0 0 1.8223947286605835 387.2601623535156 158.4469451904297 542.192626953125 275.203125 4.7931247 2.0998702 2.0851066 -2.7169964 1.6865288 15.3862 1.647610068321228 0.7014904022216797
Car 0.0 0 1.708236813545227 493.9659729003906 174.66592407226562 568.9549560546875 236.68052673339844 4.2765217 1.6831533 1.672572 -2.0295103 1.4988265 21.666897 1.6148406267166138 0.6604912281036377
Car 0.0 0 -0.9530351758003235 61.988094329833984 137.905517578125 195.86203002929688 190.8061981201172 3.6302097 1.5234872 1.7200778 -14.684707 0.26914755 22.532917 -1.5306047201156616 0.5080112814903259
