Pedestrian 0.0 0 1.304959774017334 475.0528564453125 143.0911865234375 511.57269287109375 218.23635864257812 0.9417998 1.793105 0.6628314 -2.7997797 0.9020626 17.432213 1.1457102298736572 0.856600821018219
Pedestrian 0.0 0 -2.026205539703369 830.884033203125 141.88658142089844 909.4210205078125 266.2568359375 0.9087573 1.6684288 0.70539486 3.6694827 1.1521007 9.968234 -1.6734822988510132 0.8524817824363708
Pedestrian 0.0 0 -2.333472728729248 996.5726318359375 123.76197814941406 1169.943603515625 336.5589904785156 0.8465765 1.6467037 0.8655701 3.9403272 1.2093525 5.9598403 -1.749301552772522 0.7696366310119629
Pedestrian 0.0 0 1.1511762142181396 540.0875854492188 146.50726318359375 591.1513671875 229.54116821289062 0.9116813 1.6319106 0.7330877 -0.8560828 0.96546316 14.464489 1.0920600891113281 0.7024105191230774
Pedestrian 0.0 0 1.1341674327850342 423.0169372558594 139.85838317871094 461.8282165527344 215.1355438232422 0.8433571 1.769154 0.6164994 -3.982991 0.81560475 17.134035 0.9057631492614746 0.623670220375061
Pedestrian 0.0 0 -2.9705774784088135 639.4950561523438 142.9735565185547 661.8770141601562 196.60621643066406 0.7112778 1.8745179 0.53751963 1.5939243 0.56445843 25.051193 -2.907036542892456 0.5574937462806702
Pedestrian 0.0 0 1.092000961303711 504.5601806640625 142.27418518066406 553.9313354492188 228.8895721435547 0.8969259 1.6663727 0.63905627 -1.5652845 0.9325885 14.148172 0.981813907623291 0.51070636510849
Pedestrian 0.0 0 -1.6393213272094727 273.62335205078125 137.53236389160156 326.3181457519531 245.9119110107422 0.6550598 1.7068871 0.74806273 -5.053559 1.0318391 11.593616 -2.0503809452056885 0.5027318000793457
Pedestrian 0.0 0 2.7826285362243652 589.8787231445312 138.687744140625 620.8677978515625 195.1891632080078 0.9406724 1.9781243 0.63726944 -0.01729618 0.51579845 25.212723 2.78194260597229 0.49268779158592224
Pedestrian 0.0 0 -1.7624162435531616 647.5032348632812 135.37281799316406 674.9286499023438 200.2032470703125 0.82635015 1.870813 0.6586464 1.6172378 0.5701461 20.846365 -1.6849924325942993 0.38984549045562744
Pedestrian 0.0 0 1.0258857011795044 440.8046875 142.50698852539062 477.423583984375 213.3742218017578 0.758599 1.7588669 0.608772 -3.759679 0.8175074 18.0284 0.8202903270721436 0.38864871859550476
Pedestrian 0.0 0 -1.26248037815094 377.48614501953125 149.19287109375 405.0213623046875 206.46725463867188 0.8792821 1.8236539 0.6198819 -6.9621725 0.8283638 22.95182 -1.556997299194336 0.31530246138572693
Pedestrian 0.0 0 1.5307402610778809 245.18421936035156 134.23733520507812 289.48663330078125 239.61456298828125 0.61098796 1.7412605 0.6583885 -5.830575 0.9784641 12.102679 1.081791639328003 0.30871275067329407
Pedestrian 0.0 0 2.6436917781829834 400.4690856933594 152.10987854003906 431.10528564453125 205.58187866210938 0.7724813 1.7149223 0.60877484 -6.227965 0.8059591 23.157858 2.3809726238250732 0.2721044719219208
Pedestrian 0.0 0 -1.3127471208572388 355.7595520019531 154.90792846679688 372.6076965332031 193.25628662109375 0.83504325 1.8592507 0.5908362 -11.834633 0.6199053 34.71232 -1.641323208808899 0.2341991513967514
Cyclist 0.0 0 2.793506145477295 586.802490234375 138.69654846191406 621.8082275390625 195.6884765625 1.0909221 1.9923031 0.6509093 -0.055411883 0.532482 25.204672 2.7913076877593994 0.17131616175174713
