Pedestrian 0.0 0 -2.750176191329956 348.0229797363281 172.58544921875 389.34991455078125 237.5315704345703 0.92078686 1.7760661 0.62944347 -6.753929 1.7690803 20.073753 -3.0747342109680176 0.2979385554790497
Pedestrian 0.0 0 0.4148939549922943 266.1216125488281 181.13356018066406 322.1797790527344 269.1272277832031 0.8871673 1.7623773 0.60257274 -6.52178 1.936127 14.806524 -3.8174912333488464e-06 0.28308454155921936
Pedestrian 0.0 0 3.337161064147949 379.6020812988281 175.04812622070312 408.67596435546875 232.90118408203125 0.78288466 1.7875798 0.5485733 -6.8096137 1.8576955 22.626173 3.0448222160339355 0.2364649623632431
Pedestrian 0.0 0 -1.9590983390808105 779.7511596679688 159.7491912841797 808.1822509765625 214.37083435058594 0.79375035 1.8531169 0.70197445 6.302659 1.4088757 24.91858 -1.7113637924194336 0.2062346637248993
Pedestrian 0.0 0 3.3526716232299805 405.78802490234375 176.22256469726562 430.44281005859375 225.12213134765625 0.76059896 1.7323805 0.5345935 -6.923667 1.854933 25.884888 3.091310739517212 0.20403578877449036
Pedestrian 0.0 0 -2.310286521911621 906.0589599609375 70.08680725097656 1082.6851806640625 272.2234191894531 1.6424232 1.7687666 0.58432025 3.6833007 0.8698754 7.1800623 -1.8363008499145508 0.14968764781951904
Cyclist 0.0 0 -2.310286521911621 906.0589599609375 70.08680725097656 1082.6851806640625 272.2234191894531 1.6424232 1.7687666 0.58432025 3.6833007 0.8698754 7.1800623 -1.8363008499145508 0.23755347728729248
Cyclist 0.0 0 0.40055936574935913 262.4390563964844 181.36544799804688 326.0421447753906 270.4773864746094 1.0365121 1.7821351 0.620878 -6.5172234 1.9609237 14.80558 -0.01410412322729826 0.12226849794387817
Cyclist 0.0 0 1.8963215351104736 379.7115478515625 174.6003875732422 407.8635559082031 233.81375122070312 1.0520798 1.8138492 0.5410177 -6.8286967 1.8703679 22.665901 1.6036943197250366 0.10748021304607391
Car 0.0 0 -1.5390559434890747 478.06146240234375 181.8610382080078 515.6091918945312 216.99127197265625 3.132222 1.5089703 1.6251255 -5.249706 1.948108 33.492676 -1.694532871246338 0.9051273465156555
Car 0.0 0 3.2707443237304688 291.6200256347656 173.79641723632812 418.0932922363281 222.7191619873047 4.3149877 1.7564975 1.7290865 -9.565079 1.7941322 27.24513 2.933112382888794 0.8922080397605896
Car 0.0 0 2.3829033374786377 0.0 201.99658203125 259.6061706542969 375.0 3.9673293 1.5262728 1.6661133 -3.4173536 1.737212 3.2255564 1.5686407089233398 0.616489827632904
Car 0.0 0 1.5856562852859497 490.43963623046875 179.2674560546875 522.3336181640625 210.6011962890625 4.133866 1.6109053 1.6666428 -5.766701 1.9871662 40.131405 1.4429377317428589 0.43988707661628723
Car 0.0 0 1.233412265777588 363.78424072265625 193.78651428222656 439.3260498046875 233.04843139648438 4.232977 1.4453032 1.8301373 -9.121333 2.4166822 31.214645 0.9491145610809326 0.18929533660411835
