Pedestrian 0.0 0 -1.7727346420288086 1187.2564697265625 140.34017944335938 1207.5443115234375 177.5576629638672 0.6180205 1.9193442 0.71071655 30.606657 0.24293074 37.646008 -1.0901098251342773 0.18229235708713531
Pedestrian 0.0 0 -0.1416308730840683 767.74169921875 169.86221313476562 785.0101318359375 194.68746948242188 1.1276952 1.7697599 0.6449801 11.9131565 1.5568366 51.803604 0.08440685272216797 0.1600070744752884
Pedestrian 0.0 0 -0.4017946720123291 1054.2960205078125 124.6720199584961 1112.6068115234375 223.0848846435547 0.7786821 1.7844069 0.47833502 8.719771 0.91113657 13.383587 0.17565345764160156 0.14021755754947662
Pedestrian 0.0 0 -0.007469356060028076 858.568359375 158.39918518066406 893.802001953125 211.43243408203125 1.142627 1.8192835 0.55714625 9.247161 1.3237752 25.204311 0.34417057037353516 0.13763606548309326
Pedestrian 0.0 0 3.0495269298553467 281.9419860839844 155.00640869140625 307.34356689453125 201.20083618164062 0.93223184 1.9133818 0.54633945 -13.306788 1.1744891 30.348137 2.6363015174865723 0.13026580214500427
Cyclist 0.0 0 1.2886285781860352 885.5366821289062 130.99949645996094 929.8532104492188 213.57589721679688 1.4970503 1.8485594 0.5608211 6.9102325 0.9119604 16.923523 1.6762876510620117 0.10310424864292145
Car 0.0 0 1.9746453762054443 383.88104248046875 179.41131591796875 452.87896728515625 214.0489501953125 3.9938736 1.5014815 1.7260531 -9.026123 1.8315051 34.17118 1.7163993120193481 0.9353448152542114
Car 0.0 0 -1.5968071222305298 705.87158203125 173.3828125 735.6243286132812 200.63426208496094 3.821961 1.5403827 1.6392282 6.5037165 1.5736173 42.85761 -1.446204423904419 0.7954475283622742
Car 0.0 0 -0.7522078156471252 1004.0729370117188 168.76914978027344 1111.7999267578125 204.83416748046875 3.964486 1.5205177 1.6349436 19.553862 1.3486564 31.60943 -0.19821786880493164 0.20012418925762177
Car 0.0 0 0.199419766664505 823.3873901367188 165.29295349121094 874.0620727539062 183.94728088378906 3.9109726 1.5672363 1.6147873 20.577808 0.9323549 62.28734 0.5185000896453857 0.16708554327487946
Car 0.0 0 -2.9009437561035156 1005.0521240234375 159.0183563232422 1107.3525390625 197.87429809570312 3.8894908 1.7634187 1.7292858 21.388279 1.1358665 34.735115 -2.3490209579467773 0.14677219092845917
Car 0.0 0 -0.31144529581069946 0.0 176.07421875 44.21445083618164 231.4837188720703 4.068248 1.5290296 1.6132993 -20.3347 1.6387061 22.325773 -1.0502047538757324 0.12306947261095047
