Pedestrian 0.0 0 -2.254770040512085 0.0 130.9396209716797 73.66732025146484 260.4411315917969 1.038668 1.9297423 0.5864126 -9.039922 1.3055209 11.14199 -2.9363863468170166 0.40461164712905884
Pedestrian 0.0 0 3.354252815246582 360.80975341796875 156.66282653808594 392.9117736816406 207.96800231933594 1.0581712 1.9245102 0.6032862 -8.894749 1.3175205 27.416363 3.040534496307373 0.3861331343650818
Pedestrian 0.0 0 3.6224987506866455 70.4729995727539 143.79527282714844 135.0237579345703 236.59439086914062 0.9136402 1.8422558 0.5706058 -10.347072 1.2657374 14.66487 3.008045196533203 0.3425568640232086
Pedestrian 0.0 0 0.7153987288475037 64.71282196044922 166.59783935546875 103.86420440673828 223.29013061523438 0.8522641 1.8046602 0.5766751 -17.009108 1.6058688 23.288952 0.08459210395812988 0.2672341465950012
Pedestrian 0.0 0 -0.2917790412902832 979.2582397460938 168.37754821777344 997.41357421875 195.9829559326172 0.9811903 1.900125 0.60899174 26.212803 1.5923613 50.053844 0.1906421184539795 0.2202168107032776
Pedestrian 0.0 0 0.48894965648651123 41.07018280029297 167.52035522460938 127.85960388183594 275.53460693359375 1.0554345 1.8060384 0.59042466 -9.084661 1.7172155 12.428674 -0.142243430018425 0.19934891164302826
Pedestrian 0.0 0 0.6170148849487305 145.57066345214844 168.42637634277344 167.62069702148438 199.8507080078125 1.0034819 1.8771588 0.52626705 -27.29684 1.6130288 43.389492 0.05546426773071289 0.16797135770320892
Pedestrian 0.0 0 -1.041006088256836 967.0540771484375 168.36056518554688 993.17236328125 214.23681640625 0.8899612 1.7535864 0.5261395 14.341474 1.5821862 28.038696 -0.5682098865509033 0.158041313290596
Cyclist 0.0 0 2.08559250831604 96.43470764160156 163.33839416503906 155.70867919921875 227.92333984375 1.6682509 1.72603 0.6365493 -13.519468 1.4720837 20.136326 1.4943221807479858 0.15499253571033478
Car 0.0 0 1.807114839553833 514.0779418945312 179.96270751953125 571.6455078125 215.83169555664062 4.1386867 1.4674495 1.6609491 -2.9913948 1.8098066 32.542908 1.7154508829116821 0.7811601758003235
Car 0.0 0 0.04812079668045044 748.3500366210938 157.6726531982422 876.23193359375 211.36512756347656 3.7408695 1.5861349 1.6576338 6.301925 1.1380191 22.686 0.3190782070159912 0.1639522910118103
Car 0.0 0 2.5599749088287354 7.153158664703369 185.2525634765625 175.13525390625 247.58216857910156 3.3614678 1.4569045 1.5800439 -13.8886795 1.8234006 19.452204 1.939921259880066 0.11799988150596619
Car 0.0 0 1.5550227165222168 0.0 193.4803009033203 32.993896484375 226.21046447753906 3.6961815 1.5435715 1.6430432 -31.883574 2.697286 38.405525 0.8621470928192139 0.11403872072696686
