Pedestrian 0.0 0 0.7272117137908936 884.1470336914062 137.47511291503906 1026.447509765625 347.63275146484375 0.88957214 1.6741147 0.67244005 2.9770882 1.3330861 6.1671247 1.1769523620605469 0.7790998816490173
Pedestrian 0.0 0 1.196107029914856 595.0170288085938 126.7366943359375 656.6491088867188 251.91221618652344 0.9489481 1.7631409 0.6055982 0.24794897 1.0075331 10.503725 1.2197084426879883 0.7487557530403137
Pedestrian 0.0 0 1.14443039894104 728.676025390625 146.6674346923828 794.8106689453125 256.63092041015625 0.841458 1.7028176 0.76188034 2.4751847 1.1805681 11.4356985 1.3575860261917114 0.7215220928192139
Pedestrian 0.0 0 1.345885992050171 649.8517456054688 140.2059326171875 706.0059814453125 261.53155517578125 0.91066515 1.7187518 0.6377194 1.0207973 1.1495951 10.503707 1.4427661895751953 0.686983048915863
Pedestrian 0.0 0 -1.3890206813812256 296.2322998046875 144.2528076171875 325.94476318359375 204.80508422851562 0.8579034 1.7846459 0.685807 -8.889243 0.71790445 21.325535 -1.7839558124542236 0.34660404920578003
Pedestrian 0.0 0 -0.007103756070137024 466.0375671386719 148.1890106201172 487.826171875 190.2074737548828 0.9777624 1.910345 0.6322807 -5.9149227 0.44280446 32.54208 -0.18690314888954163 0.3362414538860321
Pedestrian 0.0 0 0.823771595954895 448.2543640136719 142.45947265625 472.37939453125 188.19207763671875 0.89161694 1.9055264 0.5378821 -6.1485753 0.32198817 29.93358 0.6211822032928467 0.21475155651569366
Pedestrian 0.0 0 0.6862794160842896 375.3357849121094 140.8101806640625 403.15618896484375 195.09400939941406 0.7103526 1.9218173 0.6458988 -7.7948194 0.51819956 25.460342 0.38918519020080566 0.1951620876789093
Pedestrian 0.0 0 -1.836114525794983 109.43717956542969 141.3314208984375 165.74378967285156 254.85394287109375 0.67495483 1.8166602 0.6256199 -7.826949 1.1915139 11.767304 -2.4230620861053467 0.15983247756958008
Pedestrian 0.0 0 1.9474035501480103 306.84259033203125 142.4928741455078 351.572998046875 206.6478729248047 1.75785 1.7600633 0.5928365 -7.9159255 0.71893364 20.272804 1.5751394033432007 0.105215884745121
Cyclist 0.0 0 1.1156085729599 629.53271484375 162.39535522460938 662.200439453125 206.760986328125 1.5603566 1.6104035 0.5934697 1.4916269 0.9547529 26.493996 1.1718497276306152 0.5406588912010193
Cyclist 0.0 0 -1.306447148323059 540.9920654296875 139.75486755371094 563.8941650390625 181.40965270996094 1.7886891 1.8630277 0.6078577 -2.4250467 0.042148467 32.553745 -1.3808034658432007 0.2481776475906372
Cyclist 0.0 0 -1.1424791812896729 304.9413757324219 142.1641387939453 354.58587646484375 206.72874450683594 1.9020879 1.7673668 0.5958987 -7.9117556 0.71955466 20.315975 -1.5138449668884277 0.22217968106269836
Cyclist 0.0 0 -1.5019969940185547 469.07611083984375 148.07769775390625 484.86212158203125 189.71200561523438 0.9656316 1.8879611 0.65256035 -5.911523 0.4191911 32.572987 -1.6815284490585327 0.1254175901412964
