Pedestrian 0.0 0 0.14226453006267548 400.6772766113281 156.97447204589844 426.56201171875 200.942138671875 0.95160496 1.7793751 0.5757837 -8.076993 1.1370871 29.542746 -0.12461377680301666 0.43017593026161194
Pedestrian 0.0 0 0.7820950150489807 777.0346069335938 169.9259033203125 794.0469970703125 200.87860107421875 0.6972668 1.7577769 0.64498645 10.0461 1.5918508 41.43863 1.0199394226074219 0.3107616603374481
Pedestrian 0.0 0 -3.4004595279693604 1205.4998779296875 199.8645477294922 1242.0 277.029296875 0.919939 1.7824483 0.6073333 15.044298 2.454649 17.470219 -2.6895337104797363 0.18895697593688965
Pedestrian 0.0 0 1.9805171489715576 109.33456420898438 171.45208740234375 135.21275329589844 214.4696044921875 0.7558965 1.7848148 0.65637 -20.561525 1.7270066 30.366138 1.3853123188018799 0.1649719923734665
Cyclist 0.0 0 2.03741717338562 278.49505615234375 190.4292755126953 307.3622741699219 229.1543731689453 1.5081547 1.6624022 0.5724655 -14.28035 2.4716244 32.43657 1.6226969957351685 0.2765113413333893
Cyclist 0.0 0 1.6234155893325806 632.463134765625 175.73046875 642.4349975585938 201.9183349609375 1.5538955 1.6780822 0.5727956 1.7701536 1.8698355 47.20762 1.6608952283859253 0.19675645232200623
Cyclist 0.0 0 0.8344950675964355 777.49267578125 169.85498046875 794.1893920898438 200.41168212890625 0.6889861 1.7354717 0.6324055 10.061188 1.5655003 41.43079 1.0727267265319824 0.10394085943698883
Car 0.0 0 2.103787899017334 0.0 200.52105712890625 132.9272918701172 300.78643798828125 3.2634387 1.4087521 1.5354577 -10.194075 1.9663846 12.808113 1.4315472841262817 0.8802934885025024
Car 0.0 0 1.588029146194458 427.89532470703125 176.91067504882812 458.7005615234375 205.52645874023438 3.797889 1.4717872 1.5748233 -9.172998 1.7067413 39.70228 1.360968828201294 0.4229547083377838
Car 0.0 0 3.5286734104156494 242.97108459472656 178.240966796875 358.4281005859375 221.08499145507812 3.866382 1.6369722 1.6855954 -12.259742 1.8578744 28.661524 3.1244823932647705 0.29963022470474243
Car 0.0 0 -1.783267617225647 890.8959350585938 166.6091766357422 938.1847534179688 196.3736114501953 4.085681 1.6458255 1.7065071 17.648184 1.3008755 42.05954 -1.3859796524047852 0.27940279245376587
Car 0.0 0 1.026836633682251 773.27197265625 187.70419311523438 827.5671997070312 213.96278381347656 3.7717817 1.529419 1.655275 12.149303 2.526388 46.37715 1.2830466032028198 0.16977283358573914
Car 0.0 0 -0.2575330138206482 1073.71533203125 133.30792236328125 1242.0 183.85902404785156 4.502091 1.6261181 1.7675692 18.76909 0.35436565 24.878666 0.3887941837310791 0.16514867544174194
Car 0.0 0 1.3649263381958008 624.29638671875 173.63694763183594 659.342041015625 198.00975036621094 3.955516 1.596434 1.6189759 2.1081157 1.652741 49.47532 1.4075100421905518 0.1599007397890091
