Pedestrian 0.0 0 -1.8907333612442017 783.558837890625 171.16697692871094 857.1657104492188 324.8788146972656 0.73968333 1.5690966 0.5489914 2.1853616 1.5522332 7.7445307 -1.6157031059265137 0.13120868802070618
Pedestrian 0.0 0 -1.0259127616882324 223.82162475585938 180.7076873779297 248.7356719970703 211.35572814941406 1.4952359 1.7115258 0.5813218 -21.49184 2.1713994 41.44875 -1.504263162612915 0.12852855026721954
Cyclist 0.0 0 -1.0234599113464355 167.62779235839844 161.5240936279297 212.35372924804688 215.39739990234375 1.5517246 1.7295187 0.5583578 -13.959803 1.3661476 23.942247 -1.5513315200805664 0.14596745371818542
Cyclist 0.0 0 -1.0259127616882324 223.82162475585938 180.7076873779297 248.7356719970703 211.35572814941406 1.4952359 1.7115258 0.5813218 -21.49184 2.1713994 41.44875 -1.504263162612915 0.10477697104215622
Car 0.0 0 -1.516903042793274 579.4591064453125 177.77703857421875 614.2606201171875 204.3013916015625 3.4975066 1.263293 1.5903162 -0.6660999 1.5268584 36.79779 -1.5350027084350586 0.9190949201583862
Car 0.0 0 -1.4849627017974854 539.7351684570312 176.03094482421875 569.99609375 200.35147094726562 3.7325697 1.4275075 1.5573577 -3.4102936 1.6329931 44.711613 -1.5610884428024292 0.8441594243049622
Car 0.0 0 2.5773227214813232 768.1263427734375 177.56802368164062 851.0390625 207.30691528320312 4.2112355 1.5808495 1.6764866 11.078704 1.8532139 40.21612 2.8461344242095947 0.2232266217470169
Car 0.0 0 -1.127426028251648 753.1367797851562 180.7107391357422 801.0176391601562 203.4912872314453 4.109473 1.528309 1.7751007 12.061557 2.1190577 52.0558 -0.8997395038604736 0.20317350327968597
Car 0.0 0 1.7580667734146118 272.3190612792969 176.44288635253906 299.411865234375 193.1359100341797 3.8152456 1.4541093 1.5712653 -29.525589 1.7917231 65.76387 1.336074948310852 0.14495524764060974
Car 0.0 0 -2.574808120727539 1097.4664306640625 193.02084350585938 1190.1170654296875 222.74090576171875 3.9304502 1.4674139 1.6321391 29.931488 2.6631064 40.637135 -1.9399675130844116 0.1334574818611145
