Pedestrian 0.0 0 -1.9082536697387695 887.247314453125 164.74688720703125 990.6558227539062 328.4990539550781 0.85535955 1.6120055 0.73834133 3.3582659 1.5325555 7.5562654 -1.4900375604629517 0.25626641511917114
Pedestrian 0.0 0 -1.1687146425247192 390.5869140625 183.28390502929688 409.94873046875 220.4083251953125 0.7971518 1.7488302 0.63263285 -10.110415 2.2565525 34.663414 -1.4525154829025269 0.20497755706310272
Car 0.0 0 2.0790839195251465 0.0 196.7670135498047 297.2451477050781 375.0 3.8232265 1.4083114 1.5709032 -3.4644349 1.629034 4.647924 1.4385509490966797 0.8543752431869507
Car 0.0 0 2.946573257446289 641.7095336914062 169.5583038330078 737.7573852539062 201.90415954589844 4.4093337 1.5308812 1.6841332 3.8061817 1.3752592 35.177517 3.0543532371520996 0.853702962398529
Car 0.0 0 1.6680293083190918 477.5959167480469 181.3339080810547 509.5379943847656 206.9330291748047 3.9524813 1.445677 1.5528008 -7.1057386 1.9881618 44.104897 1.5082919597625732 0.4312128722667694
Car 0.0 0 -0.37707263231277466 864.5333862304688 156.6346435546875 928.141845703125 178.9703826904297 3.7333508 1.5144072 1.6396914 19.674343 0.415061 49.73956 -0.00041076168417930603 0.33275532722473145
Car 0.0 0 1.7046619653701782 606.8405151367188 173.1664276123047 633.0827026367188 192.0247344970703 4.2218795 1.5777687 1.7320908 0.879099 1.6062156 62.653236 1.7186921834945679 0.3109222948551178
Car 0.0 0 -1.870190143585205 785.5689086914062 157.491943359375 815.85791015625 177.7229766845703 3.4136157 1.7346302 1.64345 16.755714 0.41782808 63.602314 -1.6125978231430054 0.29468420147895813
Car 0.0 0 -1.7707009315490723 813.2327270507812 155.64578247070312 843.2017822265625 178.76976013183594 4.275444 1.9876678 1.7328894 19.358831 0.5088584 64.22729 -1.477949857711792 0.21934238076210022
Car 0.0 0 -1.383089303970337 0.0 191.04074096679688 113.11529541015625 255.19728088378906 3.905268 1.3966281 1.660999 -14.478907 1.9299319 19.023252 -2.0336668491363525 0.21213720738887787
