Pedestrian 0.0 0 0.6079214811325073 134.49160766601562 194.42562866210938 193.60133361816406 289.4934997558594 0.66200566 1.6452296 0.63226163 -8.05644 2.0433254 12.968067 0.05202174186706543 0.6721519231796265
Pedestrian 0.0 0 -0.44811493158340454 971.701904296875 136.22488403320312 1084.0982666015625 276.1576232910156 1.0927787 1.7954748 0.72849977 5.5095143 1.3258449 9.657044 0.07034420967102051 0.5053091645240784
Pedestrian 0.0 0 1.6054730415344238 652.515869140625 167.65281677246094 667.8111572265625 206.86517333984375 0.9211742 1.720754 0.64993745 2.1997883 1.4928685 32.152008 1.6737849712371826 0.4999748468399048
Pedestrian 0.0 0 -1.4536930322647095 711.3633422851562 178.3580780029297 731.1882934570312 222.43284606933594 0.7293827 1.6064935 0.6495008 4.100501 1.8149853 26.843948 -1.3021115064620972 0.3328372836112976
Pedestrian 0.0 0 1.4645544290542603 770.4400634765625 172.1962127685547 794.4241333007812 225.5137939453125 0.94261646 1.7381258 0.6784099 5.6894875 1.7170403 24.029282 1.6970460414886475 0.2553121745586395
Pedestrian 0.0 0 -3.481717586517334 975.2820434570312 150.38783264160156 1052.23046875 275.0143737792969 0.8327985 1.7492808 0.56358594 5.7890725 1.4342995 10.471215 -2.9766845703125 0.20529741048812866
Pedestrian 0.0 0 -1.0401028394699097 691.5162353515625 174.90859985351562 715.438720703125 217.24087524414062 0.59646064 1.651596 0.7427975 3.6706479 1.7348793 28.656132 -0.9127036929130554 0.20303018391132355
Pedestrian 0.0 0 -0.12002989649772644 725.37744140625 164.4549102783203 743.5496215820312 197.54356384277344 0.9470198 1.859127 0.6119974 7.010893 1.3875718 40.866966 0.04987025260925293 0.20177912712097168
Pedestrian 0.0 0 1.0972034931182861 1220.7462158203125 133.25735473632812 1242.0 188.9544677734375 0.5662199 1.9217871 0.68795097 21.899994 0.55589265 25.25036 1.8116638660430908 0.19784411787986755
Pedestrian 0.0 0 1.3612936735153198 931.8995361328125 140.8507843017578 975.3007202148438 211.53904724121094 0.89917356 1.8941017 0.909936 9.401026 1.0369294 19.873226 1.8031495809555054 0.19027744233608246
Pedestrian 0.0 0 -1.750298261642456 876.9312133789062 149.06564331054688 907.4036865234375 214.01072692871094 0.9931669 1.787167 0.63258666 7.9199004 1.1329142 20.400179 -1.3799819946289062 0.1740235984325409
Cyclist 0.0 0 1.449042558670044 425.26019287109375 162.83865356445312 437.6993103027344 189.47589111328125 2.0060956 1.8951738 0.6355404 -12.996113 1.1829635 52.38327 1.2058560848236084 0.1980075091123581
Cyclist 0.0 0 -0.4163498878479004 1159.864013671875 152.51080322265625 1242.0 215.60482788085938 1.7366601 1.6539832 0.5989914 15.916675 1.1210531 19.432255 0.26992058753967285 0.17015431821346283
Cyclist 0.0 0 -1.7918142080307007 932.0855712890625 141.86767578125 975.0379638671875 212.0719451904297 1.1282066 1.8746306 0.84000176 9.413016 1.047576 19.906487 -1.350111961364746 0.11807961016893387
Cyclist 0.0 0 -3.520015001296997 973.6383056640625 139.96063232421875 1088.5401611328125 279.857666015625 1.1237152 1.7708222 0.73231244 5.4991665 1.3548144 9.572995 -2.9985973834991455 0.10730300098657608
Car 0.0 0 1.765405535697937 417.0848083496094 172.23941040039062 489.0841064453125 233.56881713867188 3.9920702 1.8874763 1.6143181 -5.211095 1.8689197 24.213083 1.553420901298523 0.6482556462287903
Car 0.0 0 -0.3174453377723694 555.9011840820312 176.5225372314453 605.5804443359375 195.0328826904297 3.8050046 1.4792997 1.5570949 -2.4429564 1.7898505 59.610664 -0.358404278755188 0.20725692808628082
