Car 0.0 0 -1.597577691078186 563.1871337890625 182.7819366455078 620.437255859375 229.90213012695312 3.443752 1.3174894 1.6638211 -0.67061794 1.6542715 22.681736 -1.6271355152130127 0.9395154118537903
Car 0.0 0 -1.6890971660614014 635.4549560546875 180.2385711669922 687.6344604492188 221.40078735351562 3.3877456 1.4679031 1.6239302 1.9039774 1.7734371 28.082819 -1.6214021444320679 0.938136875629425
Car 0.0 0 -1.8587539196014404 726.3978271484375 177.93692016601562 907.6527099609375 303.7380676269531 3.2312226 1.4560606 1.5263963 2.651003 1.5392754 10.120029 -1.6025545597076416 0.9341082572937012
Car 0.0 0 -1.3158137798309326 263.50164794921875 188.8819580078125 478.0787353515625 346.6781311035156 3.6520214 1.4890323 1.6179066 -2.7767143 1.7316186 9.042711 -1.6137410402297974 0.912912905216217
Car 0.0 0 -2.137115955352783 828.2888793945312 188.10789489746094 1242.0 375.0 4.183142 1.4316744 1.6042547 2.5896068 1.5615758 4.02944 -1.5659098625183105 0.871627926826477
Car 0.0 0 -1.3502740859985352 388.2849426269531 184.4817352294922 508.3247375488281 272.84881591796875 3.415633 1.435365 1.5272712 -3.020929 1.6870532 13.880565 -1.5645697116851807 0.8499906659126282
Car 0.0 0 -0.9663118720054626 0.0 226.1700439453125 404.7790222167969 375.0 3.9065788 1.4080162 1.5913159 -2.5205138 1.8346348 3.7981825 -1.55219566822052 0.8006591796875
Car 0.0 0 2.26418137550354 0.0 190.23001098632812 77.25435638427734 256.29925537109375 3.5098486 1.4104464 1.6303561 -15.505011 1.8892344 18.097042 1.555769920349121 0.7882031202316284
Car 0.0 0 -1.4168041944503784 522.0960693359375 181.88514709472656 562.1448364257812 210.7121124267578 3.3821046 1.3517216 1.5261678 -3.4401739 1.8325655 36.65134 -1.510392189025879 0.7656254172325134
Car 0.0 0 2.0262107849121094 151.41709899902344 183.6166229248047 251.7977294921875 226.72076416015625 4.307159 1.472596 1.650123 -15.706532 1.9225466 27.941559 1.514109492301941 0.7134867310523987
Car 0.0 0 1.2008426189422607 265.9565124511719 185.88133239746094 410.1933288574219 264.5529479980469 3.95628 1.4159956 1.5755997 -6.037781 1.7347221 15.6373625 0.8323652744293213 0.6815454959869385
