Pedestrian 0.0 0 1.9455406665802002 277.6224670410156 177.87757873535156 332.2123718261719 257.6763610839844 0.9592316 1.8223016 0.89953727 -7.2317805 1.9446545 17.027857 1.543921709060669 0.22596858441829681
Pedestrian 0.0 0 2.0180535316467285 1148.843505859375 126.90203857421875 1242.0 301.23486328125 0.69579476 1.7302774 0.58648235 6.1286516 1.2745558 7.5727043 2.698444366455078 0.17738042771816254
Pedestrian 0.0 0 1.907935380935669 378.5435791015625 134.3169403076172 423.29827880859375 226.13487243652344 0.9393276 1.8268652 0.6099309 -4.3372674 1.0604663 14.838499 1.6235593557357788 0.16266539692878723
Pedestrian 0.0 0 -1.7780598402023315 908.8088989257812 187.17726135253906 944.7533569335938 265.3690185546875 0.71899766 1.7379385 0.6205257 7.22975 2.0761383 16.601332 -1.3673359155654907 0.1491561233997345
Pedestrian 0.0 0 -0.5471029281616211 880.4700927734375 207.8035430908203 975.9541625976562 276.2834167480469 1.259572 1.1769959 1.1149619 5.955584 1.8714149 13.688116 -0.13671578466892242 0.13539767265319824
Pedestrian 0.0 0 1.6360349655151367 372.78009033203125 146.31776428222656 395.7122802734375 204.05845642089844 0.95300364 1.8709667 0.6668242 -7.521279 1.0114735 23.91915 1.3313783407211304 0.13007868826389313
Pedestrian 0.0 0 2.7485744953155518 836.72412109375 143.1848602294922 884.591064453125 222.8023681640625 0.87063575 1.8574562 0.7134805 5.920551 1.1656408 17.21347 3.079848289489746 0.12123046815395355
Pedestrian 0.0 0 0.8669767379760742 0.0 110.56405639648438 104.31078338623047 264.69439697265625 0.86506444 1.7978582 0.7453308 -6.962998 1.0716331 8.865235 0.20118498802185059 0.11534393578767776
Car 0.0 0 -1.7915900945663452 588.7637939453125 175.42393493652344 614.6116333007812 192.6671142578125 3.558418 1.4912558 1.5790627 -0.7954516 1.7295325 64.882385 -1.8038493394851685 0.3059108257293701
Car 0.0 0 1.973720908164978 492.3966064453125 167.13650512695312 531.8099365234375 189.27969360351562 4.239589 1.7839168 1.7480252 -8.169058 1.3236572 60.402008 1.8392918109893799 0.1175476461648941
