Pedestrian 0.0 0 1.5654151439666748 290.99676513671875 149.80075073242188 331.33392333984375 248.11961364746094 0.70686 1.8349267 0.7027902 -5.8197327 1.4050413 13.925925 1.1695681810379028 0.4254727065563202
Pedestrian 0.0 0 0.6288198828697205 1221.9736328125 144.83175659179688 1242.0 206.59622192382812 0.46341878 1.873307 0.7143084 19.297916 1.0237548 22.187265 1.3446825742721558 0.23431934416294098
Pedestrian 0.0 0 -0.418864369392395 681.513916015625 159.60577392578125 698.5967407226562 192.23287963867188 0.8054291 1.8879 0.62979925 4.642922 1.1216772 42.17005 -0.3092060387134552 0.17699755728244781
Pedestrian 0.0 0 2.116471767425537 150.18997192382812 179.41213989257812 175.9102020263672 219.85794067382812 0.80054265 1.7807966 0.6599434 -20.042736 2.078427 32.30027 1.561105728149414 0.15039139986038208
Pedestrian 0.0 0 -1.5251901149749756 480.7939147949219 169.93101501464844 492.92083740234375 201.66464233398438 1.0278789 1.8224256 0.65079784 -7.195436 1.6549199 41.98462 -1.694923758506775 0.13560469448566437
Cyclist 0.0 0 -1.2993593215942383 203.6605224609375 150.37130737304688 254.81808471679688 218.63893127441406 1.780371 1.7562833 0.77676684 -10.3124275 1.1782415 19.512362 -1.785551905632019 0.1752312034368515
Cyclist 0.0 0 1.816333532333374 472.35675048828125 167.65924072265625 487.8042907714844 198.67355346679688 1.5154132 1.6681333 0.4818945 -7.1546144 1.3890867 39.577904 1.6374919414520264 0.10675609856843948
Car 0.0 0 -0.1670359969139099 669.1499633789062 172.29232788085938 782.23583984375 208.27992248535156 4.378086 1.4381957 1.6326876 4.654684 1.4161074 29.673874 -0.011442527174949646 0.9184492230415344
Car 0.0 0 0.05824880301952362 649.5972290039062 174.9131317138672 708.6442260742188 196.16348266601562 4.1216583 1.4822371 1.6369839 4.9417167 1.6332599 51.667377 0.15360355377197266 0.5178289413452148
Car 0.0 0 -1.1606158018112183 645.87060546875 170.50979614257812 683.3447875976562 189.85763549804688 3.759375 1.4811015 1.6007279 4.3429594 1.3020065 57.267776 -1.0849246978759766 0.14507010579109192
Car 0.0 0 1.6543805599212646 635.3046264648438 174.5400390625 655.7622680664062 190.93038940429688 3.8505392 1.482573 1.6029577 3.3408053 1.6458223 67.69218 1.7036935091018677 0.12365604192018509
