Pedestrian 0.0 0 -3.4645400047302246 1050.533447265625 89.1954574584961 1178.7017822265625 265.5235900878906 1.0145093 1.8353015 0.6030088 5.4596844 0.9649042 7.9371176 -2.8620030879974365 0.28069868683815
Pedestrian 0.0 0 1.9350428581237793 769.2559204101562 156.4102325439453 787.4129028320312 194.2989501953125 0.75793195 1.8859409 0.6667284 8.459757 1.0677974 36.41289 2.1633217334747314 0.23481173813343048
Pedestrian 0.0 0 1.0146987438201904 966.2118530273438 126.87480926513672 1021.1751708984375 229.65933227539062 0.6480028 1.7855228 0.61577505 6.78537 0.9871526 12.876515 1.4996787309646606 0.2081819772720337
Pedestrian 0.0 0 0.6238654851913452 94.75574493408203 147.2379913330078 153.04586791992188 241.32614135742188 0.73848504 1.7874569 0.58129084 -9.477675 1.3011698 14.006012 0.02895832061767578 0.1313203126192093
Cyclist 0.0 0 -2.144026041030884 934.2299194335938 123.75448608398438 996.057861328125 192.10787963867188 1.7660044 1.8089694 0.6858737 9.767022 0.5099112 20.010218 -1.6899422407150269 0.1435318887233734
Cyclist 0.0 0 -1.8001420497894287 922.9063110351562 164.90634155273438 968.5472412109375 242.05099487304688 1.7143459 1.6583849 0.5588996 7.5558105 1.4878913 16.404047 -1.3685028553009033 0.13086539506912231
Car 0.0 0 1.7461261749267578 619.4262084960938 175.88565063476562 648.8936767578125 195.5421905517578 3.9753137 1.4715108 1.651067 1.9123781 1.7193419 56.780693 1.7797935009002686 0.6251897811889648
Car 0.0 0 -2.0099027156829834 464.1368103027344 170.56761169433594 524.0875244140625 200.47674560546875 3.9000778 1.4986008 1.6239518 -6.2229514 1.3843988 38.21766 -2.1713154315948486 0.3082067370414734
Car 0.0 0 -1.773193359375 731.6810302734375 176.96778869628906 771.5995483398438 204.77914428710938 3.6980624 1.5459836 1.5886375 8.261175 1.7993304 42.51294 -1.5812638998031616 0.15516521036624908
Car 0.0 0 1.3367654085159302 806.7196655273438 159.35345458984375 874.887451171875 203.29010009765625 3.6994665 1.5252002 1.5939177 8.487108 1.0569053 26.946114 1.6418952941894531 0.14295454323291779
Car 0.0 0 0.918883204460144 800.1061401367188 180.7417449951172 869.7752075195312 210.46939086914062 3.6699858 1.4356219 1.5855155 11.708685 1.8721126 37.89706 1.2185399532318115 0.12040989845991135
