Pedestrian 0.0 0 -0.01801631972193718 572.1497192382812 155.27938842773438 667.4514770507812 306.8773193359375 1.0977489 1.745586 0.62028503 0.119528346 1.4568654 8.448657 -0.0038696499541401863 0.8904829025268555
Pedestrian 0.0 0 -3.1271398067474365 615.9251098632812 153.45237731933594 650.3194580078125 224.65037536621094 0.8483534 1.7552708 0.6906084 0.6739181 1.0900527 17.793182 -3.089282751083374 0.19253604114055634
Pedestrian 0.0 0 -3.0738041400909424 570.0486450195312 160.7733612060547 617.4865112304688 228.8453826904297 1.1524502 1.6746426 0.6003327 -0.3099047 1.1909442 17.717924 -3.0912933349609375 0.16932038962841034
Pedestrian 0.0 0 1.2295984029769897 837.820556640625 170.12347412109375 871.7123413085938 237.33847045898438 0.6934411 1.66183 0.60694087 6.2525563 1.4068764 17.824055 1.5669796466827393 0.1440945714712143
Pedestrian 0.0 0 2.474890947341919 943.9736938476562 149.91087341308594 1027.376953125 257.35791015625 1.110367 1.7131087 0.5445178 6.2107306 1.227058 11.633462 2.965264320373535 0.13891248404979706
Pedestrian 0.0 0 1.4156471490859985 625.9205322265625 180.4563446044922 663.4506225585938 266.1123046875 0.9136736 1.7209581 0.6412484 0.7721316 1.7217084 14.687992 1.4681676626205444 0.10475662350654602
Pedestrian 0.0 0 -3.1607086658477783 772.0064697265625 130.69789123535156 822.6776733398438 236.61184692382812 0.8316442 1.7865957 0.6797522 3.3047833 0.9481641 12.351515 -2.8992714881896973 0.103358693420887
Cyclist 0.0 0 -1.6603057384490967 978.2402954101562 145.97528076171875 1022.8077392578125 253.1365509033203 1.1572468 1.6746882 0.5356545 6.4723983 1.136802 11.68211 -1.1543633937835693 0.16561228036880493
Cyclist 0.0 0 -1.5780737400054932 862.7876586914062 150.23098754882812 899.0628051757812 256.46563720703125 1.6379452 1.6763818 0.53759366 4.6318974 1.2003931 12.013387 -1.210076093673706 0.16102468967437744
Cyclist 0.0 0 -3.0390548706054688 543.6292724609375 150.91775512695312 608.2965087890625 220.853271484375 1.5683911 1.7211431 0.6282645 -0.75462765 0.99470854 17.756445 -3.0815281867980957 0.12711511552333832
