Pedestrian 0.0 0 1.2772170305252075 661.9010009765625 165.16957092285156 689.0573120117188 222.7787628173828 0.9113311 1.8491151 0.649389 2.0956705 1.602822 23.669142 1.3655269145965576 0.7379836440086365
Pedestrian 0.0 0 1.2291381359100342 691.6403198242188 166.9551239013672 716.368896484375 222.98291015625 0.78365093 1.7864138 0.5654686 3.0039377 1.5986898 23.446053 1.3565651178359985 0.6954237818717957
Pedestrian 0.0 0 1.4371311664581299 459.0761413574219 172.9475555419922 500.178955078125 254.30718994140625 0.791187 1.5849046 0.713195 -2.6863806 1.5872113 14.540997 1.2544456720352173 0.6894485354423523
Pedestrian 0.0 0 0.6258466243743896 417.0630798339844 169.83758544921875 451.6263122558594 230.3795623779297 0.78246194 1.7068279 0.5664326 -5.0962334 1.6221458 20.748594 0.3849961757659912 0.37945201992988586
Pedestrian 0.0 0 1.7805547714233398 1097.0557861328125 152.49388122558594 1200.8345947265625 316.7109069824219 0.7753541 1.753963 0.811555 6.117015 1.5368593 8.264608 2.4177193641662598 0.3195430636405945
Pedestrian 0.0 0 3.309509754180908 174.29916381835938 169.0567169189453 216.310546875 228.28379821777344 1.1046125 1.8776981 0.5312885 -13.433455 1.7576696 23.313417 2.7867655754089355 0.29983946681022644
Pedestrian 0.0 0 1.0357794761657715 758.2655639648438 168.9324188232422 778.2586059570312 201.76504516601562 0.93218195 1.796614 0.706202 8.741583 1.5823816 40.033592 1.2507613897323608 0.2751297950744629
Pedestrian 0.0 0 -3.4167773723602295 808.0968627929688 178.2979736328125 852.6167602539062 237.56912231445312 1.0990871 1.6961821 0.67647976 6.374264 1.8580738 21.058233 -3.1228480339050293 0.27222374081611633
Pedestrian 0.0 0 0.9261989593505859 651.6487426757812 175.39918518066406 669.8082885742188 207.5560760498047 0.6610093 1.8536584 0.82762253 2.9303765 2.004557 42.17172 0.9955742359161377 0.24503183364868164
Pedestrian 0.0 0 -2.068531036376953 931.113525390625 163.5360565185547 980.5089721679688 255.1890411376953 0.7494938 1.7088845 0.5632599 6.5707154 1.5355079 13.839967 -1.6252754926681519 0.195447638630867
Pedestrian 0.0 0 -0.39586225152015686 737.427490234375 169.0624237060547 753.5789184570312 199.7389373779297 0.78264517 1.7889341 0.54690343 7.931618 1.5681821 42.42389 -0.21103492379188538 0.19044063985347748
Cyclist 0.0 0 1.6301097869873047 812.4323120117188 179.63787841796875 828.96240234375 224.6578826904297 1.5256401 1.6359745 0.5126098 7.926307 1.9002604 27.264175 1.9130334854125977 0.44153112173080444
Cyclist 0.0 0 -1.5637365579605103 818.7684936523438 175.66104125976562 848.7727661132812 237.4391632080078 1.3081689 1.7400721 0.8146208 6.508953 1.8255657 21.13462 -1.2649786472320557 0.21660003066062927
Cyclist 0.0 0 0.2042446732521057 178.4417266845703 170.7582244873047 226.24009704589844 230.28282165527344 1.2707046 1.8969133 0.5352688 -13.275639 1.8304838 23.44027 -0.3110724091529846 0.12390001863241196
Car 0.0 0 -1.0585858821868896 923.5293579101562 152.01841735839844 1242.0 375.0 3.9773204 1.4884304 1.5689008 4.0158906 1.4030225 4.320584 -0.30972084403038025 0.2193508893251419
