Pedestrian 0.0 0 -2.1827187538146973 12.496036529541016 154.74496459960938 144.64163208007812 336.5412902832031 0.90313596 1.7679459 0.7160495 -5.5603747 1.5921957 7.4962244 -2.820923328399658 0.8785855174064636
Pedestrian 0.0 0 0.6113673448562622 268.594970703125 151.9911651611328 336.1634521484375 284.7729797363281 0.6088954 1.7998587 0.6585323 -4.3750935 1.5174205 10.16201 0.2048184871673584 0.5571937561035156
Pedestrian 0.0 0 0.5612277984619141 234.51222229003906 157.8734588623047 313.0723876953125 294.8472595214844 0.8045282 1.762574 0.49707046 -4.507177 1.5701627 9.577386 0.12137055397033691 0.4049820899963379
Pedestrian 0.0 0 -0.37993597984313965 229.66744995117188 201.98960876464844 253.90451049804688 243.8229522705078 0.73207015 1.7909236 0.75921047 -16.444956 3.1105864 32.14419 -0.8528201580047607 0.26954343914985657
Pedestrian 0.0 0 -3.1068389415740967 600.7793579101562 154.33287048339844 619.025146484375 195.54519653320312 0.8176451 1.8743596 0.6353724 -0.040255323 1.0323662 33.1444 -3.10805344581604 0.21761451661586761
Pedestrian 0.0 0 1.1341558694839478 739.4519653320312 162.01034545898438 772.2178955078125 224.39454650878906 0.95539695 1.8534157 0.6314805 4.3863873 1.5316124 21.972904 1.3311928510665894 0.20671668648719788
Cyclist 0.0 0 0.6194543838500977 218.6689453125 178.9821014404297 341.9775695800781 284.12451171875 1.869775 1.7224401 0.6948054 -5.702182 1.832468 12.393859 0.1882486343383789 0.825583815574646
Cyclist 0.0 0 1.1018059253692627 282.23565673828125 156.35614013671875 319.2750244140625 200.5684051513672 1.6653523 1.6686214 0.6352432 -12.054578 1.0463315 28.006239 0.6953494548797607 0.3562857508659363
Cyclist 0.0 0 -1.5960538387298584 167.34820556640625 176.09268188476562 199.22378540039062 246.2418975830078 1.8506911 1.7436718 0.6702521 -11.289496 1.8335639 18.982674 -2.132586717605591 0.2529517412185669
Cyclist 0.0 0 -2.006164789199829 300.3634948730469 186.30123901367188 338.72564697265625 244.69610595703125 1.6815418 1.7625513 0.45765665 -9.259138 2.2027621 22.857624 -2.3910417556762695 0.18266767263412476
Car 0.0 0 2.077343463897705 1105.8740234375 165.89599609375 1242.0 223.51612854003906 4.112996 1.5138838 1.6586474 16.250782 1.3314307 20.51015 2.747389316558838 0.871479332447052
