Pedestrian 0.0 0 1.7096457481384277 298.78662109375 172.3258514404297 351.5726318359375 267.6020202636719 1.0643077 1.7943546 0.8296393 -5.635596 1.7847656 14.201323 1.3318699598312378 0.2130117267370224
Pedestrian 0.0 0 -3.514373779296875 940.17724609375 173.87335205078125 1059.2655029296875 334.25201416015625 1.0459064 1.7445956 0.59362686 4.3492794 1.7570504 8.205309 -3.026970863342285 0.20495916903018951
Cyclist 0.0 0 2.3383021354675293 1118.716796875 101.52070617675781 1242.0 247.41299438476562 1.6874696 1.7855787 0.54962206 7.427894 0.91288704 9.205513 3.0172340869903564 0.2601427137851715
Car 0.0 0 -1.1542383432388306 126.69207000732422 199.18496704101562 444.95697021484375 375.0 3.7630045 1.3875048 1.6012093 -3.0978422 1.7378055 7.67962 -1.5376592874526978 0.9535155296325684
Car 0.0 0 1.4631420373916626 630.51171875 185.1932830810547 692.1800537109375 232.21083068847656 3.9220333 1.4092401 1.6698402 1.6283369 1.8655435 24.664463 1.5290659666061401 0.9488996863365173
Car 0.0 0 3.311713695526123 425.4070739746094 180.09019470214844 514.5716552734375 209.73184204101562 4.491828 1.542405 1.7319344 -7.528814 1.9420838 38.901375 3.1205413341522217 0.5930324792861938
Car 0.0 0 -0.2995871901512146 826.868896484375 167.40045166015625 1009.8656005859375 227.58876037597656 4.143074 1.5042857 1.6203673 7.9611793 1.3683434 19.036674 0.0965116024017334 0.3667871952056885
Car 0.0 0 1.70389723777771 524.6460571289062 174.70533752441406 561.5548706054688 205.09178161621094 3.9158082 1.7154464 1.6848091 -3.9682982 1.8311585 42.964554 1.6117963790893555 0.3047178089618683
Car 0.0 0 1.7551820278167725 551.3539428710938 177.8076934814453 583.9986572265625 199.68338012695312 4.1868334 1.4819813 1.6115668 -3.0362475 1.8546093 52.042843 1.6969068050384521 0.292442262172699
Car 0.0 0 3.6944918632507324 0.0 155.42984008789062 246.41851806640625 265.63470458984375 3.4277017 1.4607651 1.478768 -7.3897543 1.2301656 10.409456 3.0771472454071045 0.20869730412960052
