Pedestrian 0.0 0 2.1389212608337402 606.3464965820312 173.19677734375 636.373779296875 220.74960327148438 0.87887114 1.7071514 0.7466027 0.7130585 1.4101163 26.358852 2.165966510772705 0.6513717174530029
Pedestrian 0.0 0 -1.6370676755905151 440.7984313964844 167.65316772460938 491.8817443847656 274.5772705078125 0.76797515 1.6954054 0.77587134 -2.282653 1.4771436 11.857245 -1.8272522687911987 0.5319085121154785
Pedestrian 0.0 0 -0.12674784660339355 700.307861328125 162.5339813232422 727.5025024414062 217.9375 0.7793825 1.7353377 0.62345374 3.5405786 1.1423954 22.819136 0.027183055877685547 0.28728365898132324
Pedestrian 0.0 0 2.8568367958068848 729.7113647460938 192.32400512695312 780.2717895507812 285.10906982421875 0.73252 1.6217686 0.67502856 2.728518 1.824503 13.00306 3.0636725425720215 0.20843155682086945
Pedestrian 0.0 0 0.49133288860321045 474.6014099121094 164.1442108154297 519.2938232421875 229.17564392089844 0.9820563 1.7163061 0.70518684 -2.8563654 1.2594209 19.45371 0.34554576873779297 0.19997566938400269
Pedestrian 0.0 0 1.646990180015564 751.028076171875 152.15725708007812 773.520263671875 207.3693084716797 1.694361 1.7814416 0.6113517 5.37753 0.83578104 24.074282 1.8667548894882202 0.19043876230716705
Pedestrian 0.0 0 -1.6341207027435303 682.5043334960938 168.92015075683594 708.3650512695312 228.34671020507812 1.4929439 1.6967878 0.66131884 2.7416422 1.3387406 21.274113 -1.5059548616409302 0.14547103643417358
Pedestrian 0.0 0 -2.492621898651123 129.9595947265625 138.5048065185547 233.7835235595703 279.8144836425781 1.0795729 1.8469164 0.5894753 -5.720782 1.2862995 9.742256 -3.0235862731933594 0.13437801599502563
Pedestrian 0.0 0 -0.7621250152587891 1009.0205688476562 120.34559631347656 1075.8135986328125 242.55374145507812 0.6205541 1.7792982 0.59007865 6.58377 0.89022815 10.810502 -0.2151024043560028 0.13408680260181427
Pedestrian 0.0 0 2.4720778465270996 1065.371826171875 109.4931640625 1198.950927734375 272.32489013671875 1.0687169 1.7740042 0.61550987 5.9501524 0.99086726 8.151785 3.1026036739349365 0.1250193566083908
Pedestrian 0.0 0 -0.5740235447883606 1023.0173950195312 110.74120330810547 1139.655029296875 265.1278076171875 1.0300634 1.822623 0.589476 5.794355 0.9886198 8.777339 0.009453535079956055 0.11627331376075745
Pedestrian 0.0 0 -1.692063331604004 755.2088012695312 197.35638427734375 802.6809692382812 303.040771484375 0.9188648 1.62326 0.6371897 2.8258438 1.8931319 11.671857 -1.4545265436172485 0.11496756970882416
Cyclist 0.0 0 1.6580156087875366 751.1898193359375 153.17543029785156 774.4480590820312 207.3851776123047 1.7022586 1.7505832 0.61830556 5.401747 0.837 24.099197 1.8785173892974854 0.4075235426425934
Cyclist 0.0 0 -1.6341207027435303 682.5043334960938 168.92015075683594 708.3650512695312 228.34671020507812 1.4929439 1.6967878 0.66131884 2.7416422 1.3387406 21.274113 -1.5059548616409302 0.16468292474746704
Cyclist 0.0 0 1.4143834114074707 732.4861450195312 192.362548828125 778.5902709960938 286.4108581542969 1.006973 1.6192194 0.6622578 2.732869 1.825027 13.004406 1.6215187311172485 0.14210990071296692
Cyclist 0.0 0 -1.692063331604004 755.2088012695312 197.35638427734375 802.6809692382812 303.040771484375 0.9188648 1.62326 0.6371897 2.8258438 1.8931319 11.671857 -1.4545265436172485 0.10111596435308456
Car 0.0 0 3.1254701614379883 364.1322937011719 178.9431610107422 453.39105224609375 212.37271118164062 3.966483 1.5119405 1.6193018 -9.060146 1.3972385 33.808758 2.8636398315429688 0.13147284090518951
Car 0.0 0 2.7503998279571533 599.7376708984375 170.2523956298828 687.2028198242188 200.47433471679688 4.163837 1.4921777 1.6805944 2.148867 0.9377262 36.939274 2.808507204055786 0.13082244992256165
