Pedestrian 0.0 0 1.5024760961532593 535.5125732421875 178.7668914794922 545.1370849609375 203.15774536132812 1.6843966 1.7847117 0.60283184 -5.2564573 2.235648 54.10021 1.405618667602539 0.2537213861942291
Cyclist 0.0 0 -1.6879128217697144 535.1807250976562 178.67990112304688 545.684326171875 203.10430908203125 1.7392265 1.7876396 0.5835498 -5.2540374 2.2326326 54.153767 -1.7846307754516602 0.49238842725753784
Cyclist 0.0 0 1.5025006532669067 518.588623046875 182.21571350097656 528.9118041992188 207.0032958984375 1.7422445 1.7501512 0.6270491 -6.315066 2.44419 52.547146 1.3828952312469482 0.43815091252326965
Car 0.0 0 -1.9090960025787354 737.5789794921875 176.03216552734375 953.755126953125 305.9618225097656 4.1156807 1.5285007 1.6719035 3.1369882 1.5851908 10.687244 -1.6235888004302979 0.945846676826477
Car 0.0 0 2.0925614833831787 0.0 185.2012176513672 357.28057861328125 375.0 4.03538 1.6761075 1.6460985 -4.2875485 1.8422886 7.6604924 1.5823044776916504 0.9125664234161377
Car 0.0 0 -2.108820915222168 851.150146484375 174.25733947753906 1242.0 375.0 3.7518423 1.4905121 1.6072712 2.9417734 1.5038067 4.7606535 -1.5553184747695923 0.8798207640647888
Car 0.0 0 1.5593364238739014 496.129638671875 183.15414428710938 524.7675170898438 210.9345245361328 3.5635433 1.5102394 1.6020756 -5.9195647 2.1441808 42.499146 1.4209401607513428 0.7354102730751038
Car 0.0 0 -1.6973347663879395 608.3680419921875 176.69012451171875 640.6229248046875 204.22804260253906 3.9004142 1.6973219 1.6162165 0.87298584 1.9586656 47.060223 -1.6787865161895752 0.685798704624176
Car 0.0 0 -1.746266484260559 579.0726318359375 184.60482788085938 607.6911010742188 203.9455108642578 3.9487405 1.4592245 1.6738245 -1.4198512 2.4561787 59.09033 -1.7702903747558594 0.6749860644340515
Car 0.0 0 -1.7793538570404053 627.7476806640625 180.05934143066406 668.6699829101562 208.0997314453125 3.5671382 1.4476664 1.5580591 2.0418262 1.867312 40.10063 -1.7284802198410034 0.6079809069633484
Car 0.0 0 -1.6842726469039917 662.9222412109375 172.8165283203125 722.70751953125 223.215576171875 4.07673 1.6499791 1.6399937 2.8170779 1.6491102 25.660912 -1.5749295949935913 0.4548897445201874
