Pedestrian 0.0 0 -2.3640570640563965 286.53607177734375 157.87779235839844 363.218505859375 292.80718994140625 0.73728365 1.8092445 0.6784213 -4.0477486 1.608789 10.127656 -2.74428129196167 0.3366892337799072
Pedestrian 0.0 0 -0.30180874466896057 711.6209106445312 164.3230438232422 741.9239501953125 216.5460662841797 0.8744017 1.7445633 0.6002766 3.9092503 1.459936 24.460468 -0.14332985877990723 0.25391021370887756
Pedestrian 0.0 0 -2.712947130203247 317.28466796875 176.73008728027344 392.5425109863281 297.9737548828125 0.8929655 1.7888193 0.6594697 -3.9394367 1.8504307 11.032949 -3.055898427963257 0.24422821402549744
Pedestrian 0.0 0 -1.75507390499115 697.7015991210938 171.77757263183594 722.3402709960938 219.08425903320312 1.4079335 1.7598468 0.6825414 3.7658834 1.7201605 27.55871 -1.6192655563354492 0.1545095145702362
Pedestrian 0.0 0 -1.590842604637146 707.820556640625 163.04481506347656 726.7249755859375 213.0194854736328 1.1355177 1.7451179 0.64305025 3.783704 1.4029386 25.796947 -1.4452084302902222 0.1299951821565628
Pedestrian 0.0 0 2.025052547454834 385.4261779785156 192.8655242919922 463.5809631347656 311.56207275390625 1.4558877 1.7810752 0.67744803 -3.0695286 2.1323333 11.868404 1.7719680070877075 0.12323244661092758
Cyclist 0.0 0 -1.7725025415420532 696.6573486328125 171.19729614257812 722.9315795898438 218.75967407226562 1.6598108 1.7651428 0.67369795 3.7635593 1.704017 27.62548 -1.6371010541915894 0.22982412576675415
Cyclist 0.0 0 2.0506837368011475 377.5685729980469 187.64210510253906 466.05743408203125 309.2334899902344 1.7223845 1.7965528 0.6838018 -3.08325 2.0575078 11.796596 1.7950348854064941 0.19320550560951233
Cyclist 0.0 0 -1.8247894048690796 707.9863891601562 161.3280487060547 738.1190795898438 214.26602172851562 1.543544 1.7430266 0.6418939 3.7875242 1.3638831 24.554672 -1.6717469692230225 0.13655145466327667
Car 0.0 0 -1.6877446174621582 650.55908203125 191.5185546875 700.552734375 230.67811584472656 4.1014266 1.4260358 1.6084557 2.643824 2.264516 30.323647 -1.6007776260375977 0.8656942248344421
Car 0.0 0 -2.1276698112487793 903.1168823242188 123.7014389038086 1242.0 375.0 3.5448806 1.4758862 1.5267239 3.0820682 1.3063698 4.30861 -1.5067307949066162 0.3467479348182678
