Pedestrian 0.0 0 -0.22324612736701965 732.7632446289062 101.55806732177734 845.9554443359375 279.8990783691406 1.0987182 1.8766702 0.5663089 1.881567 1.1267861 7.8792152 0.011165142059326172 0.4461776912212372
Pedestrian 0.0 0 0.389845609664917 411.5160827636719 151.05397033691406 443.6844787597656 205.74801635742188 0.9060283 1.834 0.58846885 -6.2457075 1.1033595 24.546703 0.14069080352783203 0.4418017268180847
Pedestrian 0.0 0 1.7438912391662598 471.3896484375 169.70785522460938 489.736083984375 212.4830780029297 0.7977328 1.834172 0.6580191 -5.657668 1.6996257 31.336975 1.5652724504470825 0.30286917090415955
Pedestrian 0.0 0 1.8166955709457397 672.315673828125 139.4182586669922 712.9932250976562 224.4346466064453 0.92800623 1.8129342 0.68999445 1.7849247 1.1002908 15.939083 1.9282151460647583 0.1439056545495987
Cyclist 0.0 0 -1.643649697303772 784.3035278320312 148.609130859375 821.1339721679688 246.131591796875 1.877042 1.7694522 0.5481013 3.6804233 1.3299099 14.061603 -1.387656569480896 0.29763853549957275
Cyclist 0.0 0 1.9614619016647339 114.48871612548828 139.41159057617188 228.9815673828125 297.0914001464844 1.7870876 1.7220207 0.5543255 -5.3294573 1.3571541 8.802614 1.4170517921447754 0.23739583790302277
Cyclist 0.0 0 1.5104429721832275 655.043212890625 149.57919311523438 674.904541015625 205.9510955810547 1.8018761 1.7991515 0.5438722 1.7657642 1.0566766 23.930153 1.5840977430343628 0.19141554832458496
Cyclist 0.0 0 1.7438912391662598 471.3896484375 169.70785522460938 489.736083984375 212.4830780029297 0.7977328 1.834172 0.6580191 -5.657668 1.6996257 31.336975 1.5652724504470825 0.10160452872514725
Car 0.0 0 1.5678277015686035 523.5711669921875 177.8248291015625 549.447509765625 203.9674072265625 4.019366 1.6748616 1.68085 -5.038674 2.027902 49.10401 1.4655733108520508 0.7840131521224976
Car 0.0 0 2.500596761703491 0.0 176.21780395507812 183.96844482421875 375.0 3.8310628 1.5214444 1.6079762 -3.308767 1.5416164 2.3069892 1.5386685132980347 0.5844138860702515
Car 0.0 0 -1.6299521923065186 620.216552734375 181.74407958984375 647.1720581054688 206.341796875 3.5035918 1.5060432 1.5524544 1.4877038 2.1101794 47.228687 -1.5984625816345215 0.15647722780704498
