Car 0.0 0 1.8253093957901 422.28009033203125 187.802490234375 483.01702880859375 229.2847900390625 3.4942155 1.4769039 1.5330043 -6.2391367 2.1096344 28.743868 1.611565351486206 0.9427424669265747
Car 0.0 0 -1.1045085191726685 147.00521850585938 199.11924743652344 229.92752075195312 234.30479431152344 4.5010242 1.4729775 1.7224915 -20.90012 2.8651333 35.933117 -1.631318211555481 0.9323936700820923
Car 0.0 0 -0.991134762763977 103.9912338256836 202.61468505859375 187.57183837890625 236.53858947753906 4.0184503 1.4559888 1.6198889 -23.419695 3.0459747 36.520462 -1.5613526105880737 0.8968445658683777
Car 0.0 0 -1.6780673265457153 651.4313354492188 174.2356719970703 698.1964721679688 210.8953399658203 3.9543238 1.5385003 1.6651195 2.8091378 1.6047685 32.422523 -1.5916415452957153 0.8777683973312378
Car 0.0 0 -0.9570642709732056 52.29600143432617 205.41943359375 144.21981811523438 240.04486083984375 4.1259084 1.4674332 1.7340008 -25.811718 3.2095015 36.523304 -1.572285532951355 0.8367947340011597
Car 0.0 0 1.7592802047729492 454.9322509765625 185.96620178222656 503.1602478027344 219.19174194335938 3.9171402 1.4179357 1.5496889 -6.2007174 2.0775228 34.30733 1.580470323562622 0.7838867902755737
Car 0.0 0 2.3713879585266113 0.0 217.5908966064453 136.1144561767578 375.0 3.573139 1.4590263 1.5790563 -5.9837546 1.9433601 6.003438 1.5876319408416748 0.6103182435035706
Car 0.0 0 -1.0835039615631104 202.185302734375 198.55767822265625 280.9619445800781 234.43092346191406 4.171191 1.5288907 1.7331343 -18.235716 2.8815277 35.85771 -1.5539742708206177 0.6037974953651428
Car 0.0 0 -2.4262518882751465 0.0 0.0 1242.0 375.0 3.7691383 1.4808664 1.6087456 2.793808 1.6311738 1.4505632 -1.3343501091003418 0.5170321464538574
Car 0.0 0 1.5961182117462158 490.6723327636719 179.67544555664062 520.9017944335938 208.06455993652344 4.29499 1.5576954 1.671855 -6.1820807 1.9846592 42.890602 1.4529681205749512 0.45071762800216675
