Pedestrian 0.0 0 2.6570041179656982 436.4046630859375 181.69049072265625 461.6957702636719 223.0690460205078 0.84874547 1.7328681 0.64932716 -6.6734514 1.7860049 30.156961 2.439223051071167 0.6004284620285034
Pedestrian 0.0 0 0.06460732966661453 664.1343994140625 188.9979248046875 681.6884765625 225.06436157226562 0.8377361 1.787647 0.71760404 3.4149733 2.222775 35.659405 0.16008257865905762 0.5297612547874451
Pedestrian 0.0 0 3.244123935699463 337.1570739746094 181.4650115966797 361.6287536621094 226.39576721191406 0.8273863 1.7267786 0.77302176 -10.018935 1.7666873 27.663902 2.8966519832611084 0.5087113976478577
Pedestrian 0.0 0 -0.0012771226465702057 640.816162109375 186.3852996826172 658.48388671875 226.65940856933594 0.76826614 1.747261 0.7130103 1.946626 2.0112913 31.159836 0.06111407279968262 0.4672446548938751
Pedestrian 0.0 0 2.0857110023498535 186.7549591064453 172.86322021484375 213.80238342285156 224.349609375 0.5399517 1.8488148 0.6741664 -14.710615 1.5761095 25.656206 1.5650991201400757 0.444391131401062
Pedestrian 0.0 0 0.02235906571149826 609.1561889648438 178.8751983642578 625.6517944335938 218.48675537109375 0.7112078 1.7229232 0.7445779 0.5304587 1.6537236 31.13445 0.03939509391784668 0.4249652326107025
Pedestrian 0.0 0 -2.3224143981933594 210.124267578125 180.9595184326172 240.31846618652344 229.77880859375 0.75739646 1.7225151 0.598322 -13.645291 1.7407782 25.35424 -2.8161420822143555 0.42480459809303284
Pedestrian 0.0 0 2.9418110847473145 350.54736328125 177.09104919433594 377.744384765625 224.42185974121094 0.84851885 1.7530537 0.7056412 -9.125038 1.6283067 26.701658 2.612513303756714 0.401354044675827
Pedestrian 0.0 0 1.283278465270996 33.04316329956055 155.61424255371094 108.95418548583984 296.79937744140625 0.7631806 1.7301234 0.58764285 -6.941193 1.4268454 9.122013 0.6328201293945312 0.3556588590145111
Pedestrian 0.0 0 -0.3605686128139496 444.2621154785156 180.93617248535156 469.7453308105469 222.34225463867188 0.88648367 1.6993468 0.5999186 -6.2012453 1.7193395 29.514452 -0.5676649808883667 0.3370895981788635
Pedestrian 0.0 0 2.018951892852783 649.2553100585938 188.64288330078125 668.7730102539062 219.25018310546875 1.3557103 1.7565969 0.6234601 3.186553 2.2469513 41.711388 2.0951991081237793 0.15485571324825287
Pedestrian 0.0 0 1.4905879497528076 679.1754150390625 189.68246459960938 691.4799194335938 219.2169647216797 1.4498659 1.8216041 0.65847754 5.081177 2.4143212 44.796043 1.6035343408584595 0.10369482636451721
Cyclist 0.0 0 1.8330379724502563 599.430908203125 178.23208618164062 656.7542114257812 275.94061279296875 1.8857828 1.8158287 0.6835494 0.45233646 1.7753191 14.136412 1.8650250434875488 0.8405120968818665
Cyclist 0.0 0 -2.841968297958374 545.5528564453125 169.51242065429688 624.4869384765625 244.72645568847656 1.8083501 1.7671808 0.63482904 -0.51940763 1.5106283 17.153978 -2.8722381591796875 0.6983172297477722
Cyclist 0.0 0 -1.1479992866516113 810.5892333984375 179.50730895996094 873.3845825195312 264.46234130859375 1.7761613 1.8011436 0.6690262 5.2982726 1.7817178 15.864837 -0.8256819248199463 0.6326205730438232
Cyclist 0.0 0 1.6257450580596924 678.232666015625 190.5840606689453 689.6989135742188 219.16140747070312 1.4817152 1.7572051 0.64346296 5.008103 2.4088466 44.8078 1.7370516061782837 0.3664936125278473
Cyclist 0.0 0 2.0451467037200928 647.4630737304688 189.90956115722656 667.1966552734375 220.7030792236328 1.3410629 1.7640051 0.61684495 3.084533 2.329863 41.67897 2.119019031524658 0.36439964175224304
Cyclist 0.0 0 -1.6418194770812988 892.8467407226562 146.3579864501953 908.3110961914062 183.5498809814453 1.838897 1.8587854 0.6003809 15.152968 0.1538571 36.29928 -1.246364951133728 0.29743143916130066
Cyclist 0.0 0 -0.7734428644180298 443.6158752441406 181.1193084716797 469.3119201660156 223.3714141845703 0.88108635 1.7312222 0.6013253 -6.2198534 1.7590243 29.514206 -0.9811446666717529 0.13736066222190857
Cyclist 0.0 0 1.9860142469406128 333.95172119140625 181.31036376953125 364.1734924316406 226.84274291992188 0.91763407 1.7493848 0.81217736 -10.030409 1.7831479 27.662577 1.638160228729248 0.11339982599020004
Cyclist 0.0 0 2.036900758743286 209.16458129882812 180.562744140625 239.5567626953125 229.5904998779297 0.89103097 1.7243738 0.6261608 -13.650504 1.7281805 25.318188 1.542419672012329 0.10959797352552414
Cyclist 0.0 0 0.030858665704727173 663.7009887695312 191.22679138183594 680.8214111328125 226.65682983398438 0.8388221 1.754441 0.7355602 3.38408 2.3035333 35.676937 0.1254291534423828 0.1039055734872818
Cyclist 0.0 0 2.2884936332702637 436.2755126953125 182.11199951171875 461.7709045410156 223.25607299804688 0.85998833 1.7214496 0.65988743 -6.6706877 1.7929052 30.154978 2.070786237716675 0.1000201627612114
Car 0.0 0 -1.9358190298080444 840.8278198242188 188.15203857421875 881.52490234375 208.2957305908203 3.9280658 1.4935788 1.7305068 20.212158 2.1212726 55.90192 -1.5888789892196655 0.35263073444366455
