Pedestrian 0.0 0 -2.0568697452545166 651.4844360351562 177.82546997070312 672.8729858398438 221.32925415039062 0.5439901 1.5698109 0.597821 1.8701009 1.7552357 26.487535 -1.9863835573196411 0.18796181678771973
Pedestrian 0.0 0 3.0696511268615723 478.2445983886719 171.86392211914062 491.1950988769531 199.71444702148438 0.7841284 1.7753754 0.51271904 -8.078778 1.7126191 46.336483 2.897035837173462 0.13922448456287384
Pedestrian 0.0 0 -0.1458868384361267 670.7213134765625 181.34326171875 711.7976684570312 243.6210174560547 1.0312295 1.6611528 0.62324303 2.1586258 1.8967781 19.66333 -0.036545414477586746 0.11613538861274719
Pedestrian 0.0 0 1.6868181228637695 631.5078735351562 177.8350372314453 645.005126953125 208.9736785888672 1.7037377 1.671708 0.5544897 1.5346863 1.9536414 39.901024 1.7252614498138428 0.11129971593618393
Cyclist 0.0 0 -1.5776854753494263 679.358642578125 181.07705688476562 701.7772827148438 244.50430297851562 1.799073 1.6278963 0.5801346 2.1401176 1.8631024 19.679873 -1.4693646430969238 0.42092350125312805
Cyclist 0.0 0 1.6436761617660522 632.630859375 177.42727661132812 644.4263916015625 207.4270782470703 1.642009 1.6151762 0.536571 1.5505807 1.8741127 39.94818 1.682471513748169 0.4140216112136841
Cyclist 0.0 0 0.939348578453064 1213.8173828125 185.898193359375 1242.0 222.30589294433594 1.1479434 1.8836169 0.6180985 32.82251 2.588105 38.35019 1.6472365856170654 0.28121674060821533
Car 0.0 0 -1.6042402982711792 575.556640625 177.47727966308594 604.09423828125 202.42877197265625 3.4837308 1.4300225 1.6089993 -1.2912782 1.7225242 43.80209 -1.633711576461792 0.9116753935813904
Car 0.0 0 -1.3862043619155884 543.1021728515625 176.8267364501953 573.7686767578125 198.99429321289062 3.530181 1.5517443 1.6288111 -3.7809193 1.8541664 53.012955 -1.4574044942855835 0.8316698670387268
Car 0.0 0 2.0512948036193848 220.53269958496094 171.41049194335938 313.2007751464844 212.4811248779297 4.1152925 1.5444964 1.6717777 -13.809171 1.4905701 29.219976 1.6098119020462036 0.1078530102968216
