Pedestrian 0.0 0 -1.4453351497650146 787.5195922851562 175.53729248046875 835.81396484375 270.8144836425781 0.96235174 1.684569 0.75071937 3.6977372 1.7368708 13.376306 -1.1756312847137451 0.73310387134552
Cyclist 0.0 0 -1.5225532054901123 788.7489013671875 175.8089599609375 834.7040405273438 271.6800842285156 0.9974247 1.6970285 0.7780442 3.7070487 1.7547194 13.401363 -1.2526839971542358 0.10900232940912247
Car 0.0 0 -1.598494052886963 588.6359252929688 184.1516876220703 642.6934814453125 228.57952880859375 3.434328 1.3578923 1.7207869 0.09417197 1.7717888 24.671068 -1.5946769714355469 0.9335716366767883
Car 0.0 0 -0.7908154129981995 1046.6658935546875 176.4249267578125 1242.0 287.4925842285156 3.9549327 1.575998 1.6876625 9.256095 1.6377511 11.352875 -0.10680948197841644 0.8949956297874451
Car 0.0 0 2.0986952781677246 186.39295959472656 178.56417846679688 280.4829406738281 220.35862731933594 3.6221747 1.4677383 1.5904919 -14.379493 1.7018689 27.68894 1.6197092533111572 0.8873826861381531
Car 0.0 0 -1.8672422170639038 241.9224395751953 180.290283203125 423.0341796875 287.3257751464844 4.30534 1.4132267 1.5663809 -4.815014 1.5595527 11.992791 -2.2490344047546387 0.8355472683906555
Car 0.0 0 2.2520411014556885 0.0 180.06846618652344 164.58535766601562 296.61065673828125 3.5750277 1.3356764 1.5441921 -8.278805 1.4567287 10.278284 1.5739763975143433 0.8282657265663147
Car 0.0 0 2.1150410175323486 69.10120391845703 172.5835723876953 200.42684936523438 228.22242736816406 3.753356 1.5377797 1.6008322 -14.261542 1.5306637 21.842478 1.5366109609603882 0.7292599678039551
Car 0.0 0 -1.9878029823303223 318.15277099609375 176.64271545410156 463.93072509765625 256.8510437011719 3.6133714 1.4301676 1.5245851 -4.659384 1.5185463 14.899413 -2.290890693664551 0.6962432265281677
Car 0.0 0 -2.2155110836029053 397.7318420410156 175.9363250732422 512.5982666015625 229.41529846191406 3.6776583 1.5157989 1.5989078 -4.914102 1.6198364 22.462013 -2.430891513824463 0.5039680600166321
Car 0.0 0 -2.4351160526275635 477.32318115234375 173.71029663085938 561.25146484375 211.04994201660156 3.9580445 1.743194 1.6788992 -4.5301347 1.7878659 35.550438 -2.561861276626587 0.3887629210948944
