Pedestrian 0.0 0 -2.12302565574646 925.239990234375 157.80154418945312 969.1761474609375 238.38088989257812 0.77794874 1.833015 0.6099345 7.8078485 1.4909605 16.832909 -1.6887186765670776 0.6228082180023193
Pedestrian 0.0 0 -2.157116413116455 956.4495239257812 158.1777801513672 997.1680297851562 234.22250366210938 0.74205893 1.7260379 0.5187334 8.469485 1.39328 16.773619 -1.6895333528518677 0.4771701395511627
Pedestrian 0.0 0 -2.8554399013519287 1092.8345947265625 148.87091064453125 1200.6173095703125 244.38034057617188 1.5662832 1.717466 0.5163785 10.145282 1.2865559 13.752018 -2.2198376655578613 0.1897391527891159
Pedestrian 0.0 0 3.0089497566223145 672.059814453125 172.80865478515625 682.771484375 197.16714477539062 0.7339498 1.8445532 0.63828593 5.107703 1.8414762 54.96945 3.101602554321289 0.17878508567810059
Pedestrian 0.0 0 -0.16211354732513428 658.1177978515625 173.2225341796875 666.2528076171875 193.00038146972656 0.6394579 1.7761621 0.62605065 4.6904316 1.8099698 65.14864 -0.09024170786142349 0.14325028657913208
Cyclist 0.0 0 -1.9190948009490967 887.2255859375 152.9732208251953 952.4231567382812 252.7188720703125 1.8599311 1.784825 0.5378351 5.854696 1.4294407 13.850879 -1.5191782712936401 0.9638578295707703
Cyclist 0.0 0 -1.6746374368667603 771.5302124023438 170.57476806640625 786.9930419921875 210.6519317626953 1.5985656 1.6509005 0.47078505 7.115321 1.5573701 30.541998 -1.4457515478134155 0.7604547142982483
Cyclist 0.0 0 -3.254969596862793 1090.1417236328125 150.03277587890625 1206.440673828125 245.20645141601562 1.7224305 1.7214108 0.49283138 10.112835 1.309 13.691257 -2.6187820434570312 0.30096542835235596
Cyclist 0.0 0 1.9163188934326172 546.65234375 139.94900512695312 571.9481811523438 185.30029296875 1.5496831 1.8207548 0.5516115 -2.123034 0.5000491 29.786007 1.8451629877090454 0.22280029952526093
Cyclist 0.0 0 -2.1482527256011963 954.1998291015625 158.02413940429688 1000.055419921875 235.16238403320312 0.9080526 1.7413034 0.5398254 8.469121 1.4068953 16.765955 -1.6805031299591064 0.16130439937114716
Car 0.0 0 1.1553717851638794 1003.4395141601562 178.078125 1043.5137939453125 195.9674530029297 4.0192037 1.5257722 1.6368424 37.078644 2.010679 64.837685 1.6748496294021606 0.24087968468666077
Car 0.0 0 1.6303032636642456 532.738037109375 181.9967498779297 555.1115112304688 201.5979766845703 3.8138194 1.5533786 1.6590561 -5.571099 2.3500977 60.91319 1.5390973091125488 0.1610005497932434
Car 0.0 0 -0.2947424352169037 757.1278076171875 178.60760498046875 832.0567626953125 203.47250366210938 4.373554 1.5546972 1.6922026 11.825299 1.9333622 46.494396 -0.04568498581647873 0.14825284481048584
