Car 0.0 0 -1.6802693605422974 670.5209350585938 177.7801055908203 736.2262573242188 231.38365173339844 4.0618925 1.5304254 1.6193141 2.8398993 1.7018657 23.014517 -1.557494044303894 0.9617525935173035
Car 0.0 0 1.8283262252807617 480.7656555175781 177.2149658203125 549.3223876953125 221.07577514648438 3.9131093 1.5162798 1.6349363 -3.5612006 1.6945759 27.392708 1.6990458965301514 0.9282939434051514
Car 0.0 0 1.9128581285476685 244.63772583007812 188.838134765625 437.7792053222656 312.8272399902344 3.6090927 1.4953996 1.5932578 -3.899273 1.7788181 10.969881 1.5713340044021606 0.9268568754196167
Car 0.0 0 1.8668636083602905 368.76708984375 184.55935668945312 496.2533264160156 266.21002197265625 4.160237 1.5394865 1.6376451 -3.8907049 1.8394513 16.338448 1.6330857276916504 0.9081555008888245
Car 0.0 0 1.9883931875228882 857.79736328125 166.72113037109375 957.6951904296875 221.29432678222656 3.3515713 1.525178 1.5795475 9.0284815 1.3541385 21.890642 2.3795738220214844 0.8481422066688538
Car 0.0 0 1.9067356586456299 949.3734130859375 164.1561737060547 1059.383544921875 225.1220703125 3.6439698 1.5684289 1.6166607 11.141262 1.3450238 20.380877 2.4070053100585938 0.7366716861724854
Car 0.0 0 2.496887683868408 0.0 176.92405700683594 307.3003234863281 375.0 3.883807 1.5158124 1.6197735 -2.7082784 1.5400884 2.2573705 1.6209324598312378 0.693004310131073
Car 0.0 0 2.1535489559173584 816.4859619140625 170.1558837890625 912.4736328125 223.64756774902344 3.3217297 1.7066698 1.5131484 8.667999 1.6209437 24.625221 2.492001533508301 0.6714495420455933
Car 0.0 0 2.4527151584625244 798.8483276367188 170.82423400878906 901.4684448242188 213.8384552001953 3.5179336 1.5575855 1.5666486 9.100907 1.484444 27.490084 2.7724196910858154 0.5977454781532288
Car 0.0 0 -2.541243314743042 0.0 0.0 1242.0 375.0 3.761114 1.4427576 1.5959777 2.6868882 1.4325471 1.6403699 -1.5185580253601074 0.5757884383201599
