Car 0.0 0 -1.7005865573883057 684.0474853515625 177.5507049560547 771.5803833007812 246.0468292236328 3.9137356 1.4979829 1.6296577 2.7746198 1.6285316 18.022911 -1.547836184501648 0.9669039249420166
Car 0.0 0 1.9410165548324585 246.90419006347656 186.8004913330078 455.9619140625 304.165771484375 4.2960305 1.4413067 1.6479349 -3.8910418 1.7073655 11.560297 1.6163408756256104 0.957492470741272
Car 0.0 0 1.829578161239624 448.8408203125 176.15211486816406 532.9887084960938 231.1293487548828 3.8936749 1.5422893 1.6406721 -3.651489 1.654722 22.498495 1.6686818599700928 0.9459466934204102
Car 0.0 0 2.112802743911743 0.0 198.50845336914062 326.6686706542969 375.0 3.5852654 1.4199651 1.5924845 -3.9353209 1.7039015 6.1598682 1.5442955493927002 0.8768638372421265
Car 0.0 0 1.932045340538025 927.3023681640625 163.865966796875 1053.48388671875 233.55845642089844 3.413609 1.4761232 1.5191324 8.95276 1.2861098 16.979656 2.4172654151916504 0.8660115003585815
Car 0.0 0 1.7895307540893555 1058.5865478515625 151.06710815429688 1193.5994873046875 239.91925048828125 3.750924 1.6907862 1.593265 11.151644 1.276557 15.572389 2.4109914302825928 0.7959699630737305
Car 0.0 0 2.0222628116607666 870.112548828125 170.26547241210938 979.215087890625 231.57830810546875 3.19412 1.538773 1.4895366 8.584991 1.4741665 19.710508 2.4330387115478516 0.7223744988441467
Car 0.0 0 2.3983044624328613 811.274658203125 166.81251525878906 916.8554077148438 214.3159942626953 3.373337 1.588861 1.5345036 8.933619 1.3871479 25.502136 2.7352542877197266 0.5915579199790955
Car 0.0 0 2.2441513538360596 840.75146484375 166.64031982421875 954.021240234375 218.32716369628906 3.4411807 1.5239184 1.5079299 9.043852 1.3410742 22.779526 2.6220831871032715 0.5606585741043091
Car 0.0 0 -3.346097230911255 729.4566650390625 164.59841918945312 809.8012084960938 198.09056091308594 3.790837 1.6890916 1.640417 8.152633 1.2731006 37.227356 -3.130505084991455 0.51448655128479
