Cyclist 0.0 0 1.8520945310592651 339.9281005859375 180.1910400390625 359.81085205078125 211.58509826660156 1.600825 1.6103132 0.5703007 -13.800673 2.0075214 38.206863 1.5054688453674316 0.7250731587409973
Car 0.0 0 -1.761577844619751 682.1449584960938 183.4830322265625 822.344970703125 292.6603088378906 3.7667387 1.5497556 1.6365292 2.231376 1.7622501 12.503092 -1.5849711894989014 0.9516644477844238
Car 0.0 0 -1.5499629974365234 543.638916015625 185.26133728027344 589.5331420898438 223.19725036621094 3.4187915 1.3312982 1.6824999 -1.7042431 1.8465441 28.198772 -1.6103264093399048 0.9358863830566406
Car 0.0 0 0.9946985244750977 270.6462707519531 186.29051208496094 415.2575988769531 248.8740234375 4.167013 1.4334452 1.5807321 -7.2154536 1.8262707 19.20021 0.6352260112762451 0.9231266379356384
Car 0.0 0 2.0482332706451416 181.23143005371094 185.9640350341797 275.7631530761719 228.2083282470703 3.9439673 1.5480529 1.8211535 -15.587399 2.1230166 29.64388 1.5641423463821411 0.9151208400726318
Car 0.0 0 1.3320600986480713 0.0 186.91558837890625 208.17391967773438 356.4111633300781 3.9329803 1.4807848 1.5907278 -6.4543962 1.6823146 8.464359 0.6805827617645264 0.8299948573112488
Car 0.0 0 -2.0146312713623047 344.3366394042969 181.15065002441406 448.30645751953125 237.10902404785156 3.7193952 1.5347129 1.6265815 -6.7053413 1.8134265 22.28092 -2.306955337524414 0.7905769944190979
Car 0.0 0 -1.7097116708755493 644.5213623046875 182.10826110839844 717.5068969726562 239.948486328125 4.0215583 1.533606 1.6295046 2.002716 1.8402507 21.83071 -1.6182292699813843 0.7758304476737976
Car 0.0 0 -0.8014642000198364 0.0 207.31295776367188 377.57501220703125 375.0 4.024156 1.4760627 1.6199726 -2.3787034 1.6958632 2.5633214 -1.5495229959487915 0.635051965713501
Car 0.0 0 -2.179959297180176 400.9706726074219 182.31846618652344 497.0448913574219 222.3140106201172 4.241853 1.4430817 1.6287308 -6.573344 1.8507979 29.022415 -2.402693271636963 0.5655475854873657
Car 0.0 0 -2.210272789001465 451.1816101074219 169.71826171875 523.762451171875 207.875 4.242318 1.9968735 1.7648419 -6.8462358 1.8331275 39.85987 -2.380370616912842 0.5532788634300232
Car 0.0 0 -1.529457926750183 564.200927734375 180.48036193847656 598.361083984375 211.7048797607422 3.7122355 1.5136398 1.6350063 -1.4951264 1.9325507 37.739445 -1.5690542459487915 0.5415210127830505
