Pedestrian 0.0 0 -3.1520659923553467 631.4628295898438 180.6959991455078 648.467529296875 222.64268493652344 0.68342745 1.681205 0.5964737 1.1730149 2.003818 29.339577 -3.1121065616607666 0.19967462122440338
Pedestrian 0.0 0 1.7766584157943726 294.9081726074219 139.76556396484375 330.4989013671875 204.6046905517578 0.9618221 1.861284 0.791329 -8.792578 0.9117993 21.25575 1.3844349384307861 0.13163433969020844
Pedestrian 0.0 0 -1.6780188083648682 741.0858154296875 164.42027282714844 757.5784301757812 206.14443969726562 1.1017104 1.7595139 0.5789612 5.9387918 1.4042207 30.997335 -1.488722324371338 0.13056452572345734
Cyclist 0.0 0 -1.6899827718734741 741.30224609375 164.74742126464844 757.3641967773438 206.1521759033203 1.0088185 1.7493452 0.55978143 5.941032 1.4072013 31.0049 -1.5006617307662964 0.1262274533510208
Car 0.0 0 1.824449896812439 319.0545654296875 179.9624481201172 468.87921142578125 275.84368896484375 4.169889 1.4748801 1.6570578 -3.8800235 1.6291493 13.51417 1.5448623895645142 0.9556692838668823
Car 0.0 0 1.7008363008499146 481.60003662109375 178.81683349609375 535.2938842773438 216.84237670898438 4.354277 1.4546443 1.6924826 -4.2486563 1.7248695 30.46853 1.5622856616973877 0.898789644241333
Car 0.0 0 1.470618724822998 641.5720825195312 174.62322998046875 704.431396484375 228.7151641845703 3.9779778 1.6364193 1.6673377 1.9612336 1.7004503 23.960785 1.55228853225708 0.8794329762458801
Car 0.0 0 -1.6790398359298706 625.6171264648438 178.5070037841797 671.7417602539062 217.0625457763672 3.561117 1.5292645 1.5894508 1.5643145 1.7866049 30.974478 -1.6285793781280518 0.5643246173858643
Car 0.0 0 1.6105707883834839 515.4509887695312 176.0113067626953 543.2407836914062 202.2400665283203 3.794416 1.573638 1.6018862 -5.1037507 1.7825384 45.705997 1.4993666410446167 0.3155858516693115
Car 0.0 0 -1.7258846759796143 491.6845703125 176.59115600585938 533.4625854492188 206.58499145507812 3.7262793 1.4864192 1.6314442 -5.2501035 1.6955011 38.27691 -1.8621952533721924 0.14832039177417755
Car 0.0 0 -3.312635898590088 711.6082763671875 177.22805786132812 803.4828491210938 211.09912109375 4.0399117 1.5530415 1.6518639 6.89705 1.7660334 34.19091 -3.1135854721069336 0.1216428279876709
