Car 0.0 0 -1.6164629459381104 589.0100708007812 176.78147888183594 636.524169921875 220.49171447753906 3.6784039 1.5902491 1.6931485 0.0074632475 1.7557496 28.460768 -1.6162006855010986 0.9620866775512695
Car 0.0 0 1.8442624807357788 362.1046447753906 184.44207763671875 444.2441101074219 235.7691192626953 3.7111893 1.4542453 1.583628 -6.5730815 1.8560895 23.137794 1.5674705505371094 0.9536458253860474
Car 0.0 0 -1.2071490287780762 829.1886596679688 161.7405242919922 1106.621826171875 332.0494689941406 3.9280941 1.5896618 1.6797358 4.385347 1.4862868 8.675866 -0.7391389012336731 0.7996070981025696
Car 0.0 0 -0.9574470520019531 680.1796264648438 174.9305419921875 780.0669555664062 218.9685821533203 4.093043 1.5001454 1.5909854 4.4777346 1.5833863 26.78152 -0.7917844653129578 0.7808550000190735
Car 0.0 0 -1.0695394277572632 735.272216796875 173.50106811523438 888.1970825195312 248.58993530273438 3.972664 1.468001 1.5652958 4.5450354 1.4845653 16.102913 -0.7944461703300476 0.7796127796173096
Car 0.0 0 -1.0854921340942383 785.2960205078125 176.27206420898438 980.1198120117188 280.2128601074219 3.631628 1.5204546 1.6474724 4.748065 1.5886073 12.48999 -0.7222143411636353 0.6879642605781555
Car 0.0 0 1.8083734512329102 442.14013671875 176.16615295410156 479.1786193847656 197.84608459472656 4.3441315 1.5349452 1.7394832 -11.13987 1.7930912 53.955013 1.6047685146331787 0.661429226398468
Car 0.0 0 -0.845569908618927 652.9481201171875 179.81968688964844 736.0635375976562 213.4359893798828 3.9621358 1.4371346 1.6211246 3.9332886 1.780132 33.565315 -0.7289187908172607 0.5570539832115173
Car 0.0 0 -1.3651578426361084 950.5658569335938 180.58985900878906 1242.0 375.0 3.5768468 1.4603606 1.636527 4.0723925 1.5365245 5.2828236 -0.7084305286407471 0.5364829897880554
Car 0.0 0 1.8201826810836792 497.1222229003906 179.47605895996094 529.2728881835938 198.90780639648438 3.8515623 1.4054886 1.5523053 -7.438823 1.9341071 55.553608 1.6870709657669067 0.4852865934371948
Car 0.0 0 1.8576735258102417 415.80499267578125 177.54324340820312 447.929931640625 196.1654052734375 3.8312728 1.5233423 1.6633033 -15.276271 1.9390409 61.954838 1.6159247159957886 0.44070276618003845
