Pedestrian 0.0 0 3.294955253601074 203.48245239257812 155.48341369628906 224.7029571533203 194.91171264648438 0.85912275 1.9629191 0.58085096 -19.971922 1.0984908 36.338543 2.7924137115478516 0.5648690462112427
Pedestrian 0.0 0 2.285008430480957 1107.2325439453125 162.046630859375 1140.7255859375 203.30514526367188 1.230309 1.8915004 0.61108804 23.835516 1.3963938 33.51841 2.9031565189361572 0.10936147719621658
Pedestrian 0.0 0 2.4753339290618896 848.56005859375 129.65847778320312 908.4468383789062 242.8085174560547 0.67923516 1.771523 0.60661787 4.289903 1.0955942 11.687423 2.8271191120147705 0.10003092885017395
Pedestrian 0.0 0 -2.36991548538208 1165.9554443359375 164.0216064453125 1214.572021484375 205.6704864501953 1.7126024 1.7816411 0.6282311 25.468983 1.4041706 31.751331 -1.6938716173171997 0.10000620037317276
Cyclist 0.0 0 -2.372608184814453 1168.6927490234375 164.29885864257812 1211.2408447265625 205.86106872558594 1.450287 1.7861452 0.59891516 25.472118 1.4188441 31.762493 -1.6966757774353027 0.10823478549718857
Car 0.0 0 1.8609744310379028 363.7007141113281 190.56646728515625 408.3282165527344 215.46249389648438 4.1332426 1.5461407 1.8385826 -15.436947 2.8209395 49.837254 1.560599446296692 0.8486363887786865
Car 0.0 0 1.5604052543640137 411.0902404785156 185.81301879882812 429.4384460449219 203.19674682617188 3.9022043 1.5218586 1.6360945 -18.023209 2.7882593 68.39047 1.302729845046997 0.18264737725257874
Car 0.0 0 1.488462209701538 746.487548828125 187.0908203125 770.8973388671875 206.4318084716797 3.3721795 1.4135255 1.6153754 11.714255 2.5756798 57.107777 1.6907811164855957 0.17849771678447723
Car 0.0 0 -0.5214694142341614 103.74189758300781 180.3986358642578 182.57711791992188 208.41323852539062 3.7646365 1.6120057 1.6779121 -28.873178 2.1011102 44.681496 -1.0951685905456543 0.1556483507156372
Car 0.0 0 -2.4190733432769775 1090.9830322265625 199.122314453125 1242.0 347.6693115234375 3.893182 1.466954 1.6683182 8.813363 1.9008543 9.873603 -1.6903513669967651 0.10458064824342728
