Pedestrian 0.0 0 1.0857844352722168 1009.7640380859375 100.24939727783203 1081.6004638671875 224.8247833251953 0.6917667 1.8576905 0.70522267 6.6457453 0.77535534 11.121239 1.6244170665740967 0.28525081276893616
Pedestrian 0.0 0 -0.36166122555732727 940.59619140625 112.20561981201172 1002.7793579101562 229.0654296875 0.7087559 1.8036938 0.6209206 5.687205 0.8679632 11.477724 0.09837937355041504 0.24712346494197845
Pedestrian 0.0 0 -0.43988752365112305 1151.5458984375 107.64178466796875 1231.22705078125 235.47300720214844 0.712656 1.7364081 0.53133124 8.099668 0.8509493 10.139421 0.23413920402526855 0.1478102058172226
Pedestrian 0.0 0 2.033653736114502 0.0 176.51889038085938 30.36380386352539 227.96176147460938 1.4709105 1.6679479 0.55908823 -20.283125 1.7956235 24.283178 1.337770700454712 0.10580798983573914
Cyclist 0.0 0 -1.669046401977539 756.912353515625 172.68682861328125 766.8624267578125 199.8040313720703 1.7780116 1.6576488 0.43262774 9.437096 1.647788 45.01138 -1.4623796939849854 0.3513428568840027
Cyclist 0.0 0 2.0321285724639893 0.0 176.64578247070312 29.66305160522461 227.61843872070312 1.354798 1.6610941 0.5431696 -20.31125 1.7931702 24.34 1.3367137908935547 0.15520517528057098
Car 0.0 0 -1.5729295015335083 574.7752685546875 171.33949279785156 633.8832397460938 229.74435424804688 4.450809 1.6419262 1.6625273 -0.23444581 1.5997072 22.517384 -1.5833408832550049 0.9655133485794067
Car 0.0 0 -0.9861545562744141 57.32160186767578 169.45748901367188 158.8942108154297 211.4272918701172 3.9067438 1.666948 1.6553831 -21.207045 1.5324045 30.625475 -1.5918049812316895 0.9210471510887146
Car 0.0 0 -1.1170772314071655 166.05670166015625 173.7126007080078 233.31985473632812 205.77090454101562 3.677031 1.5974238 1.6268377 -21.523806 1.6451722 37.937164 -1.6331464052200317 0.8519688248634338
Car 0.0 0 2.1622800827026367 0.0 178.4624481201172 24.651355743408203 232.2017822265625 3.8652081 1.51566 1.6059115 -20.702719 1.7090282 22.799625 1.4250469207763672 0.38827332854270935
