Pedestrian 0.0 0 -2.5094141960144043 418.5846862792969 174.06101989746094 463.120849609375 251.58200073242188 0.6729326 1.6634687 0.7048132 -3.783839 1.6912751 15.9499035 -2.7423410415649414 0.5692073702812195
Pedestrian 0.0 0 -1.0498110055923462 169.71591186523438 172.80206298828125 317.4508972167969 375.0 0.7913403 1.5952076 0.7241846 -2.8570156 1.5951928 5.588225 -1.5224231481552124 0.5386691689491272
Pedestrian 0.0 0 1.0504703521728516 637.3309326171875 171.8227081298828 673.8501586914062 234.77389526367188 0.8059063 1.74146 0.7294335 1.2418622 1.7132887 20.480576 1.111032247543335 0.5228567719459534
Pedestrian 0.0 0 -0.882685661315918 1046.0438232421875 170.44166564941406 1115.95703125 279.2507019042969 0.65766156 1.7103325 0.69593734 7.6211405 1.6727716 11.770156 -0.3080720007419586 0.4197596609592438
Pedestrian 0.0 0 -1.0900919437408447 908.153076171875 185.15646362304688 966.86865234375 278.2549133300781 0.7344114 1.677758 0.76023823 6.149533 1.9201233 13.665123 -0.6672242283821106 0.3487984836101532
Pedestrian 0.0 0 -2.15647292137146 321.8346252441406 122.68939208984375 372.6611328125 224.2491912841797 0.69328284 1.8224409 0.6031989 -4.9284825 0.92261934 13.393073 -2.5090813636779785 0.33190473914146423
Pedestrian 0.0 0 0.9777279496192932 1026.53662109375 109.6168441772461 1105.2022705078125 246.4590301513672 0.6871514 1.8172184 0.6395841 6.2058415 0.977808 9.933483 1.5361400842666626 0.29106074571609497
Pedestrian 0.0 0 1.3277889490127563 816.3521118164062 158.21646118164062 848.5950317382812 212.87254333496094 1.5236644 1.7190262 0.65069795 7.1742105 1.259009 23.469027 1.6244562864303589 0.25964003801345825
Pedestrian 0.0 0 0.8590244650840759 372.95452880859375 141.19342041015625 409.4151916503906 214.4170379638672 0.660881 1.7386575 0.54976183 -5.367303 0.9872513 17.53849 0.5620448589324951 0.2306538075208664
Pedestrian 0.0 0 -2.460343599319458 304.3194885253906 175.51954650878906 382.4950866699219 286.5869140625 0.92619914 1.6702554 0.6888634 -4.235799 1.714284 11.344554 -2.817690849304199 0.2181820571422577
Pedestrian 0.0 0 0.8055939674377441 394.8373107910156 172.7250213623047 435.4247741699219 251.5706787109375 0.63353276 1.7215534 0.60975266 -4.416622 1.7190952 16.175898 0.5390534400939941 0.2141236811876297
Pedestrian 0.0 0 0.865545392036438 187.9320526123047 109.95879364013672 279.4930419921875 270.0135803222656 0.76373696 1.7748691 0.5927986 -4.4364104 1.0777737 8.415478 0.38039660453796387 0.20138201117515564
Pedestrian 0.0 0 2.633232831954956 544.422119140625 170.4307861328125 568.7097778320312 193.96548461914062 1.8263985 1.7983493 0.5768889 -4.159404 1.6135424 55.875217 2.558928966522217 0.14776267111301422
Cyclist 0.0 0 1.5605393648147583 484.5036926269531 174.4855499267578 497.8988952636719 215.73492431640625 1.8998392 1.6519452 0.5250916 -4.981751 1.7222552 29.951954 1.3957233428955078 0.7870756387710571
Cyclist 0.0 0 1.9799351692199707 493.87506103515625 172.2927703857422 516.3533935546875 205.2117156982422 1.7173691 1.8072653 0.6188215 -5.9139614 1.7768117 40.51969 1.835005760192871 0.5075057744979858
Cyclist 0.0 0 2.633232831954956 544.422119140625 170.4307861328125 568.7097778320312 193.96548461914062 1.8263985 1.7983493 0.5768889 -4.159404 1.6135424 55.875217 2.558928966522217 0.25817644596099854
Cyclist 0.0 0 1.3277889490127563 816.3521118164062 158.21646118164062 848.5950317382812 212.87254333496094 1.5236644 1.7190262 0.65069795 7.1742105 1.259009 23.469027 1.6244562864303589 0.20177488029003143
Car 0.0 0 -2.143524408340454 504.791259765625 176.11338806152344 555.9368286132812 205.99917602539062 2.7082112 1.5195609 1.4808482 -4.3100586 1.7008481 38.532593 -2.254916191101074 0.4175378680229187
Car 0.0 0 -1.7106430530548096 675.6638793945312 175.230712890625 718.9346313476562 210.9561309814453 3.489543 1.5866061 1.5446969 4.027672 1.7048924 34.037308 -1.5928596258163452 0.21204090118408203
