Pedestrian 0.0 0 2.349200963973999 939.138427734375 104.20577239990234 1035.003173828125 259.8162841796875 0.91105807 1.7663814 0.5226285 4.4223976 0.9874928 8.577712 2.825225591659546 0.49701809883117676
Pedestrian 0.0 0 1.3098329305648804 842.50390625 135.39414978027344 891.7042236328125 239.91098022460938 0.9030944 1.8302093 0.6264658 4.603161 1.1746022 13.106451 1.6475882530212402 0.15032945573329926
Cyclist 0.0 0 2.0097033977508545 300.8753356933594 184.25753784179688 325.7792053222656 218.5019989013672 1.5918876 1.7561847 0.60683453 -15.79208 2.3754742 38.349335 1.619070053100586 0.40040668845176697
Cyclist 0.0 0 1.0816929340362549 864.127685546875 171.74595642089844 884.1483764648438 196.00120544433594 1.7879627 1.7833954 0.63977104 19.722834 1.7022825 53.97881 1.4320039749145508 0.21087417006492615
Cyclist 0.0 0 -2.4200258255004883 253.3392791748047 169.67340087890625 292.45440673828125 214.3522491455078 1.5997012 1.9654354 0.5782605 -15.102178 1.8258785 32.239223 -2.8581089973449707 0.14886537194252014
Car 0.0 0 -1.5740512609481812 569.33447265625 178.85008239746094 620.0734252929688 228.47825622558594 3.287198 1.6244758 1.6903813 -0.5976523 1.8521278 25.683168 -1.5973172187805176 0.9673861861228943
Car 0.0 0 1.9805200099945068 154.34300231933594 202.64889526367188 324.3716735839844 298.0243225097656 3.6919138 1.453894 1.5843166 -7.053818 2.1129541 14.06207 1.5155770778656006 0.9463819861412048
Car 0.0 0 1.7481499910354614 440.2865295410156 185.8449249267578 519.4007568359375 241.7060089111328 4.3600326 1.507388 1.6933922 -4.015397 1.9551318 22.664099 1.5727996826171875 0.9388337135314941
Car 0.0 0 -2.3140666484832764 1131.7200927734375 170.13006591796875 1242.0 213.3232879638672 3.551287 1.5368131 1.5878141 21.996197 1.4402537 27.495373 -1.6393280029296875 0.5546719431877136
Car 0.0 0 -1.90873384475708 816.4569702148438 159.41966247558594 852.9760131835938 180.29396057128906 3.89078 1.6657797 1.6771559 18.475752 0.59407014 59.551483 -1.6079015731811523 0.19133765995502472
