Pedestrian 0.0 0 0.38078612089157104 132.94598388671875 184.41339111328125 156.52267456054688 214.8884735107422 1.1327798 1.9338753 0.6076691 -30.010439 2.68573 46.49921 -0.19234627485275269 0.2030971199274063
Pedestrian 0.0 0 2.990837574005127 604.8883666992188 170.6917724609375 618.1882934570312 197.7178192138672 0.8135403 1.8061172 0.60262924 0.07119874 1.6619765 48.575226 2.9923033714294434 0.19376523792743683
Pedestrian 0.0 0 0.21252599358558655 634.6221923828125 168.26458740234375 647.6729125976562 187.9508514404297 1.1334349 1.8381009 0.5553706 2.9087017 1.4099454 67.778885 0.2554142475128174 0.18313190340995789
Cyclist 0.0 0 2.1544606685638428 267.91131591796875 183.2624053955078 287.2221374511719 204.69769287109375 1.7752064 1.8081564 0.6551447 -28.894434 2.7262352 62.689117 1.7225658893585205 0.3767094314098358
Car 0.0 0 2.4618313312530518 342.9366455078125 179.21148681640625 411.7201843261719 203.91311645507812 4.413216 1.583546 1.7240095 -16.012213 2.0428305 49.76445 2.1505327224731445 0.6747633814811707
Car 0.0 0 2.885861873626709 480.0736999511719 177.18865966796875 537.3963623046875 197.67172241210938 4.2825413 1.5847132 1.693065 -8.178025 1.9438128 58.106552 2.7460384368896484 0.5307222604751587
Car 0.0 0 1.832563877105713 207.26190185546875 180.42010498046875 250.62281799316406 206.16493225097656 3.8390775 1.6006765 1.619283 -25.381035 2.1271172 48.115612 1.3471581935882568 0.30021965503692627
Car 0.0 0 2.967310667037964 427.9161376953125 177.47906494140625 478.7649841308594 195.20289611816406 4.097113 1.4809266 1.5854295 -13.6087055 1.8921355 62.583096 2.7531938552856445 0.2574264407157898
Car 0.0 0 1.9925999641418457 156.4736785888672 185.6681365966797 208.60569763183594 212.46347045898438 4.365562 1.8268908 1.6945183 -31.713392 2.8197784 53.62064 1.4584983587265015 0.20438508689403534
Car 0.0 0 1.733136773109436 454.013671875 177.87889099121094 491.1893310546875 204.08905029296875 4.265238 1.5651941 1.6647595 -8.748474 1.9013602 46.06392 1.5454517602920532 0.17004677653312683
