Car 0.0 0 2.156015634536743 9.632364273071289 188.49464416503906 113.58213806152344 229.1731719970703 3.5570617 1.4764937 1.6889286 -22.27275 2.154277 29.42037 1.5080164670944214 0.9175600409507751
Car 0.0 0 2.001307487487793 224.44912719726562 180.57752990722656 272.4117431640625 205.83348083496094 3.1740036 1.5034575 1.5222002 -22.803913 2.0086453 45.547062 1.5371264219284058 0.752935528755188
Car 0.0 0 2.0670337677001953 166.9022216796875 181.6912841796875 236.23097229003906 210.12538146972656 4.041927 1.4473324 1.6164582 -22.595354 1.9628596 40.024334 1.553095817565918 0.722913920879364
Car 0.0 0 2.1127359867095947 106.16571807861328 183.60903930664062 183.4761505126953 216.88235473632812 3.5151842 1.469667 1.540901 -22.379038 2.0152714 34.79732 1.5412088632583618 0.7189881205558777
Car 0.0 0 1.972119688987732 260.53582763671875 182.99203491210938 304.17578125 204.07119750976562 3.5919056 1.3735402 1.5023098 -22.939657 2.1099877 50.57196 1.5462725162506104 0.6108571887016296
Car 0.0 0 1.936408519744873 294.8454284667969 182.1521453857422 334.9674377441406 202.41921997070312 3.9199338 1.4667572 1.5870649 -22.877514 2.2143667 56.007114 1.5486173629760742 0.4156566560268402
Car 0.0 0 1.6143431663513184 466.6126403808594 175.78579711914062 499.0086364746094 204.54141235351562 4.1072464 1.522367 1.627188 -7.175057 1.6971216 40.775494 1.4401613473892212 0.3310249447822571
Car 0.0 0 2.145883083343506 0.0 186.11199951171875 20.957172393798828 239.5334014892578 4.0035777 1.551548 1.6047815 -21.909868 2.0335357 24.103577 1.408124327659607 0.32811450958251953
Car 0.0 0 2.180464506149292 330.7428283691406 178.1917266845703 373.1634826660156 195.08407592773438 3.897189 1.396678 1.5371218 -22.522907 1.8789055 63.052883 1.8373839855194092 0.27057626843452454
Car 0.0 0 2.6450071334838867 755.6245727539062 181.48895263671875 845.3583374023438 214.28692626953125 3.9148965 1.5209471 1.7220494 9.297067 1.9610953 35.44445 2.9015281200408936 0.25991594791412354
