Pedestrian 0.0 0 -2.0449254512786865 1187.1053466796875 140.06607055664062 1232.6688232421875 204.5251007080078 0.9047872 1.8279421 0.6790497 17.376638 0.8984933 20.973824 -1.3530514240264893 0.25955474376678467
Pedestrian 0.0 0 -2.5334651470184326 104.43714141845703 129.8462371826172 150.010498046875 191.94984436035156 0.9148106 1.8367867 0.679239 -14.547279 0.5651401 21.685032 -3.124354362487793 0.17985358834266663
Cyclist 0.0 0 1.970752239227295 225.43035888671875 187.8576202392578 266.734375 244.00277709960938 2.0119212 1.8051032 0.52590674 -12.506202 2.3416693 24.762531 1.503076434135437 0.7604082822799683
Cyclist 0.0 0 1.7375597953796387 410.15899658203125 176.24317932128906 424.2796325683594 203.07554626464844 1.9221305 1.7949009 0.62743324 -13.245804 2.032409 49.4988 1.4760875701904297 0.6350951790809631
Cyclist 0.0 0 -1.5256469249725342 347.9293518066406 156.35614013671875 365.4098815917969 197.3859405517578 1.6542822 1.7276465 0.6431614 -11.0077 1.0333272 31.26393 -1.8641819953918457 0.17429043352603912
Cyclist 0.0 0 -3.0532779693603516 778.5863647460938 160.3717803955078 809.4970703125 192.1725616455078 1.5717347 1.6948165 0.610412 9.912827 1.0299366 38.9995 -2.804370641708374 0.17080871760845184
Car 0.0 0 -2.903846025466919 424.17822265625 184.41905212402344 493.46209716796875 213.41464233398438 3.3963966 1.508539 1.5685362 -8.181464 2.1481109 39.040684 -3.110419273376465 0.7804388403892517
Car 0.0 0 1.7634693384170532 501.65411376953125 174.9070587158203 532.8412475585938 197.11839294433594 3.9568315 1.5937539 1.5957102 -6.949179 1.754023 54.171215 1.635884404182434 0.33068206906318665
Car 0.0 0 -2.8846869468688965 443.5359802246094 182.4296875 509.6632995605469 207.97537231445312 3.740117 1.5237206 1.6176192 -8.264519 2.1297193 44.68805 -3.067558765411377 0.2899961769580841
Car 0.0 0 -1.3057951927185059 481.3660888671875 176.99655151367188 519.1360473632812 201.10987854003906 3.7031507 1.5392802 1.6051943 -7.3848777 1.8300612 48.651337 -1.456437110900879 0.22138656675815582
Car 0.0 0 -1.3139431476593018 330.6053161621094 181.48965454101562 375.9503479003906 209.33641052246094 3.7696917 1.4992088 1.5812923 -14.915596 2.0254812 41.99434 -1.655226230621338 0.21577933430671692
Car 0.0 0 -1.2078642845153809 367.82220458984375 178.35861206054688 412.9555969238281 202.4574737548828 4.0183487 1.543689 1.6251469 -14.949664 1.9352584 49.21718 -1.5027568340301514 0.16126927733421326
