Pedestrian 0.0 0 0.1969788670539856 288.3026123046875 176.43551635742188 326.8595275878906 297.1888122558594 0.43176493 1.7512128 0.5679466 -4.573307 1.8067999 10.802114 -0.20351162552833557 0.5432194471359253
Cyclist 0.0 0 -1.0741686820983887 283.2840270996094 176.2794647216797 335.92877197265625 295.3272705078125 0.5505603 1.7386515 0.53454185 -4.563522 1.7919698 10.852585 -1.4722224473953247 0.1573253720998764
Car 0.0 0 -1.711850643157959 661.2512817382812 178.9653778076172 736.3250732421875 235.96495056152344 4.1032515 1.4498804 1.5636638 2.4152374 1.6445377 20.866026 -1.5966136455535889 0.9545374512672424
Car 0.0 0 -2.052727699279785 778.045654296875 179.62062072753906 1242.0 375.0 3.7312949 1.4378306 1.5851063 2.428988 1.5039991 5.119696 -1.6097365617752075 0.9190812706947327
Car 0.0 0 -1.5685700178146362 529.144287109375 178.97642517089844 566.7938842773438 215.04135131835938 4.255914 1.5911584 1.6974744 -3.0246527 1.9051484 34.767254 -1.6553486585617065 0.8964671492576599
Car 0.0 0 -1.180588722229004 121.16278839111328 189.56092834472656 472.4532165527344 375.0 4.163055 1.5232217 1.6648587 -2.7467704 1.7426127 7.349341 -1.5382575988769531 0.8488086462020874
Car 0.0 0 -1.6404715776443481 625.879638671875 174.0022735595703 655.321533203125 201.58892822265625 4.4022307 1.8336031 1.7423117 2.0626945 1.9176599 50.36622 -1.5995404720306396 0.8238715529441833
Car 0.0 0 -1.7415797710418701 639.3444213867188 178.59112548828125 689.3161010742188 216.64691162109375 3.9571695 1.6209587 1.6445818 2.4102376 1.9031999 33.398735 -1.6695390939712524 0.803035318851471
Car 0.0 0 -0.8010057210922241 0.0 190.1471405029297 297.5848083496094 375.0 3.7380173 1.554407 1.6161394 -2.7743165 1.664163 2.665128 -1.6064746379852295 0.6930990815162659
Car 0.0 0 -1.3527390956878662 326.57257080078125 183.99073791503906 476.7616882324219 293.4373474121094 3.8525033 1.4824172 1.5946662 -3.3524888 1.7004399 12.134816 -1.6222858428955078 0.6322231292724609
