Pedestrian 0.0 0 -1.8967857360839844 856.4718017578125 145.3357696533203 905.8678588867188 244.64698791503906 0.75576645 1.708262 0.6073476 4.74443 1.235276 12.795052 -1.5417006015777588 0.6161304712295532
Pedestrian 0.0 0 -1.630516767501831 732.0452880859375 148.93360900878906 761.9669189453125 215.64813232421875 0.9479843 1.8282776 0.76840615 3.7947881 1.1731095 20.288883 -1.445615291595459 0.20669493079185486
Cyclist 0.0 0 -1.4426771402359009 702.1678466796875 167.9228973388672 715.2817993164062 197.4279022216797 1.8394246 1.7609456 0.5643405 5.9981837 1.4670008 44.022232 -1.3072575330734253 0.30531400442123413
Cyclist 0.0 0 1.8605749607086182 0.0 122.96366882324219 124.75414276123047 375.0 1.72253 1.7048695 0.63141656 -4.3755836 1.3853322 5.5406938 1.192135214805603 0.2964046895503998
Cyclist 0.0 0 1.9990999698638916 336.13433837890625 174.43194580078125 380.92633056640625 234.17774963378906 1.7619319 1.6816154 0.5679774 -7.429815 1.730442 21.25683 1.6628475189208984 0.18047116696834564
Cyclist 0.0 0 -1.630516767501831 732.0452880859375 148.93360900878906 761.9669189453125 215.64813232421875 0.9479843 1.8282776 0.76840615 3.7947881 1.1731095 20.288883 -1.445615291595459 0.11374858766794205
Car 0.0 0 1.84934663772583 426.796142578125 183.23854064941406 521.979736328125 240.07550048828125 4.3668995 1.4790117 1.6850986 -4.016035 1.8263532 21.851656 1.667588710784912 0.9485202431678772
Car 0.0 0 -1.565871238708496 701.8967895507812 176.49514770507812 761.1010131835938 230.89674377441406 3.9016259 1.6059376 1.7577311 3.9354312 1.7360867 23.645643 -1.400949239730835 0.9223845601081848
Car 0.0 0 1.9650496244430542 649.59228515625 171.58010864257812 686.5496826171875 191.72830200195312 4.099619 1.6730148 1.7312311 5.0151806 1.5675946 62.1293 2.0455965995788574 0.5799331665039062
Car 0.0 0 2.488030195236206 0.0 190.66604614257812 135.5583038330078 375.0 3.9087083 1.6219904 1.58939 -4.9353952 1.774143 4.1570754 1.6172397136688232 0.36120644211769104
Car 0.0 0 -1.6138440370559692 713.4204711914062 175.43515014648438 752.03125 208.81422424316406 3.7542708 1.4512212 1.6022161 5.6291265 1.5789155 33.631954 -1.4480068683624268 0.1809462606906891
