Pedestrian 0.0 0 -2.202277421951294 890.73828125 135.73216247558594 1042.3626708984375 362.5901794433594 0.85369366 1.647094 0.69824743 2.778681 1.323771 5.6086903 -1.7422970533370972 0.7142131924629211
Pedestrian 0.0 0 3.5897650718688965 174.1228790283203 138.1882781982422 311.7879638671875 316.51898193359375 1.0636139 1.7537272 0.72152185 -3.7668195 1.3393234 7.323169 3.11468768119812 0.6910393834114075
Pedestrian 0.0 0 -2.2812600135803223 1052.2679443359375 119.50232696533203 1224.0 358.2898864746094 0.9623054 1.7912543 0.699431 4.2940493 1.3353935 5.804463 -1.6443291902542114 0.5399062633514404
Pedestrian 0.0 0 -3.2168335914611816 1019.2591552734375 128.13760375976562 1176.85107421875 370.0 0.73103464 1.69942 0.7471316 2.9315126 1.4154456 4.358199 -2.6247048377990723 0.33325129747390747
Pedestrian 0.0 0 -3.6754846572875977 1105.8787841796875 134.4586944580078 1187.740478515625 245.09666442871094 0.90941364 1.7670848 0.55926627 8.842541 1.0333781 11.618511 -3.0249340534210205 0.18681710958480835
Pedestrian 0.0 0 -3.2712831497192383 770.052001953125 134.24522399902344 822.2584838867188 241.3894500732422 0.7912807 1.8094796 0.7076812 3.2777262 1.0299656 12.337986 -3.0116195678710938 0.1505863070487976
Pedestrian 0.0 0 1.2468998432159424 837.6805419921875 171.029296875 872.7914428710938 238.74826049804688 0.7116133 1.6734833 0.63967276 6.265141 1.441038 17.828016 1.584840178489685 0.13985735177993774
Pedestrian 0.0 0 -0.42443132400512695 1044.832763671875 139.5508575439453 1112.5089111328125 247.3758544921875 0.7661761 1.7266442 0.5521815 7.747774 1.0725639 11.65167 0.16238164901733398 0.12437694519758224
Pedestrian 0.0 0 0.06851761788129807 664.7174072265625 151.5210418701172 682.51416015625 185.09873962402344 0.9607248 1.8744569 0.58772284 3.8601837 0.25811368 39.834484 0.16512155532836914 0.1130574569106102
Pedestrian 0.0 0 -0.1858452409505844 600.632080078125 154.0360107421875 656.444580078125 225.38900756835938 1.3153199 1.7559929 0.59511864 0.54750925 1.1063132 17.791037 -0.15508051216602325 0.10280868411064148
Cyclist 0.0 0 -2.2681984901428223 1055.4066162109375 109.26207733154297 1222.7030029296875 348.87451171875 1.0190029 1.7949352 0.57288706 4.2872267 1.2630031 5.817876 -1.633130431175232 0.28280022740364075
Cyclist 0.0 0 -1.7047102451324463 975.9561157226562 156.62570190429688 1026.1168212890625 263.85919189453125 1.504193 1.6558139 0.5204657 6.487261 1.2888242 11.707952 -1.1987321376800537 0.18374361097812653
Cyclist 0.0 0 2.944058418273926 575.457763671875 153.21559143066406 645.0355224609375 224.66549682617188 1.6622108 1.7480748 0.58827275 0.08789917 1.0821401 17.74127 2.9490129947662354 0.1203821524977684
Cyclist 0.0 0 -1.747297763824463 861.5921020507812 173.7822265625 920.1859741210938 297.25445556640625 1.8151873 1.7036422 0.49696815 4.238808 1.6126211 10.689658 -1.3697832822799683 0.11445262283086777
