Car 0.0 0 -3.5458312034606934 840.7221069335938 189.1024627685547 1124.545654296875 283.447998046875 4.13614 1.4965441 1.6078154 6.317733 1.8033334 12.682518 -3.0836687088012695 0.9341762065887451
Car 0.0 0 3.5966451168060303 0.0 175.8743438720703 299.94464111328125 300.7797546386719 3.6288333 1.5432009 1.6153058 -6.486067 1.5896297 9.982221 3.020437240600586 0.9302928447723389
Car 0.0 0 -2.117975950241089 836.3196411132812 197.19737243652344 1242.0 375.0 3.3563244 1.4344413 1.5129145 2.9374948 1.670394 5.273911 -1.6097849607467651 0.9275348782539368
Car 0.0 0 3.372084617614746 381.0872497558594 176.35980224609375 495.931396484375 217.94773864746094 4.185838 1.6007768 1.6441923 -6.806988 1.7447866 28.736069 3.1394922733306885 0.8981621265411377
Car 0.0 0 3.4779443740844727 257.09649658203125 159.0553436279297 441.9097595214844 238.49591064453125 4.289731 2.0135176 1.7212118 -6.854835 1.664132 19.161533 3.1343915462493896 0.8824840188026428
Car 0.0 0 -0.28779318928718567 819.5209350585938 177.8802490234375 1037.5401611328125 259.9609375 3.883549 1.5947186 1.6549399 6.4988527 1.7082171 15.191523 0.11644220352172852 0.8706125617027283
Car 0.0 0 3.2293081283569336 419.88494873046875 171.6063995361328 521.0706176757812 211.5883026123047 4.5162945 1.8116615 1.7859367 -6.4991083 1.7554877 33.81026 3.0394015312194824 0.7894482016563416
Car 0.0 0 3.937795877456665 0.0 214.8647003173828 137.58665466308594 375.0 4.155691 1.5222113 1.6452963 -6.0368886 1.8756043 5.085614 3.0670783519744873 0.6700831651687622
Car 0.0 0 2.8137283325195312 729.033203125 171.5443115234375 884.6066284179688 228.0515899658203 4.4720016 1.7261409 1.7417475 6.166459 1.6864917 23.055819 3.0750691890716553 0.5771021246910095
Car 0.0 0 3.4550299644470215 304.159423828125 180.30970764160156 441.5477600097656 234.64080810546875 3.600822 1.5524224 1.5832704 -7.0806394 1.784544 21.62963 3.1386666297912598 0.502391517162323
