Pedestrian 0.0 0 -3.0546646118164062 950.265380859375 140.0290069580078 1015.3509521484375 208.6323699951172 1.6155407 1.9125959 0.53193957 10.944257 0.75757396 20.685604 -2.5680277347564697 0.23018692433834076
Pedestrian 0.0 0 -2.1863441467285156 138.754638671875 159.9432830810547 167.2102813720703 198.82862854003906 1.1704136 1.8083626 0.5671573 -21.169504 0.80678964 33.891308 -2.7446768283843994 0.15075238049030304
Pedestrian 0.0 0 -0.507574737071991 934.6196899414062 152.7422637939453 992.9764404296875 219.36532592773438 1.284617 1.8156971 0.6637126 10.013349 1.0331115 19.932938 -0.0420474074780941 0.1394301801919937
Pedestrian 0.0 0 -2.681469678878784 243.99920654296875 166.22137451171875 270.8089599609375 201.96200561523438 1.1427412 1.8473715 0.5309749 -17.913673 1.0585043 37.400017 -3.1281561851501465 0.13561759889125824
Pedestrian 0.0 0 -2.0555777549743652 1085.916259765625 136.51417541503906 1123.286376953125 207.22926330566406 0.74752206 1.8346791 0.52147 13.294455 0.66871023 19.03766 -1.4459775686264038 0.12540201842784882
Pedestrian 0.0 0 2.388824939727783 0.0 155.37664794921875 75.82377624511719 271.51617431640625 0.93059844 1.7371039 0.6765731 -8.979936 1.3476827 11.2506895 1.7152022123336792 0.10365401953458786
Cyclist 0.0 0 -3.0546646118164062 950.265380859375 140.0290069580078 1015.3509521484375 208.6323699951172 1.6155407 1.9125959 0.53193957 10.944257 0.75757396 20.685604 -2.5680277347564697 0.41252246499061584
Cyclist 0.0 0 -0.8654772043228149 384.1494445800781 159.87916564941406 420.6877136230469 205.88829040527344 1.5851268 1.727871 0.44189247 -7.702379 0.9169325 27.786304 -1.1358880996704102 0.19622720777988434
Cyclist 0.0 0 -1.0305049419403076 366.9126281738281 180.83009338378906 396.5135803222656 225.66954040527344 1.4437325 1.730054 0.44454813 -8.713257 1.7052256 28.467278 -1.3275301456451416 0.16507506370544434
Cyclist 0.0 0 -1.691519856452942 948.419189453125 151.9058074951172 985.063720703125 219.84901428222656 1.165024 1.821128 0.76789373 10.08856 1.0290574 19.929918 -1.2229231595993042 0.14673639833927155
Cyclist 0.0 0 -1.1593897342681885 406.5164794921875 176.5621795654297 428.20452880859375 210.60293579101562 1.54044 1.6746751 0.4831764 -9.25675 1.4326425 36.135677 -1.4101636409759521 0.14448182284832
Car 0.0 0 1.7521049976348877 532.0542602539062 174.5723114013672 565.783447265625 198.16921997070312 3.8398933 1.5447851 1.6315736 -3.5297093 1.0919502 49.02115 1.6802252531051636 0.6800422072410583
Car 0.0 0 -1.6521323919296265 661.0755004882812 174.9401092529297 681.6787109375 191.3235626220703 3.7958367 1.4955933 1.6185144 6.5819106 0.89713615 67.482445 -1.554904818534851 0.12399838864803314
Car 0.0 0 0.17225423455238342 240.21751403808594 182.27220153808594 321.5631103515625 209.81930541992188 3.9490716 1.4940369 1.6271935 -17.912142 1.5395075 40.296883 -0.24602016806602478 0.12002358585596085
Car 0.0 0 -2.231034755706787 399.4071960449219 166.21876525878906 444.91192626953125 186.56417846679688 4.0698295 1.7197648 1.7134554 -15.622857 0.42852375 62.648197 -2.4754245281219482 0.11573788523674011
Car 0.0 0 1.7590675354003906 497.07611083984375 174.1723175048828 528.35595703125 196.92698669433594 3.8596103 1.6346681 1.6236765 -6.5589366 1.1088682 53.581158 1.637262225151062 0.11245515197515488
Car 0.0 0 1.336362600326538 645.8778076171875 170.34231567382812 680.7698364257812 193.7542724609375 3.966741 1.6507164 1.6690763 4.515671 0.86464524 52.73063 1.4217907190322876 0.10798533260822296
