Pedestrian 0.0 0 0.024707727134227753 601.0049438476562 171.4321746826172 619.8709716796875 198.7507781982422 1.3116499 1.9068506 0.5694892 0.005354273 1.8079631 50.66181 0.024813413619995117 0.47922107577323914
Pedestrian 0.0 0 -1.9309868812561035 923.1906127929688 118.02452850341797 1011.4913940429688 259.02227783203125 1.1899735 1.7267768 0.65228724 4.5923877 1.0556469 9.456219 -1.4788872003555298 0.224147230386734
Pedestrian 0.0 0 1.9339227676391602 353.4389953613281 132.958251953125 407.7496032714844 249.16128540039062 0.7341797 1.7854239 0.6031382 -3.6859329 1.1727958 11.465751 1.622883915901184 0.1850031167268753
Pedestrian 0.0 0 1.2314919233322144 610.8319702148438 167.64956665039062 623.5889892578125 196.01718139648438 0.7703652 1.81654 0.60226333 0.43263903 1.4836285 46.663437 1.2407631874084473 0.18155282735824585
Pedestrian 0.0 0 1.3469274044036865 696.5707397460938 170.14247131347656 729.20703125 238.29795837402344 0.87545437 1.8002076 0.6947513 2.7269108 1.7289457 19.521072 1.485719919204712 0.13665184378623962
Pedestrian 0.0 0 1.4383436441421509 607.0076293945312 183.6888885498047 622.08251953125 214.66134643554688 1.69303 1.7048461 0.64040154 0.21657635 2.3372848 41.209713 1.4435991048812866 0.13393694162368774
Cyclist 0.0 0 1.376527190208435 607.3065185546875 183.30502319335938 623.02099609375 215.15573120117188 1.5013878 1.7586601 0.6158712 0.2524298 2.3666677 41.15428 1.3826608657836914 0.20845943689346313
Cyclist 0.0 0 -1.9371922016143799 921.443359375 116.95912170410156 1015.1447143554688 261.39727783203125 1.2947854 1.7544503 0.669686 4.5888667 1.0758685 9.435409 -1.484527826309204 0.1788426637649536
Cyclist 0.0 0 1.2841427326202393 603.0512084960938 172.1620635986328 614.7409057617188 199.0618438720703 0.89306176 1.8716131 0.59245455 -0.10925149 1.8238271 50.712276 1.2819883823394775 0.14685837924480438
Car 0.0 0 1.5856809616088867 463.7384948730469 187.50270080566406 522.44921875 243.2114715576172 4.3567038 1.4126902 1.5750543 -3.5372932 1.9009187 21.75797 1.4245163202285767 0.9381019473075867
Car 0.0 0 -1.8795040845870972 563.9203491210938 181.44683837890625 592.58837890625 200.09019470214844 3.4432292 1.6413231 1.697698 -3.001298 2.464601 67.18867 -1.9241441488265991 0.2846386730670929
Car 0.0 0 1.4654325246810913 586.09033203125 182.3263702392578 621.6337280273438 211.01158142089844 3.991761 1.5668205 1.6916786 -0.44473958 2.1572235 42.86254 1.45505690574646 0.13473427295684814
