Pedestrian 0.0 0 0.25987064838409424 543.1852416992188 171.94398498535156 570.08544921875 217.5369415283203 0.9337621 1.7717979 0.6034371 -2.1406527 1.7367916 28.41942 0.18468904495239258 0.4308304786682129
Pedestrian 0.0 0 0.4209486246109009 553.4883422851562 166.99610900878906 578.0389404296875 212.63815307617188 0.81707346 1.808429 0.58687586 -1.8182619 1.576686 29.004107 0.3583407402038574 0.1478489190340042
Pedestrian 0.0 0 -0.825783371925354 1106.6741943359375 65.13046264648438 1242.0 299.014892578125 0.74524516 1.8103992 0.6481747 4.649133 0.97691536 5.962802 -0.1635502576828003 0.1161661297082901
Cyclist 0.0 0 -3.0159313678741455 561.1534423828125 172.50259399414062 601.5486450195312 211.44021606445312 1.7719811 1.7407486 0.5256536 -1.3288782 1.7253964 32.591396 -3.056682586669922 0.8345138430595398
Cyclist 0.0 0 2.5140960216522217 881.0845336914062 159.65867614746094 924.1560668945312 198.2643280029297 1.8362976 1.7682945 0.6326723 13.575482 1.1642531 33.574757 2.8983347415924072 0.8126574754714966
Cyclist 0.0 0 0.2724701166152954 541.6435546875 171.7595977783203 570.2479248046875 217.822265625 1.0010555 1.7892754 0.59424615 -2.167503 1.7471216 28.41398 0.1963346004486084 0.12919117510318756
Cyclist 0.0 0 2.009793758392334 277.10150146484375 139.50491333007812 315.3656921386719 194.2815704345703 1.5393771 1.8010459 0.5956332 -10.679472 0.70489264 24.498974 1.5987143516540527 0.10823167860507965
Car 0.0 0 1.941478967666626 451.0918884277344 174.39276123046875 551.9248046875 226.01365661621094 4.2986073 1.4140155 1.605401 -3.246642 1.4665135 22.17173 1.7960807085037231 0.9053682684898376
Car 0.0 0 1.8463629484176636 262.3507385253906 141.1172332763672 439.44232177734375 264.55560302734375 4.2329326 1.8238695 1.8296587 -4.3917294 1.3552992 12.821475 1.5163590908050537 0.1519218236207962
Car 0.0 0 -1.6504098176956177 655.5167236328125 174.73121643066406 683.7301635742188 197.7694854736328 3.8495657 1.506301 1.6173083 4.0160947 1.6402328 49.41308 -1.5693120956420898 0.10230226069688797
