Pedestrian 0.0 0 -2.2177460193634033 921.0940551757812 156.92483520507812 1022.873291015625 297.8719482421875 0.78362375 1.6311321 0.79849225 4.3434434 1.4471471 8.807133 -1.7595746517181396 0.727394163608551
Car 0.0 0 -1.368760347366333 406.6673583984375 190.44459533691406 534.8688354492188 283.5743713378906 3.60132 1.3467308 1.5420474 -2.3893392 1.7066888 12.93223 -1.5514585971832275 0.9622299075126648
Car 0.0 0 0.9601812362670898 354.25244140625 175.97645568847656 474.2524108886719 225.84034729003906 4.276508 1.4919256 1.6645161 -6.5738807 1.6041398 23.840855 0.6911270618438721 0.9177430272102356
Car 0.0 0 -1.6528126001358032 572.7054443359375 179.37342834472656 627.109130859375 221.536376953125 3.5324244 1.4029857 1.6925325 -0.47634766 1.6587112 26.418163 -1.6708416938781738 0.9112327098846436
Car 0.0 0 2.2805750370025635 0.0 178.2814178466797 126.4323501586914 241.2291259765625 3.666097 1.4892122 1.6658175 -15.073406 1.6485165 19.258852 1.6164883375167847 0.9055275321006775
Car 0.0 0 1.2448747158050537 188.96022033691406 182.20962524414062 354.75311279296875 276.02435302734375 3.9716015 1.4454023 1.5869296 -6.471238 1.6462322 13.483138 0.7973949909210205 0.8690798282623291
Car 0.0 0 -2.1980690956115723 854.7931518554688 199.18162536621094 1242.0 375.0 3.837765 1.4197261 1.5896887 2.7461975 1.6336421 3.9186878 -1.5868096351623535 0.8499060869216919
Car 0.0 0 -1.6902920007705688 647.6036376953125 180.61753845214844 700.6613159179688 222.91004943847656 3.6835663 1.4807322 1.5939698 2.3629024 1.8004916 27.813808 -1.6055412292480469 0.8457329869270325
Car 0.0 0 -1.437843680381775 470.6274108886719 180.6248779296875 556.2116088867188 249.30039978027344 3.757871 1.4940083 1.6232322 -2.3475015 1.7085338 18.001421 -1.5675183534622192 0.8032140135765076
Car 0.0 0 1.8079273700714111 339.1588134765625 176.1903839111328 380.13348388671875 201.2774200439453 3.7906017 1.4753985 1.5639542 -15.562054 1.6925273 44.91532 1.474395990371704 0.7327567338943481
Car 0.0 0 -1.625651240348816 569.1279296875 176.90087890625 604.1908569335938 209.1558380126953 3.585249 1.5752127 1.620799 -1.2935779 1.7966583 37.55838 -1.6600794792175293 0.6807581186294556
