Pedestrian 0.0 0 -3.5435233116149902 1029.0008544921875 147.5150604248047 1177.350830078125 348.1570129394531 0.920497 1.727977 0.7029952 4.465472 1.4044212 6.6198597 -2.950078010559082 0.15451495349407196
Cyclist 0.0 0 -1.6243716478347778 660.603515625 182.91168212890625 672.7056884765625 229.628662109375 1.5624083 1.5838313 0.33485946 2.0143263 1.5068507 25.152721 -1.5444583892822266 0.44729289412498474
Cyclist 0.0 0 -2.9704079627990723 532.9579467773438 169.32485961914062 564.1288452148438 200.1026611328125 1.733298 1.7635474 0.5091994 -3.4436076 0.8541443 41.516342 -3.05316424369812 0.1932041347026825
Car 0.0 0 -1.5762518644332886 580.9940795898438 175.74868774414062 620.7517700195312 212.27235412597656 3.9776857 1.6313779 1.7766198 -0.3746436 1.2096531 34.10805 -1.587235450744629 0.9277949333190918
Car 0.0 0 -0.9405608773231506 0.0 185.47605895996094 187.02369689941406 262.05133056640625 3.7910469 1.4800088 1.5998551 -11.2278805 1.4875573 15.808377 -1.5581321716308594 0.8484784960746765
Car 0.0 0 -0.9035429358482361 0.0 198.10165405273438 136.97232055664062 371.5501403808594 3.7878761 1.5259725 1.6030852 -7.607911 1.7151382 8.547292 -1.6308592557907104 0.7230156064033508
Car 0.0 0 -1.4284030199050903 632.4716186523438 172.34320068359375 664.9154052734375 197.2306671142578 3.7759573 1.5405612 1.577117 2.663091 0.7448714 46.501057 -1.3711960315704346 0.3350116014480591
Car 0.0 0 -1.2737716436386108 429.7756042480469 178.1742401123047 483.0990295410156 208.45132446289062 3.80442 1.4333682 1.567962 -7.5414705 1.101145 35.993347 -1.480307936668396 0.16710583865642548
Car 0.0 0 -1.3704522848129272 533.7135009765625 175.10113525390625 571.162109375 201.9513397216797 3.249468 1.5311083 1.6050265 -3.273238 0.9554659 42.69974 -1.4469597339630127 0.16608448326587677
Car 0.0 0 -0.9845155477523804 193.10372924804688 187.227294921875 368.75909423828125 263.3577575683594 4.075395 1.4761415 1.5931039 -7.18078 1.5285851 16.190372 -1.4019689559936523 0.1372375637292862
