Pedestrian 0.0 0 -2.5391759872436523 138.3497772216797 175.87863159179688 183.82345581054688 231.0819549560547 0.9882354 1.8394651 0.8831189 -15.310002 1.9447057 24.554125 -3.096710681915283 0.1711699366569519
Pedestrian 0.0 0 -1.9408711194992065 843.7240600585938 163.84280395507812 888.2156982421875 235.3089599609375 1.0293525 1.8047978 0.7665218 6.5872164 1.5775882 18.745615 -1.6029492616653442 0.16336935758590698
Pedestrian 0.0 0 -3.4293293952941895 1188.150390625 172.38177490234375 1242.0 262.0021667480469 0.9653782 1.8541315 0.9883854 13.19033 1.8447198 15.571824 -2.7265422344207764 0.1618453413248062
Pedestrian 0.0 0 -1.8474818468093872 825.7113037109375 152.90293884277344 869.3584594726562 226.7276153564453 1.7256922 1.7537712 0.57905936 5.8550353 1.2801738 18.01115 -1.5331790447235107 0.15226712822914124
Pedestrian 0.0 0 2.477896213531494 1126.97509765625 141.62252807617188 1215.663330078125 248.0876922607422 1.0378754 1.8290751 0.67909056 9.837307 1.2928752 12.735954 3.135582685470581 0.1396460086107254
Pedestrian 0.0 0 -1.1612366437911987 287.5917663574219 194.4049072265625 310.89385986328125 240.1111297607422 0.7807353 1.628178 0.51791006 -11.4344225 2.430589 26.459677 -1.5691437721252441 0.13360626995563507
Pedestrian 0.0 0 -0.8284457921981812 1058.480712890625 163.73370361328125 1155.781982421875 283.4765625 1.1477959 1.8575251 0.70688146 7.9715605 1.7164032 11.664661 -0.22895196080207825 0.12969206273555756
Cyclist 0.0 0 -1.8474818468093872 825.7113037109375 152.90293884277344 869.3584594726562 226.7276153564453 1.7256922 1.7537712 0.57905936 5.8550353 1.2801738 18.01115 -1.5331790447235107 0.3037357032299042
Cyclist 0.0 0 -1.8568488359451294 0.0 151.14898681640625 52.981346130371094 266.4317321777344 1.6832361 1.7560426 0.72800434 -9.909056 1.4257791 11.755974 -2.557203769683838 0.13243930041790009
Car 0.0 0 1.723248839378357 488.0126037597656 182.65475463867188 548.6332397460938 225.99989318847656 4.00286 1.4908882 1.7227608 -3.4866729 1.8957798 27.754885 1.5982797145843506 0.9322475790977478
Car 0.0 0 1.3384441137313843 1095.19775390625 170.9755096435547 1151.9072265625 201.62942504882812 3.9684823 1.5665828 1.6189226 27.650383 1.4709401 39.014774 1.9549956321716309 0.19727732241153717
Car 0.0 0 0.8117541670799255 615.452392578125 182.87071228027344 666.5322265625 203.8038330078125 4.07776 1.5239426 1.6445659 2.370311 2.3387864 56.590435 0.8536150455474854 0.18886436522006989
