Pedestrian 0.0 0 -2.845111846923828 501.09307861328125 168.1433868408203 536.8726196289062 229.62599182128906 0.7913804 1.6788974 0.8173311 -2.3281107 1.3153267 20.086111 -2.960503339767456 0.6624870300292969
Pedestrian 0.0 0 -1.7022271156311035 11.914341926574707 161.55946350097656 124.12040710449219 374.0 0.66979396 1.7537605 0.6803285 -4.583264 1.5989738 6.100894 -2.346524238586426 0.48573970794677734
Pedestrian 0.0 0 -1.005558729171753 36.14509582519531 144.22315979003906 149.5247039794922 340.14105224609375 0.72333956 1.7674755 0.5890399 -4.8751464 1.4325615 6.85461 -1.6237763166427612 0.37402287125587463
Pedestrian 0.0 0 -1.669471025466919 654.9046020507812 167.0181884765625 674.823486328125 208.84274291992188 1.231328 1.678955 0.69293046 2.5755692 1.098614 29.452955 -1.5822460651397705 0.3046689033508301
Pedestrian 0.0 0 1.3603367805480957 676.3786010742188 182.34555053710938 703.23291015625 237.47781372070312 1.1257613 1.5777079 0.55895644 2.5641491 1.6044245 21.157213 1.4809435606002808 0.22484739124774933
Pedestrian 0.0 0 0.20225568115711212 265.5670471191406 193.783935546875 394.12548828125 374.0 0.8372054 1.6617045 0.9153771 -2.267703 1.7743087 5.983014 -0.16003777086734772 0.18391287326812744
Pedestrian 0.0 0 1.8551967144012451 288.98760986328125 195.7525634765625 375.1786804199219 374.0 0.834259 1.6639124 0.5779887 -2.6456172 1.8127288 6.990863 1.4934141635894775 0.1797129511833191
Pedestrian 0.0 0 0.8904950022697449 0.0 150.01048278808594 63.546627044677734 292.9452819824219 0.6697146 1.7515606 0.6322659 -7.4933167 1.3670197 9.17794 0.20580458641052246 0.16017228364944458
Pedestrian 0.0 0 2.3020637035369873 161.6892852783203 172.69329833984375 241.6881103515625 301.0384216308594 0.7236294 1.6660886 0.62640196 -5.4536333 1.5530969 9.743993 1.7918100357055664 0.15307150781154633
Pedestrian 0.0 0 -1.5916264057159424 739.8765258789062 181.1748809814453 770.0226440429688 261.1211853027344 0.92617357 1.782101 0.655285 3.4857628 1.7760718 16.525894 -1.3837461471557617 0.1306784301996231
Pedestrian 0.0 0 -0.7136808633804321 699.5361938476562 169.12815856933594 718.4789428710938 205.7834014892578 0.65153575 1.716582 0.60454285 5.090804 1.1381216 34.0671 -0.5653439164161682 0.1288609802722931
Pedestrian 0.0 0 -1.1669398546218872 768.825439453125 181.7862091064453 817.8577880859375 273.1075439453125 0.633877 1.6822482 0.7128836 3.6224647 1.6891443 13.701912 -0.908476710319519 0.12119704484939575
Pedestrian 0.0 0 -0.42032212018966675 685.2655639648438 178.62503051757812 718.5343017578125 241.08489990234375 0.72791106 1.6877896 0.5944585 2.7337005 1.6112623 19.795284 -0.28309154510498047 0.12049266695976257
Cyclist 0.0 0 1.3603365421295166 675.6594848632812 182.6773223876953 703.9383544921875 237.89337158203125 1.252621 1.5744576 0.5739481 2.5621977 1.6113217 21.157307 1.4808518886566162 0.2022448629140854
Cyclist 0.0 0 -1.669471025466919 654.9046020507812 167.0181884765625 674.823486328125 208.84274291992188 1.231328 1.678955 0.69293046 2.5755692 1.098614 29.452955 -1.5822460651397705 0.19738616049289703
Cyclist 0.0 0 -1.5916264057159424 739.8765258789062 181.1748809814453 770.0226440429688 261.1211853027344 0.92617357 1.782101 0.655285 3.4857628 1.7760718 16.525894 -1.3837461471557617 0.1295156478881836
Car 0.0 0 -2.3005740642547607 963.4226684570312 97.68026733398438 1238.0 374.0 3.5658138 1.5669235 1.5639504 3.082391 1.4247141 3.0553148 -1.510764479637146 0.6793391108512878
Car 0.0 0 3.0065877437591553 440.3555603027344 171.49240112304688 511.0673828125 198.74952697753906 3.9263725 1.556736 1.634895 -7.4281034 0.9859649 42.398476 2.833150625228882 0.19972406327724457
