Pedestrian 0.0 0 -0.9537155628204346 771.8416137695312 165.6085205078125 812.6819458007812 234.07183837890625 0.83220875 1.7499882 0.68714315 4.745104 1.5651449 18.972105 -0.7086338400840759 0.8054531812667847
Pedestrian 0.0 0 -1.3188631534576416 1179.3165283203125 136.3102264404297 1242.0 301.5911560058594 0.4275992 1.8378367 0.5783699 6.9887047 1.4318471 8.37998 -0.6237455010414124 0.3633400797843933
Cyclist 0.0 0 1.6643342971801758 519.4930419921875 174.53836059570312 539.0841674804688 219.49411010742188 1.9246324 1.8052886 0.6358704 -3.3859124 1.877975 30.01272 1.5519933700561523 0.9037196636199951
Cyclist 0.0 0 1.6320438385009766 504.8743591308594 172.92234802246094 525.6661987304688 226.3524932861328 1.5712124 1.6664804 0.57410747 -3.0944552 1.6691228 23.307922 1.5000516176223755 0.8120443224906921
Car 0.0 0 -1.7490253448486328 673.1843872070312 179.317626953125 748.3463134765625 238.000244140625 3.2575328 1.5639287 1.622207 2.8393326 1.7696412 21.25716 -1.6162406206130981 0.918647825717926
Car 0.0 0 2.0523180961608887 27.26326560974121 188.72015380859375 317.1365661621094 332.638427734375 4.0150414 1.4386237 1.5770186 -5.528548 1.6969528 9.693724 1.534006118774414 0.7456693053245544
Car 0.0 0 -0.5682481527328491 883.8090209960938 111.05398559570312 1242.0 375.0 3.71325 1.5331103 1.5835427 3.4693105 1.3082484 3.7379646 0.17989182472229004 0.6763232350349426
Car 0.0 0 -1.734174370765686 652.3016357421875 175.46014404296875 715.8009643554688 223.80618286132812 4.0168023 1.6187943 1.6633482 2.5841043 1.7220896 26.437668 -1.6367405652999878 0.6423338651657104
Car 0.0 0 2.5540084838867188 0.0 191.43011474609375 115.4981689453125 375.0 3.887379 1.4243637 1.5791136 -5.5990114 1.5996888 4.770209 1.6888507604599 0.45658013224601746
Car 0.0 0 1.7178412675857544 422.9728088378906 182.96658325195312 488.93438720703125 233.1685028076172 3.7624757 1.4404663 1.5542835 -4.9543705 1.795834 23.401894 1.5092136859893799 0.3714613616466522
Car 0.0 0 -3.4341187477111816 865.0556640625 154.50987243652344 1242.0 375.0 3.4241834 1.5105808 1.5583233 3.9258277 1.3894861 6.0055633 -2.8551478385925293 0.340683251619339
Car 0.0 0 1.7373281717300415 543.7548828125 173.0008087158203 570.8642578125 193.27027893066406 4.1589017 1.7256806 1.7195009 -4.628866 1.7394183 63.608833 1.6646853685379028 0.33945026993751526
