Pedestrian 0.0 0 1.9249234199523926 2.0502963066101074 175.84661865234375 47.72846603393555 234.25088500976562 1.5273999 1.7133025 0.5898097 -17.77855 1.4395897 21.902002 1.2430698871612549 0.12641265988349915
Cyclist 0.0 0 1.9253934621810913 2.8015871047973633 176.01446533203125 47.407997131347656 233.82958984375 1.4489198 1.6995062 0.5916606 -17.778978 1.4301624 21.908472 1.2436726093292236 0.2610556185245514
Car 0.0 0 -1.5646640062332153 575.8241577148438 173.82810974121094 636.058349609375 226.49069213867188 3.5319085 1.5945088 1.8239336 -0.09415282 1.2508484 23.529503 -1.5686655044555664 0.9706656336784363
Car 0.0 0 -1.1857867240905762 223.63304138183594 187.61358642578125 412.3390197753906 290.1963806152344 3.757476 1.4440033 1.6160856 -4.682448 1.4917996 12.094726 -1.5551648139953613 0.9594902992248535
Car 0.0 0 -0.9339897036552429 0.0 193.773681640625 196.90353393554688 317.0203857421875 4.255878 1.480959 1.6614271 -8.40422 1.6393709 11.069317 -1.5833754539489746 0.9032081365585327
Car 0.0 0 -1.4754934310913086 496.89984130859375 175.55282592773438 538.3203125 208.36248779296875 3.9005203 1.4681644 1.5884476 -4.257544 1.0369025 34.13584 -1.5995762348175049 0.8616178631782532
Car 0.0 0 -1.3599846363067627 379.6665344238281 180.2449951171875 433.698486328125 214.55393981933594 3.7427454 1.4274361 1.5541786 -8.864467 1.2217596 31.81967 -1.6316802501678467 0.39755779504776
Car 0.0 0 -0.8743211627006531 0.0 195.06051635742188 81.62330627441406 283.41302490234375 3.9957626 1.4391408 1.6001301 -12.643514 1.6621937 14.178352 -1.6025582551956177 0.31396570801734924
Car 0.0 0 -1.2396838665008545 324.3623046875 183.28587341308594 401.52734375 226.201416015625 3.4477518 1.3970854 1.5123036 -8.505853 1.3353932 25.125479 -1.5661085844039917 0.28849831223487854
Car 0.0 0 -1.244834303855896 286.3749084472656 185.7886962890625 350.62353515625 219.25035095214844 3.7750785 1.4482578 1.6204424 -13.270097 1.4773182 33.104626 -1.6260759830474854 0.2418573647737503
