Pedestrian 0.0 0 -1.6177791357040405 388.62957763671875 137.06678771972656 462.53472900390625 306.7264404296875 0.9276422 1.7437048 0.74013466 -2.1088347 1.3762538 7.9666796 -1.8765509128570557 0.2550414502620697
Pedestrian 0.0 0 0.11375740170478821 461.629150390625 173.8042449951172 509.81268310546875 262.21929931640625 0.87776595 1.7314785 0.7721979 -2.5434387 1.7515409 14.547793 -0.05932651832699776 0.14894962310791016
Cyclist 0.0 0 -1.5819029808044434 848.9349365234375 160.43882751464844 859.5297241210938 190.2704315185547 1.7479466 1.8328729 0.6076936 15.279938 1.0704339 45.25412 -1.256274700164795 0.13567860424518585
Car 0.0 0 2.0962631702423096 254.98773193359375 185.5721893310547 405.5731201171875 255.91311645507812 4.066279 1.4518261 1.6271995 -6.7553687 1.8036885 17.800964 1.7335578203201294 0.9190664291381836
Car 0.0 0 -0.5607123374938965 917.9932861328125 158.45054626464844 1130.647216796875 230.40943908691406 4.2687855 1.6737947 1.7429594 10.031174 1.3391225 17.749907 -0.04632003605365753 0.804048478603363
Car 0.0 0 2.477975845336914 520.16015625 174.8871307373047 661.4575805664062 222.2194366455078 4.8799872 1.4936987 1.7628781 -0.6293543 1.571331 25.190092 2.4529967308044434 0.7987607717514038
Car 0.0 0 -1.5347702503204346 462.9689025878906 173.06326293945312 542.572998046875 251.79571533203125 3.0950987 1.5768625 1.5887088 -2.3792439 1.5823573 16.082863 -1.6816415786743164 0.16385434567928314
Car 0.0 0 -1.1775437593460083 12.176469802856445 182.99069213867188 67.24763488769531 206.983642578125 3.7378027 1.500077 1.615557 -38.551052 2.2148528 48.832134 -1.8458251953125 0.1305229216814041
Car 0.0 0 -0.36455416679382324 1097.5765380859375 190.69644165039062 1242.0 243.2624053955078 4.4434304 1.5124601 1.950371 18.708698 2.1324675 23.451199 0.3088264465332031 0.11709223687648773
Car 0.0 0 2.137845754623413 562.6220092773438 179.46426391601562 636.7607421875 212.1719970703125 4.118774 1.4314864 1.5940984 -0.46494856 1.7689632 34.624344 2.124418258666992 0.11035804450511932
Car 0.0 0 2.0115368366241455 331.97137451171875 183.94850158691406 422.3013000488281 229.45263671875 4.03395 1.4723917 1.5788914 -8.469409 1.9121729 26.472555 1.7018959522247314 0.10792196542024612
