Pedestrian 0.0 0 -0.39581093192100525 855.20361328125 171.92686462402344 873.5416870117188 198.8741912841797 0.9708616 1.7769345 0.6553211 16.864386 1.716156 47.931225 -0.057492971420288086 0.13241912424564362
Cyclist 0.0 0 2.1232337951660156 171.11854553222656 181.79229736328125 201.55783081054688 218.97169494628906 1.4911522 1.7295312 0.5642624 -20.384472 2.1687758 34.67472 1.591775894165039 0.12346038967370987
Car 0.0 0 1.5903339385986328 720.1857299804688 171.9355926513672 745.0079956054688 197.48104858398438 3.8431516 1.6923105 1.6175661 8.468565 1.6318265 49.835823 1.758655309677124 0.31612902879714966
Car 0.0 0 1.8659571409225464 369.90936279296875 190.28724670410156 406.7544860839844 211.2512969970703 3.880456 1.4924572 1.7059172 -17.34574 2.905822 56.537292 1.5682719945907593 0.2767518162727356
Car 0.0 0 -3.0761611461639404 807.1762084960938 177.48092651367188 875.3628540039062 201.58489990234375 4.321691 1.5686121 1.6809905 15.718062 1.8941326 49.130524 -2.766526699066162 0.21148566901683807
Car 0.0 0 -1.478361964225769 602.737548828125 186.10565185546875 633.9644775390625 212.16981506347656 3.5408654 1.482715 1.6191628 0.521908 2.3391452 44.764492 -1.4667035341262817 0.16020196676254272
Car 0.0 0 2.2587051391601562 333.39990234375 189.59800720214844 385.24530029296875 211.797607421875 3.97241 1.5838149 1.7359453 -19.739244 2.9549444 56.903053 1.9248013496398926 0.15072211623191833
Car 0.0 0 -1.062264084815979 188.4630889892578 190.6996307373047 256.9912109375 221.7312469482422 3.7197392 1.4803004 1.6094271 -20.584602 2.477896 38.444508 -1.5538575649261475 0.12998546659946442
Car 0.0 0 2.032166004180908 75.06593322753906 163.07774353027344 162.73297119140625 202.8329315185547 3.8180978 1.6419823 1.6665213 -21.565989 1.2385579 31.802002 1.4362670183181763 0.12332404404878616
Car 0.0 0 -2.2948014736175537 953.5902709960938 189.3722381591797 1172.0689697265625 282.7645568847656 3.72976 1.541388 1.6620953 8.851925 1.9212171 14.590141 -1.7494657039642334 0.11407520622015
Car 0.0 0 2.1022274494171143 300.94586181640625 195.14776611328125 355.14691162109375 219.24691772460938 4.21952 1.4972802 1.6706482 -19.940928 3.146335 51.14161 1.7304444313049316 0.11085814982652664
