Pedestrian 0.0 0 2.6494696140289307 769.5729370117188 167.2845916748047 805.6219482421875 226.34469604492188 0.8408952 1.7603021 0.6828163 5.3485255 1.5946625 21.93866 2.888599395751953 0.7535195350646973
Car 0.0 0 -1.7282617092132568 685.2725219726562 182.5045928955078 775.286865234375 250.3752899169922 3.499089 1.4282285 1.5856637 2.7475867 1.6851497 17.429054 -1.5719044208526611 0.9679168462753296
Car 0.0 0 -1.5722453594207764 583.643798828125 178.6486053466797 637.39599609375 222.31349182128906 3.3869648 1.316194 1.6539822 -0.03514713 1.522073 23.892616 -1.573716402053833 0.9535727500915527
Car 0.0 0 -1.4519686698913574 518.0250244140625 181.3761749267578 571.7972412109375 222.7947998046875 3.5204396 1.3599868 1.5382301 -2.3432667 1.6909344 26.204706 -1.541153073310852 0.8893966674804688
Car 0.0 0 -1.5878146886825562 594.8857421875 173.26272583007812 630.23291015625 206.27471923828125 3.6136506 1.5607992 1.674359 0.05454144 1.5825689 35.976032 -1.5862985849380493 0.839667558670044
Car 0.0 0 0.9333394765853882 323.4415588378906 176.03294372558594 454.4527587890625 242.62692260742188 3.4608645 1.5856285 1.5257529 -5.8981647 1.6767983 18.971418 0.6319153308868408 0.8371476531028748
Car 0.0 0 -0.8733563423156738 0.0 187.7809600830078 361.0792541503906 375.0 3.6402283 1.5341867 1.6076792 -2.69006 1.6424309 3.373187 -1.5465607643127441 0.8219906091690063
Car 0.0 0 1.2258803844451904 279.7703857421875 182.3019561767578 409.84515380859375 258.53961181640625 3.6933095 1.4421362 1.5299358 -6.0212584 1.677213 16.020147 0.8663599491119385 0.7954770922660828
Car 0.0 0 0.8662137985229492 453.4330139160156 174.0888214111328 531.4100341796875 204.77537536621094 4.1663876 1.4835277 1.6326102 -6.1073246 1.5505934 37.007347 0.70265793800354 0.7809531092643738
Car 0.0 0 2.009481191635132 245.1731414794922 179.42628479003906 319.20098876953125 215.54652404785156 3.8339634 1.5134954 1.5898598 -14.872384 1.8307494 32.859993 1.5844683647155762 0.7712122797966003
Car 0.0 0 2.2173190116882324 0.0 185.3356475830078 100.64847564697266 251.9578399658203 3.8540893 1.4147608 1.5630984 -14.845917 1.7606366 18.012186 1.5279860496520996 0.7618342041969299
Car 0.0 0 1.4282662868499756 0.0 190.2753448486328 209.89532470703125 355.9584655761719 3.5062666 1.4764625 1.578352 -6.2252693 1.7286177 8.616757 0.8026244640350342 0.7490512132644653
Car 0.0 0 1.068595051765442 396.544921875 177.9844512939453 486.99810791015625 220.76531982421875 3.9557147 1.4449084 1.552709 -6.359316 1.6502059 26.83164 0.8358809947967529 0.624830961227417
