Pedestrian 0.0 0 1.7766597270965576 449.4269714355469 160.1514892578125 477.52923583984375 219.1864013671875 0.8484805 1.8186786 0.70779794 -4.6380844 1.4277127 22.651165 1.5746901035308838 0.5015009045600891
Pedestrian 0.0 0 1.2010234594345093 879.664306640625 129.66163635253906 966.0079956054688 281.3336486816406 0.8930072 1.7595819 0.68799794 3.74568 1.2588552 8.825132 1.6024140119552612 0.4974113702774048
Pedestrian 0.0 0 1.1935560703277588 855.5072631835938 123.42522430419922 925.2991333007812 256.82928466796875 0.94198275 1.8455632 0.6360018 3.9877684 1.1621044 10.454315 1.5579670667648315 0.3242358863353729
Cyclist 0.0 0 1.2056106328964233 854.5503540039062 122.6736068725586 926.4203491210938 256.6986083984375 1.0001704 1.8513108 0.65254134 3.990553 1.1585181 10.464347 1.569934606552124 0.131095290184021
Car 0.0 0 -1.3991954326629639 456.7055358886719 185.65960693359375 562.391845703125 256.32373046875 4.267596 1.3555839 1.7114035 -2.233713 1.6924055 16.789627 -1.531459927558899 0.9066740274429321
Car 0.0 0 -1.6901171207427979 677.0933227539062 173.39739990234375 726.3410034179688 210.68006896972656 3.9396844 1.4599504 1.5773057 3.7409353 1.484602 30.282082 -1.5672036409378052 0.9007411599159241
Car 0.0 0 -1.468150019645691 525.0640869140625 181.56082153320312 582.0736694335938 226.55043029785156 4.123853 1.421374 1.6059933 -1.9722769 1.7567846 25.681074 -1.5447983741760254 0.8617261648178101
Car 0.0 0 -1.7358037233352661 704.1309814453125 171.91717529296875 796.41162109375 238.47137451171875 3.8781674 1.4843827 1.6152257 3.3344953 1.4638464 18.043077 -1.55305814743042 0.8150950074195862
Car 0.0 0 -2.4693827629089355 1043.09375 177.14407348632812 1242.0 375.0 3.9719799 1.4736372 1.6174074 3.2680314 1.4999453 2.3367903 -1.5193387269973755 0.6095967888832092
Car 0.0 0 -1.5422378778457642 661.7130126953125 174.33128356933594 687.4873657226562 197.96762084960938 3.905836 1.491372 1.5923352 4.283139 1.5937854 47.81094 -1.45289146900177 0.5836893916130066
Car 0.0 0 -1.2433885335922241 226.39012145996094 179.02069091796875 394.146728515625 280.69195556640625 3.8429353 1.6307663 1.7865498 -5.5468993 1.765714 13.777097 -1.626149296760559 0.30493515729904175
