Pedestrian 0.0 0 -0.5606139302253723 342.3974304199219 173.713623046875 379.4171142578125 250.09539794921875 0.6275751 1.8376306 0.62397635 -6.1957912 1.85973 17.806223 -0.8954671025276184 0.23488479852676392
Pedestrian 0.0 0 -0.3228406012058258 756.2455444335938 163.4932098388672 783.293701171875 212.78195190429688 0.88178104 1.8938031 0.5999167 6.1677723 1.5344946 28.065756 -0.10651781409978867 0.18696017563343048
Pedestrian 0.0 0 -1.0883487462997437 742.6495361328125 150.7571563720703 759.8577270507812 188.08343505859375 0.6503831 1.9897194 0.6882737 7.585873 0.8121798 38.928547 -0.8958939909934998 0.16236919164657593
Pedestrian 0.0 0 -2.340543508529663 943.1441040039062 125.68974304199219 980.87451171875 197.6427459716797 0.7389898 1.8345227 0.5150653 9.1299715 0.63237524 18.82518 -1.8889780044555664 0.13753701746463776
Cyclist 0.0 0 -1.662487506866455 886.4642944335938 143.4800567626953 920.6058349609375 211.736328125 1.7379799 1.7691194 0.6982854 7.917582 1.0081408 19.631317 -1.279127597808838 0.26828140020370483
Cyclist 0.0 0 -1.720787525177002 478.1492614746094 156.74655151367188 501.4277648925781 205.25343322753906 1.5870391 1.7805828 0.63640326 -4.6085615 1.1896714 27.336523 -1.887803316116333 0.10483497381210327
Car 0.0 0 -1.8624645471572876 729.0944213867188 190.07603454589844 914.7822265625 300.34698486328125 4.5253596 1.390897 1.6553348 3.2151923 1.7347637 12.1009865 -1.6027679443359375 0.9698330760002136
Car 0.0 0 0.19502174854278564 389.56884765625 173.3146514892578 495.33782958984375 213.39572143554688 3.7509305 1.503168 1.601112 -6.467742 1.521914 27.938034 -0.032473765313625336 0.23009341955184937
Car 0.0 0 1.3520269393920898 851.1216430664062 189.11532592773438 930.4204711914062 240.73680114746094 3.908925 1.4770042 1.6254692 9.177223 2.0642772 23.98724 1.717433214187622 0.156475231051445
Car 0.0 0 0.40472644567489624 384.0360107421875 161.01304626464844 473.6679382324219 193.55258178710938 3.8888774 1.53192 1.662227 -8.817845 0.974821 35.094032 0.15855908393859863 0.12588487565517426
Car 0.0 0 -2.455360174179077 404.4462585449219 153.2346649169922 489.9778747558594 184.93504333496094 4.367184 1.6427128 1.8148241 -8.884582 0.6263975 39.174805 -2.6783807277679443 0.10706982016563416
