Pedestrian 0.0 0 -0.38389211893081665 650.1051025390625 180.42431640625 669.9608764648438 216.3577880859375 0.81722784 1.7645218 0.61630934 2.4581301 2.1472874 36.02525 -0.3157641887664795 0.20309700071811676
Pedestrian 0.0 0 -1.9075798988342285 951.4866943359375 155.1453857421875 1004.8551635742188 239.1029815673828 0.9667717 1.7466232 0.7431023 7.8587956 1.3785775 15.535801 -1.4392627477645874 0.12314556539058685
Cyclist 0.0 0 -1.6944820880889893 763.46728515625 140.49081420898438 787.55712890625 189.51039123535156 1.7480537 1.7870986 0.6704534 6.1829004 0.607597 27.205313 -1.4710098505020142 0.43353378772735596
Cyclist 0.0 0 -2.1038873195648193 882.4922485351562 176.4122314453125 928.4052734375 229.41973876953125 1.789968 1.6826413 0.57699066 9.737335 1.8057126 23.95347 -1.7177811861038208 0.26766321063041687
Cyclist 0.0 0 -2.4524247646331787 1105.9754638671875 204.51898193359375 1217.61083984375 308.8174743652344 1.7198015 1.6702175 0.412789 9.810311 2.2788353 12.973113 -1.8049652576446533 0.1855768859386444
Cyclist 0.0 0 -1.8635138273239136 922.295166015625 151.81263732910156 967.1680908203125 210.5338134765625 1.7801242 1.7045267 0.74716425 10.073831 1.0941073 21.874866 -1.4319453239440918 0.1647009253501892
Car 0.0 0 1.8477472066879272 389.26116943359375 184.2948455810547 436.3076171875 211.1714630126953 4.6281605 1.7179922 1.9810696 -13.736693 2.5547738 50.42306 1.581773042678833 0.9082584977149963
Car 0.0 0 2.2441205978393555 0.0 196.54478454589844 125.15454864501953 276.1910095214844 4.2226024 1.497231 1.7795155 -13.729262 2.1234086 16.93935 1.563012957572937 0.7968019247055054
Car 0.0 0 2.1448147296905518 113.97769165039062 199.8370361328125 204.31240844726562 236.30860900878906 3.811745 1.4201522 1.6872824 -20.452137 2.7210512 32.85416 1.5880059003829956 0.1781805157661438
Car 0.0 0 1.7188926935195923 653.9181518554688 190.74813842773438 699.7006225585938 226.41162109375 3.6607814 1.4460914 1.5751585 3.0844643 2.318421 33.191994 1.8115545511245728 0.17005659639835358
Car 0.0 0 -1.7486103773117065 639.9739990234375 181.4934539794922 685.2811889648438 214.10562133789062 3.9714038 1.573543 1.6910067 2.6739125 2.053306 37.970608 -1.6783058643341064 0.13076835870742798
