Pedestrian 0.0 0 0.7902241945266724 871.3623657226562 156.05038452148438 913.5147094726562 222.71810913085938 0.9508543 1.8084196 0.5902578 7.9771247 1.1467831 19.726847 1.1744999885559082 0.6350108981132507
Pedestrian 0.0 0 -2.5097599029541016 851.183837890625 150.15313720703125 901.405029296875 218.86334228515625 1.2095126 1.828797 0.53118926 7.4228954 1.0226661 19.465893 -2.1454527378082275 0.4752665162086487
Pedestrian 0.0 0 0.058914750814437866 834.9954223632812 137.67886352539062 865.06201171875 194.28424072265625 0.95427275 1.925112 0.5327084 8.454394 0.47032803 24.469608 0.39158034324645996 0.44514816999435425
Pedestrian 0.0 0 0.7309614419937134 1053.464111328125 115.42562103271484 1105.2635498046875 212.32591247558594 0.6231282 1.8293434 0.55450094 9.152885 0.6024647 13.713853 1.3194847106933594 0.4451167583465576
Cyclist 0.0 0 -1.520376205444336 174.27183532714844 155.77378845214844 198.76075744628906 202.8057098388672 1.6964631 1.6938162 0.70429283 -15.623056 0.80484366 26.37347 -2.0551722049713135 0.2880285978317261
Car 0.0 0 1.6019285917282104 373.1087951660156 161.0128631591797 434.3412170410156 215.08363342285156 4.0431237 1.4375437 1.5830292 -5.9223995 0.9210365 20.94589 1.3263739347457886 0.9151267409324646
Car 0.0 0 1.6526377201080322 401.39544677734375 163.85699462890625 449.85809326171875 202.12026977539062 4.2051377 1.4949236 1.6425762 -7.5143914 0.8461929 29.827919 1.4058483839035034 0.8697395920753479
Car 0.0 0 -1.2472789287567139 352.79638671875 177.64080810546875 398.70684814453125 203.27590942382812 3.776328 1.5401127 1.6258786 -14.329754 1.3697008 44.37042 -1.5596622228622437 0.23573337495326996
Car 0.0 0 2.383389711380005 1128.8966064453125 162.97535705566406 1224.0 226.37557983398438 4.3519444 1.7107433 1.7495158 17.60538 1.2394536 20.028368 3.1044931411743164 0.21906082332134247
Car 0.0 0 1.1986132860183716 0.0 190.4018096923828 100.7691879272461 247.5741729736328 4.964521 1.5626816 2.112161 -18.33852 1.9048433 22.18801 0.5079178810119629 0.20098565518856049
