Pedestrian 0.0 0 3.6403698921203613 83.02477264404297 179.84210205078125 107.92137145996094 217.18185424804688 0.8068369 1.7874749 0.57519215 -24.99102 2.1300445 34.997105 3.0202512741088867 0.22008761763572693
Cyclist 0.0 0 0.05294599384069443 576.0379028320312 171.41200256347656 596.873046875 193.78114318847656 1.6969887 1.8418549 0.54475665 -1.9677706 1.723479 59.6973 0.019995450973510742 0.24421459436416626
Cyclist 0.0 0 -2.3131330013275146 793.9163818359375 195.09283447265625 821.7216186523438 231.3027801513672 1.5284065 1.6492273 0.33774912 9.421803 2.7377653 34.546577 -2.0468807220458984 0.2221078872680664
Car 0.0 0 -1.2694541215896606 304.25372314453125 187.96453857421875 469.6565246582031 293.7967529296875 3.8174593 1.5212185 1.7221708 -3.8035808 1.8306727 12.836807 -1.5575155019760132 0.9767090082168579
Car 0.0 0 -1.4273239374160767 457.3761291503906 184.7368621826172 499.0980529785156 213.33409118652344 3.4867308 1.3436586 1.6322517 -6.7694697 1.9849677 37.144157 -1.6075940132141113 0.9361311793327332
Car 0.0 0 2.050577402114868 149.56320190429688 185.9660186767578 264.0798645019531 241.8338623046875 3.8664665 1.6256057 1.7079048 -13.226753 2.0952203 23.864792 1.5444869995117188 0.9255131483078003
Car 0.0 0 1.958289384841919 246.65367126464844 186.4420623779297 319.0284118652344 222.44012451171875 4.577739 1.618765 1.7306532 -16.478146 2.3504581 36.512917 1.5343579053878784 0.8870365619659424
Car 0.0 0 -1.5744150876998901 553.490234375 181.42225646972656 579.5693969726562 205.14901733398438 3.8137128 1.4135188 1.6037337 -2.8328886 1.9875174 46.349216 -1.6354596614837646 0.8348208665847778
Car 0.0 0 2.002505302429199 404.9975280761719 184.11041259765625 438.5837707519531 201.2422637939453 3.7091804 1.4849259 1.61988 -17.481003 2.5627043 67.09197 1.7476195096969604 0.3076517879962921
Car 0.0 0 -1.7806671857833862 969.3689575195312 174.27899169921875 1037.677734375 213.7238006591797 3.9508085 1.4766462 1.6317478 15.832141 1.5390478 29.287386 -1.285085916519165 0.2260943502187729
