Car 0.0 0 -1.7886438369750977 725.9368286132812 186.22569274902344 829.8534545898438 257.7362060546875 3.7633407 1.469805 1.6327835 3.867891 1.827811 17.413702 -1.5700745582580566 0.9483190178871155
Car 0.0 0 -1.5917149782180786 589.6143798828125 185.67054748535156 654.0577392578125 238.48350524902344 3.2122095 1.2961432 1.652496 0.2408744 1.6822745 20.101841 -1.579732894897461 0.9371950626373291
Car 0.0 0 -2.153958797454834 310.92291259765625 181.28924560546875 487.2226867675781 261.296142578125 4.01298 1.427112 1.5885218 -4.5662565 1.6269137 15.162265 -2.446478843688965 0.8357251882553101
Car 0.0 0 -2.028979778289795 234.93946838378906 184.0260467529297 429.4140625 286.43560791015625 3.7726629 1.4207062 1.5421094 -4.861342 1.6391325 12.244374 -2.4069201946258545 0.8288867473602295
Car 0.0 0 -1.7055405378341675 699.2387084960938 179.03497314453125 765.7523193359375 229.73683166503906 4.1253 1.561689 1.6930062 4.0725965 1.7925158 24.815592 -1.542876124382019 0.8275136947631836
Car 0.0 0 -1.7501174211502075 131.9540252685547 174.27711486816406 348.4547424316406 335.2191467285156 3.7537212 1.5409546 1.6844138 -4.7771907 1.5628732 8.93491 -2.2411115169525146 0.8066185712814331
Car 0.0 0 -1.5262974500656128 598.5820922851562 177.9141845703125 639.0465698242188 213.81678771972656 3.6503003 1.527707 1.6965259 0.41445935 1.7733167 33.097496 -1.5137757062911987 0.7985934019088745
Car 0.0 0 -2.269507884979248 415.5322265625 180.45932006835938 536.3135375976562 234.99034118652344 3.8102503 1.5359085 1.6653328 -4.308744 1.7949047 22.685404 -2.4572067260742188 0.7569051384925842
Car 0.0 0 -2.3203530311584473 492.64697265625 178.76817321777344 566.1102294921875 211.33795166015625 3.6618676 1.5114522 1.5504037 -4.080988 1.8207382 35.907303 -2.433520793914795 0.7274298667907715
Car 0.0 0 2.0375638008117676 196.53713989257812 177.02484130859375 285.1865539550781 217.2445068359375 3.666794 1.4364821 1.5769234 -14.24856 1.6092412 27.985239 1.5666266679763794 0.5653886198997498
Car 0.0 0 2.233426809310913 0.0 162.47911071777344 152.2215118408203 273.03643798828125 4.1215963 1.8470237 1.6741234 -11.144165 1.6740535 14.117077 1.5651764869689941 0.5156916379928589
