Pedestrian 0.0 0 3.472228765487671 257.7227478027344 179.78738403320312 279.9756774902344 215.9554901123047 0.82982445 1.749125 0.623474 -16.764038 2.0929432 35.384125 3.0297820568084717 0.4185516834259033
Pedestrian 0.0 0 -1.1979002952575684 336.3788757324219 168.06443786621094 362.24896240234375 215.6758575439453 1.0272907 1.7346693 0.5704228 -9.720302 1.5605248 26.8063 -1.545766830444336 0.24060620367527008
Pedestrian 0.0 0 -1.2805496454238892 448.0047607421875 173.01400756835938 459.9554138183594 200.31175231933594 0.49535012 1.7408934 0.63459873 -10.039133 1.7515769 46.28723 -1.4941294193267822 0.2023073136806488
Pedestrian 0.0 0 -1.7959589958190918 1115.50634765625 40.85784912109375 1242.0 309.5917663574219 1.665973 1.7033659 0.65059555 4.3325653 0.86706823 5.462575 -1.1254174709320068 0.11990155279636383
Cyclist 0.0 0 -1.6525851488113403 648.990478515625 163.34310913085938 683.45849609375 250.6806182861328 1.8075674 1.714683 0.5626012 1.1022899 1.5283153 15.069306 -1.5795671939849854 0.36582714319229126
Cyclist 0.0 0 -1.804612398147583 1112.4224853515625 39.78168869018555 1242.0 311.0870361328125 1.742021 1.7041304 0.656602 4.3222322 0.86863095 5.457568 -1.13478684425354 0.2713867127895355
Cyclist 0.0 0 1.9863141775131226 333.9072570800781 168.86471557617188 367.2142028808594 216.9762725830078 1.5543635 1.7491763 0.5995749 -9.744532 1.6044971 27.026083 1.6402627229690552 0.2099255919456482
Car 0.0 0 1.9203484058380127 292.30389404296875 182.08262634277344 399.92816162109375 237.21739196777344 4.185184 1.421077 1.6509167 -7.7153096 1.7218719 21.391453 1.57419753074646 0.9534886479377747
Car 0.0 0 1.6204960346221924 496.96795654296875 174.50131225585938 520.1621704101562 193.675048828125 3.9627614 1.4248658 1.5902352 -7.867598 1.5577793 56.013298 1.4809495210647583 0.3889038860797882
Car 0.0 0 1.6660107374191284 247.1887664794922 195.01577758789062 275.10980224609375 216.24417114257812 3.950112 1.5300263 1.6758775 -28.32546 3.3967752 58.61963 1.2158869504928589 0.27107176184654236
Car 0.0 0 -1.4444093704223633 808.3007202148438 156.64869689941406 839.77587890625 181.56268310546875 3.694845 1.7407584 1.7433795 15.562179 0.6088401 52.453674 -1.1559972763061523 0.2602143883705139
Car 0.0 0 -0.22284838557243347 638.5448608398438 161.1937713623047 834.4422607421875 240.5546112060547 3.7967896 1.5730888 1.6428385 2.5238516 1.3423178 15.230811 -0.05863361060619354 0.23621413111686707
