Pedestrian 0.0 0 -2.3205759525299072 0.0 111.41453552246094 89.44496154785156 267.8492431640625 0.686125 1.8216151 0.6025721 -6.9302707 1.1065367 8.74874 -2.990508794784546 0.341037780046463
Pedestrian 0.0 0 1.6895625591278076 494.04022216796875 172.14227294921875 515.5684814453125 222.30923461914062 0.87217057 1.8002644 0.68070304 -3.8770294 1.7750816 26.33521 1.5433940887451172 0.3212345838546753
Pedestrian 0.0 0 -3.3133957386016846 776.0133666992188 140.08242797851562 814.9747924804688 219.02212524414062 0.782895 1.8306322 0.7107825 4.3406816 1.0710089 17.114199 -3.0650031566619873 0.30580639839172363
Pedestrian 0.0 0 -0.61204993724823 822.3363647460938 142.8129425048828 884.1499633789062 252.0621795654297 0.74440575 1.7961432 0.6750902 4.0825343 1.3026024 12.290129 -0.2913378179073334 0.2471405565738678
Pedestrian 0.0 0 -1.6480906009674072 769.203125 149.2653350830078 807.2062377929688 230.75685119628906 0.8429341 1.7973757 0.7720632 3.9861076 1.2774625 16.38947 -1.4095112085342407 0.217204749584198
Car 0.0 0 -1.409147024154663 507.43084716796875 184.8418731689453 589.3818969726562 239.7399139404297 4.081497 1.3175416 1.6564665 -1.6714565 1.6906304 20.331375 -1.491173267364502 0.9221373796463013
Car 0.0 0 -2.109962224960327 867.2728881835938 176.08641052246094 1242.0 375.0 4.203895 1.4300627 1.608261 3.47476 1.4650618 5.616167 -1.555901288986206 0.8793734312057495
Car 0.0 0 -1.505670189857483 555.5746459960938 179.8478546142578 601.9176635742188 218.07650756835938 3.9980505 1.4005605 1.6158116 -1.2427746 1.7033969 29.186462 -1.5482250452041626 0.8668422102928162
Car 0.0 0 -1.6787104606628418 689.4913940429688 172.89718627929688 733.1361083984375 207.05154418945312 3.8946118 1.5044304 1.5989312 4.6411085 1.5069265 33.753975 -1.5420691967010498 0.7646554708480835
Car 0.0 0 -1.5260690450668335 677.9147338867188 174.91757202148438 702.5845947265625 195.35951232910156 3.6934726 1.3763754 1.5687908 5.6637845 1.52793 50.91795 -1.4152908325195312 0.3104802668094635
Car 0.0 0 -1.7080721855163574 708.0286865234375 174.04299926757812 780.4239501953125 228.01133728027344 3.7822037 1.4681023 1.6068767 3.8815935 1.5072784 21.631866 -1.5305229425430298 0.29395437240600586
