Pedestrian 0.0 0 2.8102293014526367 573.7860107421875 183.87490844726562 593.9287719726562 224.9797821044922 0.6425601 1.7055043 0.75829923 -1.1552733 2.1813247 30.656239 2.772562265396118 0.2516673505306244
Pedestrian 0.0 0 -0.3044416308403015 901.55322265625 168.57199096679688 923.8104858398438 201.387939453125 1.0224421 1.8247049 0.5832405 16.931553 1.5869653 40.455112 0.0919334888458252 0.234125554561615
Pedestrian 0.0 0 1.4203133583068848 527.7479858398438 150.6782684326172 545.767578125 195.4254913330078 0.8198428 1.8317829 0.6284274 -3.0920255 0.92434996 30.009855 1.3176419734954834 0.2201385200023651
Pedestrian 0.0 0 0.8597756028175354 1080.6014404296875 200.55743408203125 1242.0 375.0 0.99412763 1.6641226 0.63904154 4.0250516 1.8856989 5.244609 1.5143606662750244 0.18626254796981812
Car 0.0 0 1.8529672622680664 667.0120849609375 182.85215759277344 716.8965454101562 213.81704711914062 3.600239 1.4594676 1.6218456 4.241203 2.0034237 37.25356 1.966326117515564 0.9300416111946106
Car 0.0 0 1.814013957977295 66.7441177368164 189.04052734375 177.86280822753906 260.420654296875 4.2388115 1.804573 1.7715113 -14.453615 2.3404264 21.573425 1.2237257957458496 0.6753194332122803
Car 0.0 0 1.8337609767913818 140.16693115234375 197.12266540527344 215.291015625 241.21170043945312 3.671441 1.4668465 1.6151425 -16.820738 2.4817717 28.175486 1.2955509424209595 0.6556026935577393
Car 0.0 0 1.7296626567840576 202.04489135742188 195.364990234375 249.91761779785156 229.500244140625 3.532288 1.5376177 1.6284126 -19.658833 2.7523024 36.985065 1.2411069869995117 0.4747566878795624
Car 0.0 0 1.578405737876892 253.9268798828125 184.74932861328125 289.8060302734375 216.18312072753906 3.6479313 1.5028224 1.6372012 -17.826302 2.1627467 38.00556 1.1398277282714844 0.2522697150707245
Car 0.0 0 -1.6952002048492432 881.853515625 174.43682861328125 905.5133666992188 191.01516723632812 3.6434438 1.4777235 1.5897217 26.153547 1.6285949 66.64826 -1.321252703666687 0.23493321239948273
