Pedestrian 0.0 0 1.3310277462005615 925.4963989257812 169.20578002929688 950.90869140625 215.7328338623047 0.67164904 1.8660284 0.80308354 13.297809 1.7200699 29.339682 1.756569743156433 0.4719604551792145
Pedestrian 0.0 0 -3.2083873748779297 1000.9038696289062 166.46737670898438 1035.6148681640625 223.40048217773438 0.9381445 1.8341913 0.9084993 13.439128 1.6287943 23.854961 -2.695338726043701 0.34985047578811646
Pedestrian 0.0 0 -0.5200335383415222 853.6732788085938 181.860595703125 892.1297607421875 233.82215881347656 0.9658349 1.8290524 0.94516057 9.469175 2.1625085 26.134003 -0.1724153608083725 0.16692262887954712
Pedestrian 0.0 0 1.6919971704483032 636.627685546875 154.26429748535156 649.627685546875 188.11605834960938 1.1340013 1.8464756 0.5879305 1.8040475 0.8328408 39.96204 1.7371106147766113 0.154939666390419
Pedestrian 0.0 0 -2.2474167346954346 1014.411376953125 180.18077087402344 1053.558837890625 234.90057373046875 1.1201247 1.9575111 0.69346243 15.560649 2.2338994 26.57582 -1.7177129983901978 0.14401564002037048
Pedestrian 0.0 0 -1.8659709692001343 908.25048828125 187.5328826904297 947.2987060546875 249.22816467285156 0.87126714 1.6542647 0.77096814 8.770624 2.0722768 20.049234 -1.4535988569259644 0.13467460870742798
Pedestrian 0.0 0 1.1596390008926392 684.9918823242188 164.3312225341797 701.2153930664062 196.51927185058594 0.8989569 1.8951521 0.6551018 4.916153 1.3937101 43.00533 1.2734599113464355 0.13010089099407196
Pedestrian 0.0 0 0.6440457105636597 207.73513793945312 133.87501525878906 315.55560302734375 282.88372802734375 1.1003898 1.8133373 0.5898331 -4.4697657 1.3393468 9.171688 0.19057416915893555 0.1168789342045784
Cyclist 0.0 0 -2.135465145111084 997.3131103515625 166.3723907470703 1041.9185791015625 222.80804443359375 0.9935476 1.8277574 0.8893713 13.500473 1.6181983 23.88384 -1.6209847927093506 0.16485550999641418
Cyclist 0.0 0 -2.2457048892974854 1015.539794921875 180.10321044921875 1054.1639404296875 234.86941528320312 1.126837 1.9555385 0.6639812 15.563675 2.2285173 26.526773 -1.7151105403900146 0.12131392955780029
Cyclist 0.0 0 -1.4709433317184448 636.2631225585938 152.4742889404297 649.6979370117188 186.1815643310547 1.3606317 1.8356622 0.6133603 1.7993225 0.72616255 40.008884 -1.4260005950927734 0.1183779239654541
Cyclist 0.0 0 -1.5551834106445312 646.2841796875 166.66429138183594 657.1459350585938 197.32522583007812 1.49378 1.7881129 0.6225313 2.4489112 1.4274937 42.844128 -1.498086929321289 0.11618746072053909
Cyclist 0.0 0 -0.6557199358940125 1012.3902587890625 169.19871520996094 1042.020751953125 196.2425537109375 1.8313417 1.8889798 0.5819252 29.34548 1.63402 50.804714 -0.13192391395568848 0.10984020680189133
Car 0.0 0 -1.730302333831787 752.32373046875 186.4683380126953 820.7389526367188 237.20655822753906 3.9364064 1.50732 1.6342678 5.8644505 2.009 24.542597 -1.4957505464553833 0.9171403646469116
Car 0.0 0 -2.450016498565674 0.0 0.0 1242.0 375.0 3.8935053 1.4728888 1.6220452 3.101788 1.7016184 1.8188455 -1.409569263458252 0.45771974325180054
Car 0.0 0 -3.3783533573150635 955.2661743164062 181.61587524414062 1088.459228515625 218.9674530029297 5.0730386 1.6183197 1.9724007 19.032093 2.0475855 33.67396 -2.863924980163574 0.14799630641937256
Car 0.0 0 0.9485362768173218 950.9379272460938 184.79580688476562 1057.662841796875 230.25186157226562 3.6258554 1.4521614 1.5280355 14.006492 1.9132302 25.938782 1.443656086921692 0.1378711611032486
