Pedestrian 0.0 0 -1.4902175664901733 437.41180419921875 174.19764709472656 463.1905822753906 228.6610107421875 0.915895 1.7762544 0.77117777 -5.050812 1.539189 23.928223 -1.698245644569397 0.822949230670929
Pedestrian 0.0 0 1.5119155645370483 780.6470947265625 154.29701232910156 845.4984741210938 268.48321533203125 0.66636264 1.7536023 0.95080346 3.3143868 1.3371373 11.459078 1.7934688329696655 0.7112168669700623
Pedestrian 0.0 0 -1.685883641242981 565.1219482421875 175.53224182128906 587.64453125 224.8832550048828 0.8377666 1.7233034 0.7072312 -0.91931087 1.5159771 25.548481 -1.721851110458374 0.5930353999137878
Pedestrian 0.0 0 -1.6973141431808472 70.901611328125 187.13400268554688 137.8571319580078 352.8089904785156 0.4093001 1.7379026 0.5567802 -5.51083 1.8038429 7.89414 -2.306757926940918 0.5024772882461548
Pedestrian 0.0 0 1.2565062046051025 763.3006591796875 176.2161865234375 802.601806640625 248.73696899414062 0.836497 1.583224 0.6243713 4.0265307 1.4690944 16.118494 1.501304268836975 0.4837285578250885
Pedestrian 0.0 0 -1.4774715900421143 401.6026611328125 171.04568481445312 424.1539306640625 223.83106994628906 0.7998146 1.7654929 0.6733592 -6.441658 1.4169132 24.472797 -1.7348506450653076 0.4515324532985687
Pedestrian 0.0 0 0.15523697435855865 584.7001342773438 173.4156951904297 608.9679565429688 223.490478515625 0.7692707 1.7651725 0.7149403 -0.18210317 1.4812545 25.729551 0.14815950393676758 0.33148419857025146
Pedestrian 0.0 0 1.4503594636917114 523.123779296875 178.64364624023438 536.6432495117188 209.220947265625 0.8163706 1.7565218 0.6875903 -4.1594825 1.5932266 41.73568 1.3510249853134155 0.3238150179386139
Pedestrian 0.0 0 -0.644997775554657 613.62353515625 173.63861083984375 661.2026977539062 250.330078125 0.84785336 1.73211 0.71655893 0.8020751 1.5557714 16.755941 -0.5971661806106567 0.3095014989376068
Pedestrian 0.0 0 -0.41683733463287354 704.5653076171875 200.273193359375 822.5100708007812 374.0 0.7885618 1.5873226 0.84212077 1.4272244 1.7758061 6.6643844 -0.20586709678173065 0.2808522582054138
Pedestrian 0.0 0 -3.033329725265503 647.0894775390625 169.9962615966797 661.5584716796875 203.16891479492188 0.71645755 1.7783738 0.64539194 2.8628998 1.1624981 38.889202 -2.959845542907715 0.27125614881515503
Pedestrian 0.0 0 -0.2523942291736603 630.752197265625 174.38926696777344 680.445556640625 256.54864501953125 0.8870467 1.6996659 0.78366286 1.1075348 1.5538002 15.322881 -0.18023990094661713 0.2567845582962036
Pedestrian 0.0 0 -3.209709405899048 678.47607421875 152.41519165039062 742.8739013671875 281.031494140625 0.825566 1.7020295 0.6978037 1.4409411 1.3184669 9.882884 -3.064927816390991 0.24559305608272552
Pedestrian 0.0 0 1.259743094444275 719.7547607421875 155.43560791015625 747.2770385742188 210.0207977294922 0.9735186 1.8298496 0.6586962 4.4919777 0.95717835 24.603474 1.4403290748596191 0.23387442529201508
Cyclist 0.0 0 -1.5728063583374023 358.97906494140625 177.07855224609375 381.771484375 244.48324584960938 1.9290589 1.7896336 0.5790425 -6.4926867 1.6734074 20.07637 -1.8855899572372437 0.5609089136123657
Cyclist 0.0 0 1.2565062046051025 763.3006591796875 176.2161865234375 802.601806640625 248.73696899414062 0.836497 1.583224 0.6243713 4.0265307 1.4690944 16.118494 1.501304268836975 0.180284321308136
Cyclist 0.0 0 -1.474304437637329 400.8437805175781 170.84336853027344 424.27923583984375 224.0934295654297 0.87311596 1.7758825 0.69221854 -6.4430556 1.4215679 24.440228 -1.732064962387085 0.11014532297849655
Cyclist 0.0 0 -1.6448264122009277 565.4432373046875 175.4384307861328 586.6454467773438 224.44149780273438 0.88264346 1.7141776 0.68979245 -0.9334378 1.5032004 25.602142 -1.681269645690918 0.10445773601531982
Car 0.0 0 2.110934257507324 0.0 205.40005493164062 383.2828369140625 374.0 4.1970067 1.4791888 1.6935847 -3.5774386 1.7680451 6.5099425 1.6084485054016113 0.915587306022644
Car 0.0 0 -1.7938917875289917 664.6968383789062 188.83644104003906 871.3577880859375 346.8648376464844 3.0315733 1.4063292 1.5449244 1.6086106 1.5057634 8.067912 -1.5970888137817383 0.30518627166748047
