Pedestrian 0.0 0 2.69016170501709 829.5634765625 167.52239990234375 850.9046020507812 205.29335021972656 0.7849147 1.7627109 0.57697064 10.811228 1.5142515 34.011986 2.997926950454712 0.3800462782382965
Pedestrian 0.0 0 -3.2794206142425537 785.7965698242188 167.0758056640625 807.250244140625 215.16314697265625 0.6627172 1.7579731 0.83022016 6.885069 1.5470924 26.825111 -3.0281789302825928 0.3666493892669678
Car 0.0 0 -1.8014124631881714 736.2726440429688 187.0919189453125 868.798583984375 285.4082946777344 3.6014664 1.529752 1.576542 3.4014566 1.8335327 13.561414 -1.5556633472442627 0.9736766815185547
Car 0.0 0 0.5640897154808044 53.60779571533203 187.29217529296875 388.77593994140625 304.6377868652344 4.016844 1.492676 1.5807471 -5.48462 1.719034 10.349373 0.07677245140075684 0.9159929752349854
Car 0.0 0 3.4547030925750732 249.36436462402344 183.42701721191406 452.2648620605469 248.46556091308594 4.252751 1.4441602 1.6209595 -6.096206 1.7089223 17.171312 3.113560676574707 0.9062020182609558
Car 0.0 0 -1.7058727741241455 679.2381591796875 182.94174194335938 723.5263061523438 217.93960571289062 3.3693373 1.4270244 1.5032398 3.972521 1.899708 32.087425 -1.5826964378356934 0.8940618634223938
Car 0.0 0 -1.75032377243042 709.0714721679688 178.79879760742188 800.947998046875 250.310546875 3.809362 1.6302025 1.6456985 3.5838058 1.8002206 18.676525 -1.5607399940490723 0.8624217510223389
Car 0.0 0 0.2683388590812683 354.23297119140625 182.30299377441406 486.16326904296875 232.92648315429688 3.7353995 1.5179483 1.599853 -5.9632363 1.8271981 22.762144 0.012116670608520508 0.8018753528594971
Car 0.0 0 0.14963316917419434 388.4747009277344 182.04226684570312 519.1918334960938 227.7135772705078 4.2051425 1.489529 1.6133221 -5.337095 1.8181697 24.84131 -0.061997272074222565 0.4605289101600647
Car 0.0 0 0.1312820017337799 441.3507080078125 182.69192504882812 534.437255859375 222.33261108398438 3.5888402 1.5558953 1.6000181 -4.9974627 1.971797 29.610329 -0.03591664880514145 0.4291633069515228
Car 0.0 0 0.18038897216320038 493.9488830566406 173.2643280029297 561.4022827148438 204.44699096679688 4.061697 1.9565648 1.6917835 -5.2786503 1.983798 46.275726 0.06681036949157715 0.42731356620788574
Car 0.0 0 -2.2881851196289062 0.0 175.71963500976562 265.2799987792969 357.1863098144531 3.5268419 1.4601772 1.5353675 -5.441633 1.4923247 6.919444 -2.954594373703003 0.42133933305740356
Car 0.0 0 -2.9005227088928223 411.3666076660156 183.32794189453125 516.3531494140625 226.34869384765625 3.6181056 1.5519758 1.6197815 -5.528101 1.9621084 27.341766 -3.1000185012817383 0.3752306401729584
