Pedestrian 0.0 0 1.8956024646759033 448.3166198730469 172.5776824951172 485.2974853515625 249.67843627929688 0.86094666 1.756869 0.61118245 -3.1808734 1.5547706 16.834276 1.7088520526885986 0.8234168887138367
Pedestrian 0.0 0 1.978971004486084 201.99996948242188 182.4354705810547 279.16082763671875 305.4071350097656 0.8482518 1.6159182 0.669633 -4.9893813 1.6306876 9.886563 1.5116000175476074 0.7187808752059937
Pedestrian 0.0 0 -1.4306668043136597 854.9431762695312 164.83746337890625 924.80810546875 297.1149597167969 0.75010794 1.6973841 0.7843035 3.8709145 1.4849035 9.735168 -1.0522123575210571 0.6752573847770691
Pedestrian 0.0 0 -1.2976075410842896 505.3115539550781 180.33311462402344 533.0103759765625 232.1313018798828 0.92796963 1.623015 0.657568 -2.6547625 1.5875599 23.015316 -1.4124476909637451 0.6342093348503113
Pedestrian 0.0 0 -1.211533784866333 605.4577026367188 175.8264923095703 630.3790893554688 217.59901428222656 1.0012807 1.7898065 0.7881076 0.711733 1.5476829 31.386963 -1.188861608505249 0.6101180911064148
Pedestrian 0.0 0 -1.541823148727417 437.54205322265625 172.16448974609375 462.5094299316406 229.8984832763672 0.851971 1.703253 0.7149151 -4.588457 1.428969 21.672523 -1.750459909439087 0.4184671640396118
Pedestrian 0.0 0 1.8723961114883423 387.88427734375 191.98077392578125 426.2786560058594 259.6703796386719 0.7787518 1.6153458 0.71426415 -4.804449 1.8801869 17.666082 1.6068593263626099 0.35254523158073425
Pedestrian 0.0 0 2.052285671234131 1123.5999755859375 68.68343353271484 1238.0 276.58056640625 0.78746146 1.7714896 0.70170176 5.3683376 0.81156623 6.596178 2.7354183197021484 0.3358185589313507
Pedestrian 0.0 0 1.8008493185043335 568.7277221679688 179.892578125 592.6132202148438 218.67697143554688 1.0050653 1.6671072 0.8397253 -0.91637695 1.5989789 31.45049 1.7717204093933105 0.2951045036315918
Pedestrian 0.0 0 1.7147140502929688 307.06414794921875 160.90989685058594 341.815185546875 235.99038696289062 1.012025 1.7853401 0.6607843 -6.825673 1.2969272 17.645689 1.3456227779388428 0.22626620531082153
Pedestrian 0.0 0 2.3815088272094727 1067.0184326171875 95.09619903564453 1176.3387451171875 259.5688781738281 0.8410105 1.7924459 0.57777494 5.8536906 0.8521618 8.170029 3.0032119750976562 0.2051587700843811
Pedestrian 0.0 0 1.5966808795928955 622.6857299804688 175.48500061035156 634.1454467773438 207.0347137451172 0.75777966 1.8542376 0.66095304 1.6058234 1.5014967 42.614445 1.6343456506729126 0.19197529554367065
Pedestrian 0.0 0 -2.495349407196045 109.41018676757812 151.25315856933594 181.81890869140625 264.1988525390625 0.7789198 1.792368 0.62837696 -7.4802227 1.3136679 11.740786 -3.062612771987915 0.17079029977321625
Cyclist 0.0 0 -1.3033169507980347 505.1105041503906 179.63955688476562 532.5610961914062 232.05213928222656 0.985328 1.6432731 0.6395359 -2.6690917 1.5860504 23.054544 -1.418576717376709 0.2000604122877121
Cyclist 0.0 0 -1.5472664833068848 437.31805419921875 171.9332733154297 462.38031005859375 230.14930725097656 0.9359054 1.7141783 0.7205 -4.5935516 1.4336151 21.67517 -1.756103515625 0.18476985394954681
Car 0.0 0 1.7740412950515747 279.2939147949219 213.77906799316406 403.9407958984375 309.4805603027344 3.6955369 1.408008 1.5163056 -4.8653007 2.116469 13.802886 1.4351550340652466 0.17564810812473297
