Pedestrian 0.0 0 -3.1739914417266846 780.7302856445312 165.40426635742188 813.8291625976562 228.7684326171875 0.9357586 1.8613404 0.74994576 5.565444 1.6428602 21.660326 -2.922490119934082 0.6343857645988464
Pedestrian 0.0 0 1.5542643070220947 577.4717407226562 164.96884155273438 603.9181518554688 218.44674682617188 0.93077993 1.8569218 0.9180906 -0.73571706 1.5834825 25.537043 1.5254625082015991 0.5575423836708069
Pedestrian 0.0 0 -0.617567241191864 965.7649536132812 157.044921875 1038.666259765625 272.6875305175781 0.79851013 1.785864 0.6391582 6.189854 1.5420828 11.506446 -0.1240251287817955 0.551313579082489
Pedestrian 0.0 0 -3.7475950717926025 1148.4642333984375 89.94664001464844 1242.0 297.8452453613281 0.92296916 1.817813 0.6154545 5.6050825 1.0932499 6.6558414 -3.0476877689361572 0.32690027356147766
Pedestrian 0.0 0 -0.41314589977264404 1030.776611328125 164.48248291015625 1051.237548828125 193.69805908203125 0.9868833 1.8604791 0.5542423 27.611572 1.3277295 46.281918 0.12476634979248047 0.3252266049385071
Pedestrian 0.0 0 2.3829915523529053 992.3553466796875 204.49996948242188 1165.3155517578125 375.0 0.7910848 1.6849854 0.6951041 3.3125608 1.9332073 5.2313037 2.947479248046875 0.23915722966194153
Cyclist 0.0 0 2.311152219772339 283.9910888671875 181.6801300048828 307.2440185546875 205.1825714111328 1.7863177 1.7712744 0.6116033 -24.42751 2.468588 56.0295 1.9000216722488403 0.3067360520362854
Cyclist 0.0 0 2.2484164237976074 216.9556121826172 185.21438598632812 242.17913818359375 211.0321807861328 1.7722279 1.7927477 0.6362323 -27.391083 2.6985373 51.9213 1.7629724740982056 0.24151282012462616
Car 0.0 0 -1.754069447517395 585.1124267578125 183.16360473632812 636.7452392578125 219.59967041015625 3.6689522 1.4157239 1.5693268 -0.060191955 1.8880659 31.082367 -1.7560060024261475 0.4091792702674866
Car 0.0 0 -0.7493008375167847 806.6751708984375 167.2183837890625 869.93896484375 190.43724060058594 3.9851263 1.4916954 1.6002543 15.141941 1.1299931 47.929928 -0.44330480694770813 0.3232254087924957
Car 0.0 0 3.1110877990722656 367.5970764160156 174.10345458984375 440.557373046875 199.9091033935547 4.381815 1.5816853 1.7059561 -13.110602 1.6639948 45.84404 2.8325400352478027 0.2748353183269501
