Car 0.0 0 -1.6253544092178345 578.3738403320312 181.52902221679688 637.342041015625 226.8533935546875 3.3198 1.3237213 1.7197815 -0.18062489 1.6264316 23.434969 -1.6330617666244507 0.955470621585846
Car 0.0 0 -1.8289659023284912 0.0 184.5525665283203 275.67657470703125 369.9994201660156 3.4585726 1.429086 1.5602303 -5.09499 1.5790063 7.498443 -2.4257822036743164 0.92780601978302
Car 0.0 0 1.5125770568847656 660.06201171875 174.33609008789062 696.5906982421875 204.41867065429688 4.3087616 1.4877591 1.6587104 3.5142329 1.5708169 38.077602 1.6046077013015747 0.8013060688972473
Car 0.0 0 -1.8545176982879639 196.63079833984375 163.30125427246094 394.6560363769531 322.8583068847656 3.7336113 1.8892179 1.6125444 -4.7441278 1.7764674 10.48259 -2.279508590698242 0.6938266158103943
Car 0.0 0 -2.017441749572754 346.8203125 181.88595581054688 486.9362487792969 251.24099731445312 4.0900273 1.417284 1.6247176 -4.7940946 1.6609528 17.358686 -2.286903142929077 0.6883227229118347
Car 0.0 0 -1.5814648866653442 589.4448852539062 175.49520874023438 624.2531127929688 207.3367919921875 3.539057 1.5008335 1.6557289 -0.21799359 1.6398202 36.085407 -1.58750581741333 0.6559587717056274
Car 0.0 0 -0.90422123670578 0.0 177.60308837890625 106.55099487304688 244.21583557128906 3.7074046 1.4255992 1.5636396 -14.362147 1.5539362 17.573374 -1.5894027948379517 0.6415743231773376
Car 0.0 0 -2.1382861137390137 377.44091796875 179.67660522460938 496.4393310546875 239.51756286621094 3.6778147 1.5326511 1.587376 -5.0804157 1.7466109 20.742533 -2.3784849643707275 0.6321627497673035
Car 0.0 0 -2.04848575592041 439.7287902832031 177.61203002929688 518.1023559570312 219.589111328125 3.5195997 1.522649 1.5954307 -5.264987 1.7231879 28.474897 -2.2313201427459717 0.5432394742965698
Car 0.0 0 -2.1960628032684326 469.8002014160156 177.1558837890625 544.498046875 210.533447265625 3.8044035 1.4903815 1.6262171 -5.019114 1.7088387 34.645866 -2.339931011199951 0.4798521399497986
Car 0.0 0 -1.7541048526763916 698.8703002929688 182.18626403808594 776.971435546875 239.42401123046875 3.5896792 1.4619362 1.5676222 3.5482435 1.7549894 20.821344 -1.5853126049041748 0.47392937541007996
