Pedestrian 0.0 0 3.2861900329589844 93.47570037841797 168.46246337890625 192.6443634033203 340.33245849609375 0.74187356 1.6316154 0.82227993 -4.7450814 1.5190369 7.2365527 2.705811023712158 0.750538170337677
Pedestrian 0.0 0 1.6694751977920532 838.7621459960938 171.83956909179688 867.788330078125 239.15481567382812 0.6090572 1.6607469 0.6358739 6.2349043 1.4486806 17.848877 2.0055408477783203 0.16899770498275757
Pedestrian 0.0 0 3.331846237182617 199.00106811523438 159.825439453125 252.66851806640625 251.0371856689453 0.82519877 1.746283 0.6694945 -7.5221987 1.3520948 13.974515 2.838045835494995 0.12369577586650848
Pedestrian 0.0 0 1.2685900926589966 669.7744140625 157.69839477539062 718.018310546875 249.32330322265625 1.0056068 1.7950425 0.7041949 1.7552848 1.3499624 14.404927 1.389845371246338 0.11226961761713028
Pedestrian 0.0 0 2.675841808319092 837.6808471679688 136.09677124023438 891.2758178710938 236.75852966308594 0.69131655 1.7384895 0.610639 4.5534124 0.97326505 12.549986 3.023893356323242 0.1106657162308693
Pedestrian 0.0 0 -2.1667087078094482 1161.8228759765625 155.61929321289062 1224.0 261.4056701660156 0.7847017 1.751147 0.5835279 10.085213 1.3409323 12.118303 -1.472622036933899 0.10790941119194031
Pedestrian 0.0 0 -3.47432804107666 891.989013671875 151.1652069091797 956.7171020507812 261.12762451171875 0.7912004 1.7684171 0.7054019 5.247255 1.2983085 11.751616 -3.054377317428589 0.10090333968400955
Cyclist 0.0 0 -1.9085164070129395 841.5341186523438 132.51806640625 905.5864868164062 238.42355346679688 1.7001873 1.7307715 0.50591826 4.6306233 0.9482739 12.404924 -1.5512465238571167 0.1762564480304718
Cyclist 0.0 0 0.35536229610443115 660.5759887695312 163.49496459960938 745.7955932617188 253.83372497558594 1.6354297 1.7705281 0.5640573 1.9624866 1.4388812 14.486004 0.4900171756744385 0.13628248870372772
Cyclist 0.0 0 2.1071133613586426 191.3426513671875 161.75186157226562 261.01336669921875 253.30323791503906 1.322022 1.732075 0.6363113 -7.5386195 1.3790113 14.046086 1.6145340204238892 0.1218096986413002
