Pedestrian 0.0 0 2.040135145187378 226.99522399902344 179.75979614257812 278.3240051269531 258.2688903808594 0.8856992 1.6643405 0.68312734 -7.8693357 1.8203741 15.817207 1.5784755945205688 0.37325236201286316
Pedestrian 0.0 0 2.0340514183044434 0.0 195.87240600585938 49.10912322998047 243.55294799804688 1.2508333 1.0966567 1.2868158 -15.176456 1.6981544 18.082617 1.3358114957809448 0.2731224596500397
Pedestrian 0.0 0 1.4696931838989258 352.15655517578125 171.54774475097656 366.7049865722656 200.21047973632812 0.880877 1.8228776 0.7992383 -16.16663 1.7401612 46.453255 1.1347839832305908 0.14926543831825256
Pedestrian 0.0 0 -0.8786307573318481 862.9108276367188 136.0453338623047 892.0189208984375 189.55625915527344 0.7680992 1.8770882 0.6299711 9.508974 0.5862499 25.772871 -0.5251721739768982 0.1305520385503769
Pedestrian 0.0 0 -0.6869059801101685 1064.98779296875 170.8591766357422 1119.7193603515625 253.1093292236328 0.7693594 1.7375108 0.6113575 10.35823 1.6957287 15.582169 -0.10023227334022522 0.12276820093393326
Pedestrian 0.0 0 -3.494295120239258 882.9395141601562 153.68423461914062 912.6123657226562 209.63218688964844 0.7624356 1.8315755 0.57093656 9.487273 1.2043703 23.913237 -3.1166045665740967 0.120912566781044
Pedestrian 0.0 0 3.237210750579834 332.7505187988281 178.3470458984375 371.1630859375 249.92079162597656 0.86615926 1.799011 0.81408346 -6.7278404 1.9456575 18.711502 2.892047882080078 0.11329492181539536
Cyclist 0.0 0 1.6919043064117432 331.1549072265625 149.17999267578125 366.4111633300781 224.08824157714844 1.5581517 1.8044275 0.6564383 -6.6222863 1.2345144 18.21107 1.3431295156478882 0.12352216988801956
Cyclist 0.0 0 -1.0019972324371338 480.1326904296875 162.9860382080078 505.25872802734375 194.36459350585938 1.7975187 1.7883289 0.5684677 -6.859638 1.2262914 42.057037 -1.1636767387390137 0.1133982464671135
Car 0.0 0 -0.17473873496055603 857.1165161132812 149.30227661132812 972.8958740234375 202.53070068359375 3.6143556 1.8360828 1.687142 10.894457 1.0240383 26.104868 0.22062110900878906 0.43383389711380005
Car 0.0 0 1.9450706243515015 119.16536712646484 182.22491455078125 173.7117156982422 209.65794372558594 4.046757 1.6698596 1.6584246 -30.487682 2.315417 47.52991 1.3747351169586182 0.18389958143234253
Car 0.0 0 -0.9263308048248291 144.273681640625 167.49996948242188 254.32566833496094 216.19967651367188 4.412787 1.9274837 1.7951616 -17.449562 1.7159346 30.858994 -1.4409668445587158 0.1556871086359024
