Pedestrian 0.0 0 3.546787977218628 174.6615447998047 190.02003479003906 276.4818115234375 318.50457763671875 0.8650007 1.558665 0.9467607 -4.8696485 1.6761335 9.284161 3.0637240409851074 0.6633118987083435
Pedestrian 0.0 0 -3.63873553276062 984.2395629882812 156.08135986328125 1090.34326171875 306.34844970703125 0.85089874 1.687829 0.6556926 5.032182 1.4036744 8.411283 -3.0995922088623047 0.39192596077919006
Pedestrian 0.0 0 2.340883731842041 1143.2559814453125 147.23313903808594 1238.0 361.0796203613281 0.82939607 1.6675235 0.57406497 5.0453644 1.4017131 5.9239545 3.0463573932647705 0.34313082695007324
Pedestrian 0.0 0 -0.2973526120185852 939.3754272460938 153.86105346679688 1045.4847412109375 287.3349914550781 1.1316568 1.7384652 0.6256656 5.2430778 1.3798052 9.770149 0.19517755508422852 0.33889028429985046
Pedestrian 0.0 0 1.202794075012207 834.6509399414062 132.2411346435547 943.0308837890625 331.73187255859375 0.7623655 1.6660525 0.6575997 2.4737675 1.2560533 6.3784094 1.5727691650390625 0.32643428444862366
Pedestrian 0.0 0 -2.0858190059661865 843.393798828125 137.8610382080078 956.6974487304688 312.7939453125 1.0682151 1.7567924 0.6910768 3.1510262 1.319908 7.7859025 -1.7012594938278198 0.25042474269866943
Pedestrian 0.0 0 -2.4434592723846436 0.0 192.2085723876953 41.477996826171875 286.2037353515625 0.94989663 1.6723152 0.5555212 -10.96078 1.8733563 13.119878 -3.1394355297088623 0.20039384067058563
Pedestrian 0.0 0 2.5063717365264893 931.7841796875 144.68887329101562 989.7535400390625 249.58456420898438 0.6375207 1.7520388 0.63759327 6.1344028 1.1384801 12.364847 2.966907501220703 0.19023652374744415
Pedestrian 0.0 0 -1.8068230152130127 977.279052734375 154.11441040039062 1006.8507690429688 212.5686798095703 0.45706916 1.8351734 0.73957264 12.402813 0.9765086 22.865744 -1.3098188638687134 0.1803278774023056
Pedestrian 0.0 0 -3.553581953048706 943.8087768554688 130.4888153076172 1044.3533935546875 272.34588623046875 0.9374662 1.7365429 0.6586527 4.9349384 1.1134298 9.157616 -3.059309244155884 0.16776548326015472
Cyclist 0.0 0 -0.2973526120185852 939.3754272460938 153.86105346679688 1045.4847412109375 287.3349914550781 1.1316568 1.7384652 0.6256656 5.2430778 1.3798052 9.770149 0.19517755508422852 0.1620813012123108
Cyclist 0.0 0 1.0728073120117188 968.9573974609375 137.88189697265625 1067.400146484375 287.67919921875 0.8707935 1.7488014 0.7134669 5.0449357 1.2409308 8.826436 1.5920608043670654 0.12712037563323975
Cyclist 0.0 0 2.38230299949646 174.1185302734375 186.23484802246094 282.5431213378906 314.3465881347656 0.84604615 1.557081 0.92287004 -4.868605 1.6234648 9.3183565 1.900837779045105 0.12650907039642334
Cyclist 0.0 0 -2.0858190059661865 843.393798828125 137.8610382080078 956.6974487304688 312.7939453125 1.0682151 1.7567924 0.6910768 3.1510262 1.319908 7.7859025 -1.7012594938278198 0.10364123433828354
Cyclist 0.0 0 -1.077632188796997 0.0 190.87937927246094 33.79628372192383 288.0559387207031 0.8773447 1.694285 0.560155 -10.964957 1.8729967 13.101645 -1.7744802236557007 0.1029619574546814
Car 0.0 0 0.05612468719482422 228.88201904296875 149.87094116210938 361.1786804199219 207.03778076171875 3.8770545 1.765321 1.6781431 -9.989921 0.7897236 23.6233 -0.3439525067806244 0.35567569732666016
Car 0.0 0 -1.281944990158081 1178.64013671875 103.57528686523438 1238.0 362.5771789550781 3.654726 1.5699937 1.6278015 6.6341405 1.0990525 5.859385 -0.43461355566978455 0.20526520907878876
