Pedestrian 0.0 0 -1.0651803016662598 190.0696563720703 156.66238403320312 326.7892150878906 351.12158203125 0.9451578 1.7002773 0.80893695 -3.2430613 1.4844896 6.773877 -1.5116920471191406 0.820045530796051
Pedestrian 0.0 0 -1.9693611860275269 935.0764770507812 157.04443359375 1018.0735473632812 289.05419921875 0.8833443 1.7295014 0.72128564 5.086868 1.4104309 9.876636 -1.4937536716461182 0.6792247295379639
Pedestrian 0.0 0 -1.8221499919891357 766.5204467773438 170.3095245361328 809.2863159179688 243.6537322998047 0.86326593 1.6883883 0.78483385 4.3566513 1.4319917 16.965143 -1.5707814693450928 0.6777894496917725
Pedestrian 0.0 0 2.106323719024658 495.629638671875 176.4071044921875 518.8851318359375 219.50894165039062 0.9291396 1.748225 0.5575115 -3.9016817 1.5426503 29.6701 1.975571870803833 0.5729075074195862
Pedestrian 0.0 0 2.680999755859375 875.57080078125 160.56654357910156 911.1766357421875 226.41921997070312 0.706042 1.8359253 0.6809702 8.250109 1.2534652 20.390404 3.065471649169922 0.5228918790817261
Pedestrian 0.0 0 2.2197446823120117 481.8112487792969 177.76119995117188 508.1439208984375 224.42120361328125 0.7143657 1.8354081 0.7673598 -4.2768707 1.6893487 28.751266 2.072073459625244 0.5100510716438293
Pedestrian 0.0 0 -3.3413684368133545 762.894775390625 154.19825744628906 866.973876953125 356.5279235839844 0.71941215 1.6427034 0.7766147 1.7759814 1.4224325 6.244437 -3.064274787902832 0.35991883277893066
Pedestrian 0.0 0 0.6068629622459412 0.0 199.6775665283203 124.39496612548828 329.8987121582031 1.1518371 1.6935302 0.7324759 -7.3973846 1.953613 9.83541 -0.037991978228092194 0.3389754593372345
Pedestrian 0.0 0 -1.762792944908142 835.4780883789062 158.8475341796875 860.4747314453125 215.20077514648438 0.83010167 1.7787857 0.61189985 7.9035687 1.0648668 23.1246 -1.4334580898284912 0.3322103023529053
Pedestrian 0.0 0 -1.8018876314163208 807.6653442382812 164.3588104248047 851.8433227539062 248.22540283203125 1.0396321 1.8327459 0.7293279 5.1099143 1.4593805 16.240509 -1.4970543384552002 0.3162296414375305
Pedestrian 0.0 0 0.11641640216112137 663.9556884765625 175.30947875976562 681.3319702148438 202.52113342285156 1.1121621 1.8226737 0.5436679 4.8204017 1.4086963 48.496937 0.21548700332641602 0.307679682970047
Pedestrian 0.0 0 0.8755228519439697 1068.7406005859375 93.99388885498047 1200.9610595703125 291.2427062988281 0.79776186 1.7802359 0.6598219 5.0411787 0.9918437 6.899848 1.506506085395813 0.2747698128223419
Pedestrian 0.0 0 1.6055907011032104 421.1052551269531 171.55738830566406 451.5194091796875 251.360107421875 1.8055228 1.7607305 0.6349168 -3.8760908 1.5425816 16.793158 1.3787496089935303 0.1289900690317154
Cyclist 0.0 0 -1.5681307315826416 422.1724853515625 173.5494384765625 452.62420654296875 255.9198760986328 1.8978393 1.8140866 0.6570443 -3.8750148 1.6402082 16.815817 -1.7946157455444336 0.6334869265556335
Cyclist 0.0 0 1.7713158130645752 652.663330078125 176.0640411376953 664.9207153320312 198.9591522216797 1.8110124 1.7820666 0.6204291 4.570504 1.3594916 56.865776 1.8515169620513916 0.3563885986804962
Cyclist 0.0 0 2.1049270629882812 496.1015930175781 175.8745574951172 519.4303588867188 218.4814453125 0.9675252 1.7320228 0.54229933 -3.8906202 1.504335 29.750004 1.9748878479003906 0.27601829171180725
Cyclist 0.0 0 0.8755228519439697 1068.7406005859375 93.99388885498047 1200.9610595703125 291.2427062988281 0.79776186 1.7802359 0.6598219 5.0411787 0.9918437 6.899848 1.506506085395813 0.15276475250720978
Cyclist 0.0 0 0.5801358819007874 0.0 193.32566833496094 119.41276550292969 324.8572998046875 1.1410276 1.708182 0.72328055 -7.434265 1.877432 9.798238 -0.0689321830868721 0.13289859890937805
Cyclist 0.0 0 -1.8018876314163208 807.6653442382812 164.3588104248047 851.8433227539062 248.22540283203125 1.0396321 1.8327459 0.7293279 5.1099143 1.4593805 16.240509 -1.4970543384552002 0.11268480122089386
Car 0.0 0 1.6759389638900757 550.2860717773438 167.16720581054688 600.8134155273438 213.20338439941406 4.727648 2.108705 1.996027 -1.2010996 1.4531168 35.329796 1.6419552564620972 0.7868147492408752
