Pedestrian 0.0 0 0.015865445137023926 525.9772338867188 147.19390869140625 630.0205688476562 305.84295654296875 1.1580223 1.7633022 0.6688758 -0.35908535 1.394809 8.203954 -0.02787642925977707 0.8422117233276367
Pedestrian 0.0 0 1.2070205211639404 835.4327392578125 173.84410095214844 873.494873046875 243.09335327148438 0.77340657 1.7072408 0.67173576 6.242281 1.5447464 17.821898 1.5439261198043823 0.2661084234714508
Pedestrian 0.0 0 0.10610469430685043 580.4183959960938 155.4119873046875 617.1205444335938 226.44879150390625 0.85972375 1.7476552 0.64725804 -0.18658024 1.1320345 17.753105 0.0955953598022461 0.1706773191690445
Pedestrian 0.0 0 1.4006013870239258 671.6405639648438 148.7222900390625 701.5582275390625 218.5263214111328 1.4088072 1.7096977 0.521649 2.0299158 0.93297 18.031012 1.5127085447311401 0.12082623690366745
Pedestrian 0.0 0 -1.7861547470092773 772.9713134765625 141.0504913330078 824.5186157226562 244.9489288330078 0.8684272 1.7519168 0.69619024 3.3294783 1.088375 12.36745 -1.5231765508651733 0.11340969055891037
Pedestrian 0.0 0 -2.398581027984619 1107.80615234375 214.73486328125 1224.0 370.0 0.7476785 1.6474346 0.5699762 4.3354177 1.9290663 5.364497 -1.718879222869873 0.11328472942113876
Pedestrian 0.0 0 -3.3567090034484863 970.4672241210938 217.2025909423828 1095.41845703125 370.0 0.6777675 1.6372899 0.6359415 3.130967 1.9363761 5.316026 -2.8244409561157227 0.10691814869642258
Pedestrian 0.0 0 1.5669949054718018 544.7440185546875 153.16061401367188 573.6975708007812 225.03924560546875 0.8266973 1.7385406 0.69992876 -1.1758022 1.0788783 17.533598 1.5000351667404175 0.1029358059167862
Pedestrian 0.0 0 -0.2277737259864807 823.155517578125 184.8653564453125 867.9824829101562 273.2833251953125 0.70962316 1.703567 0.65368885 4.7158656 1.7939607 14.012964 0.09685635566711426 0.10202661901712418
Cyclist 0.0 0 -1.5259426832199097 857.1220703125 147.52049255371094 896.9532470703125 257.208740234375 1.8238783 1.7210383 0.55654556 4.608395 1.2052375 12.03604 -1.1602789163589478 0.342564195394516
Cyclist 0.0 0 1.4006013870239258 671.6405639648438 148.7222900390625 701.5582275390625 218.5263214111328 1.4088072 1.7096977 0.521649 2.0299158 0.93297 18.031012 1.5127085447311401 0.1976533979177475
Car 0.0 0 0.9023996591567993 0.0 126.2956314086914 153.8354949951172 262.5770568847656 4.068923 1.8233683 1.806219 -9.380401 1.0998164 10.713668 0.18325567245483398 0.25357407331466675
