Pedestrian 0.0 0 1.678661823272705 932.35546875 164.04981994628906 944.7006225585938 193.0977020263672 0.7185731 1.7765379 0.62120277 20.273933 1.2384411 44.593155 2.1053695678710938 0.3749820291996002
Car 0.0 0 -0.41828644275665283 750.8289184570312 191.18505859375 990.181396484375 288.7648620605469 3.565352 1.5172958 1.5888102 4.35832 1.8593942 12.50915 -0.08302828669548035 0.9526411294937134
Car 0.0 0 3.602390766143799 46.774253845214844 185.42108154296875 324.2976379394531 273.6272277832031 4.210149 1.5094723 1.6524101 -7.8556867 1.7630413 13.576722 3.0778443813323975 0.9516928195953369
Car 0.0 0 0.7836553454399109 0.0 192.487548828125 177.10401916503906 336.017822265625 4.201063 1.4631352 1.6269804 -7.727678 1.7199498 8.511842 0.04650712013244629 0.8439833521842957
Car 0.0 0 -0.331243097782135 712.8722534179688 185.13162231445312 904.2587890625 264.4604187011719 3.475851 1.5044769 1.582516 3.9558873 1.7735665 14.877068 -0.07135188579559326 0.8272244930267334
Car 0.0 0 3.3554563522338867 168.71295166015625 178.10235595703125 355.9319763183594 245.94789123535156 4.0424805 1.5950041 1.6884476 -8.7696 1.7388532 18.441433 2.911569356918335 0.8004547357559204
Car 0.0 0 -1.87179696559906 449.5895690917969 184.09515380859375 489.4913024902344 209.29261779785156 3.939405 1.6505773 1.6871103 -10.052391 2.4834545 51.30028 -2.0652971267700195 0.692625880241394
Car 0.0 0 0.3156930208206177 242.4791717529297 172.29360961914062 380.4969177246094 241.32632446289062 3.4414651 1.9377081 1.4919847 -8.703707 1.9223363 21.123474 -0.07514901459217072 0.5080226063728333
Car 0.0 0 3.532636880874634 130.13128662109375 179.18862915039062 324.606689453125 250.3229217529297 3.5051103 1.479105 1.5661918 -8.467805 1.6291983 16.11038 3.048710346221924 0.47080090641975403
Car 0.0 0 3.301194906234741 272.6782531738281 174.5223388671875 382.517333984375 222.52687072753906 3.6615782 1.7348061 1.6454309 -10.656088 1.8011471 27.344648 2.929603099822998 0.46800684928894043
