Pedestrian 0.0 0 3.0026180744171143 665.4118041992188 175.29803466796875 690.8599243164062 220.47930908203125 0.93299276 1.7930899 0.6805748 2.69419 1.8930253 29.033304 3.095149517059326 0.7915953993797302
Pedestrian 0.0 0 0.09395235776901245 1012.7365112304688 139.95509338378906 1051.6209716796875 224.54649353027344 0.68200886 1.8063616 0.6440861 9.236091 1.1041975 15.865286 0.6211488246917725 0.27888253331184387
Pedestrian 0.0 0 -0.28351467847824097 719.4908447265625 187.7808380126953 750.0823974609375 241.95162963867188 0.7873565 1.6688137 0.70393634 3.897745 2.1498427 22.83743 -0.1144699901342392 0.19230501353740692
Pedestrian 0.0 0 0.020657867193222046 789.93505859375 150.541259765625 829.2844848632812 209.72531127929688 1.1240687 1.7410407 0.553438 5.9438686 1.085016 21.648258 0.2886202335357666 0.15960820019245148
Pedestrian 0.0 0 -1.8299866914749146 794.2348022460938 178.7830352783203 832.901123046875 242.91102600097656 1.5386227 1.7055706 0.6596946 5.6044292 1.8775053 20.103968 -1.5581167936325073 0.1470513790845871
Pedestrian 0.0 0 -3.249145269393921 719.0921020507812 172.32464599609375 748.9224243164062 205.34829711914062 1.4801426 1.711714 0.61132073 6.4438796 1.6846342 37.74729 -3.080064058303833 0.1125807985663414
Cyclist 0.0 0 -3.091557502746582 712.7367553710938 170.709716796875 748.6632690429688 204.58128356933594 1.8326312 1.7554144 0.62420046 6.305073 1.644644 37.891735 -2.926671266555786 0.29930463433265686
Cyclist 0.0 0 -1.8595221042633057 794.1590576171875 177.3730926513672 833.5889892578125 241.65411376953125 1.6354437 1.7116667 0.6141114 5.6241245 1.8433883 20.14862 -1.5873185396194458 0.18988876044750214
Cyclist 0.0 0 2.5277442932128906 769.5818481445312 167.3216094970703 814.2369384765625 212.85848999023438 1.6107846 1.7381674 0.646008 7.0496364 1.5273513 28.130045 2.7732958793640137 0.1742003858089447
Car 0.0 0 1.7969509363174438 367.8246154785156 179.01187133789062 463.5803527832031 254.5577850341797 4.2865596 1.8555048 1.6611718 -5.3550777 2.0471501 20.241884 1.5383217334747314 0.7329003810882568
Car 0.0 0 -0.7224698066711426 401.10833740234375 160.03968811035156 461.4213562011719 188.17393493652344 3.8629682 1.8463233 1.6827011 -12.224904 1.0057356 49.415382 -0.9649910926818848 0.3461171090602875
Car 0.0 0 -1.6541589498519897 716.4400634765625 171.82115173339844 749.7301025390625 201.493408203125 2.804529 1.5379617 1.5327941 6.5591884 1.4847851 38.857265 -1.4869332313537598 0.17302462458610535
