Pedestrian 0.0 0 -0.4180583953857422 990.71875 117.06753540039062 1068.38916015625 246.49583435058594 0.7834611 1.73307 0.49750736 5.797016 0.8853687 9.755723 0.11809802055358887 0.34405380487442017
Pedestrian 0.0 0 0.5202494263648987 111.01300048828125 110.41629791259766 219.0000457763672 249.35293579101562 1.10668 1.86239 0.62966055 -6.1289506 0.9246176 9.808493 -0.03825041279196739 0.26743754744529724
Pedestrian 0.0 0 3.068588972091675 507.0314025878906 166.57444763183594 521.02880859375 188.03302001953125 1.1537936 1.8350321 0.6065622 -7.81551 0.6453828 60.8706 2.940892219543457 0.2656267285346985
Pedestrian 0.0 0 2.9328017234802246 723.1884155273438 162.85511779785156 737.6852416992188 186.80178833007812 1.0417824 1.8830445 0.52260274 9.922726 0.49678218 55.872116 3.1085662841796875 0.20532621443271637
Pedestrian 0.0 0 0.9431564211845398 273.6816101074219 178.2420654296875 325.1413269042969 265.9552001953125 0.68213415 1.7373685 0.700223 -6.2951193 1.6942738 14.474659 0.5329251289367676 0.1496277004480362
Cyclist 0.0 0 -1.5840489864349365 990.4765014648438 144.6373291015625 1026.213134765625 213.86538696289062 1.7140921 1.708842 0.77408403 10.433501 0.825196 18.385471 -1.0678799152374268 0.7999207377433777
Cyclist 0.0 0 -2.4824142456054688 869.2979736328125 156.08602905273438 910.72265625 195.0467529296875 1.8417208 1.7976854 0.59786195 13.496191 0.6726564 33.564754 -2.1001038551330566 0.3311059772968292
Car 0.0 0 -0.02069038152694702 762.1268310546875 162.69113159179688 880.54248046875 209.5760955810547 3.7224624 1.5081166 1.5699818 7.251344 0.93681806 23.995598 0.2727787494659424 0.8913748860359192
Car 0.0 0 -0.8241986036300659 0.0 201.9906768798828 296.1227111816406 370.0 3.7542808 1.5303885 1.6154159 -3.177057 1.6934097 3.4238944 -1.572219967842102 0.858664333820343
Car 0.0 0 -1.5160250663757324 87.88919830322266 183.48809814453125 120.94269561767578 207.02490234375 4.0417986 1.5185608 1.6260855 -34.14693 1.733054 48.299828 -2.1314191818237305 0.21232320368289948
Car 0.0 0 -1.5375628471374512 0.0 188.71597290039062 15.459063529968262 219.89109802246094 4.0388513 1.5355586 1.636362 -32.808796 2.0028567 38.00507 -2.2497129440307617 0.20825929939746857
Car 0.0 0 0.957724928855896 829.6661376953125 167.66128540039062 899.9773559570312 197.2394256591797 3.8715935 1.5041401 1.6061157 13.882748 0.8526756 38.02867 1.3077527284622192 0.13258656859397888
