Pedestrian 0.0 0 -2.3714165687561035 0.0 153.42904663085938 62.47056198120117 260.4298095703125 0.9366838 1.8123305 0.5889133 -10.173883 1.3554633 12.301267 -3.062441110610962 0.8223329186439514
Pedestrian 0.0 0 1.714547872543335 767.1251831054688 181.6173858642578 807.1001586914062 252.63308715820312 0.7611368 1.7077473 0.86146146 4.4842005 1.7378681 17.530737 1.9649691581726074 0.24309061467647552
Pedestrian 0.0 0 3.17541766166687 422.9632873535156 137.63552856445312 505.4600524902344 280.3912048339844 1.0138588 1.7707137 0.57640606 -1.8548757 1.2407094 9.133372 2.975054979324341 0.1982189118862152
Pedestrian 0.0 0 1.533980369567871 1167.433837890625 129.29464721679688 1224.0 299.32208251953125 1.681606 1.7710885 0.64070386 6.913552 1.2393999 8.219979 2.2332653999328613 0.1547543853521347
Cyclist 0.0 0 1.533980369567871 1167.433837890625 129.29464721679688 1224.0 299.32208251953125 1.681606 1.7710885 0.64070386 6.913552 1.2393999 8.219979 2.2332653999328613 0.25013697147369385
Car 0.0 0 -1.7249131202697754 1161.4027099609375 197.1678466796875 1224.0 303.2524108886719 3.6894898 1.4322144 1.5689402 10.73391 1.7666891 12.137918 -1.000823974609375 0.865842878818512
Car 0.0 0 2.0549802780151367 890.2281494140625 181.43817138671875 944.2982788085938 204.79293823242188 4.251455 1.6054795 1.7777817 22.45718 1.6768059 50.777718 2.4713828563690186 0.47976934909820557
Car 0.0 0 1.891427993774414 1140.374755859375 186.94773864746094 1224.0 231.4259490966797 3.8818433 1.5253774 1.6588444 21.863659 1.7841964 26.479012 2.5816431045532227 0.3537134826183319
Car 0.0 0 2.4098353385925293 459.76776123046875 164.0838623046875 626.2664184570312 242.0630645751953 4.318234 1.8311108 1.7811569 -1.5697238 1.4472313 18.780172 2.3264451026916504 0.27499279379844666
Car 0.0 0 -1.630366563796997 1179.9827880859375 184.5161590576172 1224.0 257.6056213378906 3.7591424 1.4800724 1.6319932 14.50221 1.58677 16.515245 -0.9097776412963867 0.2400503158569336
