Pedestrian 0.0 0 2.770195960998535 622.7063598632812 158.5364990234375 641.3711547851562 190.10511779785156 0.9453632 1.8092678 0.5478227 1.2401828 0.9890579 41.766632 2.799880266189575 0.27581819891929626
Pedestrian 0.0 0 -2.210996150970459 1212.836669921875 127.42633819580078 1242.0 185.7624053955078 0.55276483 1.8963678 0.59725314 20.325403 0.41998 23.748682 -1.5031135082244873 0.21682938933372498
Pedestrian 0.0 0 -2.7126989364624023 303.9254150390625 179.3350067138672 338.8092041015625 210.26126098632812 1.7840109 1.765551 0.59753954 -16.69958 2.1433136 41.67313 -3.093832492828369 0.11682376265525818
Cyclist 0.0 0 -2.4204981327056885 628.27490234375 168.36489868164062 659.2130126953125 201.77748107910156 1.7787243 1.8201768 0.5780004 1.8327141 1.5759875 40.128746 -2.374859094619751 0.6495508551597595
Cyclist 0.0 0 -2.7126989364624023 303.9254150390625 179.3350067138672 338.8092041015625 210.26126098632812 1.7840109 1.765551 0.59753954 -16.69958 2.1433136 41.67313 -3.093832492828369 0.49515464901924133
Cyclist 0.0 0 -2.2739596366882324 731.93017578125 141.6287078857422 780.861572265625 211.94117736816406 1.4156202 1.7646846 0.43664488 3.7555366 0.9813582 18.831108 -2.0771098136901855 0.2235928773880005
Cyclist 0.0 0 2.833345890045166 620.5533447265625 158.90184020996094 644.41796875 190.64920043945312 1.2697614 1.8188169 0.56399846 1.2661561 1.0198513 41.779778 2.8636419773101807 0.10571427643299103
Car 0.0 0 -1.4622480869293213 515.7972412109375 175.60231018066406 559.3649291992188 211.61715698242188 3.7652626 1.5819029 1.6371758 -3.3820899 1.7184727 33.8682 -1.5617784261703491 0.8958685994148254
Car 0.0 0 -1.6386483907699585 575.8843383789062 176.29833984375 605.5822143554688 201.41087341308594 3.6908014 1.5443585 1.6725368 -1.317498 1.777347 46.81296 -1.6667848825454712 0.7821016311645508
Car 0.0 0 1.8162031173706055 402.690673828125 181.2541961669922 448.5469970703125 209.3414306640625 4.0305586 1.5051568 1.6498188 -10.675261 2.0167305 41.88963 1.5666719675064087 0.5451105833053589
Car 0.0 0 -1.2729511260986328 622.8356323242188 175.5894317626953 665.6634521484375 203.44683837890625 3.5666926 1.6350634 1.6784283 2.1304886 1.8123132 44.694744 -1.2253196239471436 0.45006951689720154
Car 0.0 0 2.06772518157959 60.837215423583984 167.5115509033203 253.00296020507812 266.4719543457031 4.2363195 1.9217513 1.8213516 -9.919003 1.818362 16.17269 1.5175706148147583 0.2136857956647873
