Car 0.0 0 -1.5900404453277588 589.5076904296875 178.3911895751953 657.2454223632812 242.18353271484375 3.5998838 1.5788703 1.7065462 0.27892175 1.7463734 19.973095 -1.5760765075683594 0.9524323344230652
Car 0.0 0 1.8301873207092285 491.06158447265625 181.0194854736328 543.6986694335938 211.406005859375 4.4717584 1.4808419 1.712366 -4.932912 1.9460263 38.741825 1.7035410404205322 0.9365894198417664
Car 0.0 0 2.251547336578369 0.0 193.7828369140625 180.1719970703125 296.33746337890625 4.4956827 1.49898 1.7428433 -10.497043 1.9639237 13.74247 1.5992475748062134 0.9126942753791809
Car 0.0 0 1.9351856708526611 328.1164855957031 180.28553771972656 439.1311340332031 243.4838104248047 4.0439568 1.6026511 1.7220868 -6.4404335 1.8392023 20.856005 1.635670781135559 0.8946521282196045
Car 0.0 0 1.8479950428009033 450.58294677734375 179.26454162597656 500.09503173828125 207.57403564453125 4.422005 1.5559642 1.7550328 -7.981346 1.9584229 42.97231 1.6643552780151367 0.7514737248420715
Car 0.0 0 -1.164402723312378 705.37841796875 175.55601501464844 813.5543823242188 235.50914001464844 3.732422 1.5126117 1.648699 4.2544794 1.5968035 20.382969 -0.9586299657821655 0.6464945673942566
Car 0.0 0 1.979978084564209 326.67645263671875 181.55357360839844 406.8030090332031 221.12782287597656 4.178199 1.4799094 1.6335957 -10.071023 1.8688834 30.077251 1.6568734645843506 0.5165974497795105
Car 0.0 0 -0.9598150253295898 755.2261962890625 175.8746337890625 934.72216796875 262.1940612792969 3.5327952 1.4452559 1.531347 4.5218387 1.5106903 13.868623 -0.6446354389190674 0.48536011576652527
Car 0.0 0 2.06341814994812 148.058349609375 176.91786193847656 289.2735290527344 251.49972534179688 4.0636573 1.8078704 1.6580108 -10.557893 1.9308865 19.742043 1.5723257064819336 0.4422723650932312
Car 0.0 0 -1.4360086917877197 651.3018188476562 174.7947235107422 675.8682861328125 191.83779907226562 3.6953988 1.3994238 1.6136776 4.5857224 1.5709682 61.668034 -1.3617838621139526 0.4016633927822113
