Pedestrian 0.0 0 2.303769588470459 552.9765625 186.1117401123047 572.99951171875 214.37596130371094 0.9413452 1.8543698 0.94091797 -3.866024 1.7632879 41.40127 2.210660219192505 0.5489580631256104
Pedestrian 0.0 0 3.0757761001586914 578.4797973632812 185.4303741455078 593.2400512695312 213.57736206054688 0.95396054 1.9126841 0.94082546 -2.4224606 1.7720457 42.72425 3.019136905670166 0.4429515600204468
Pedestrian 0.0 0 -1.4773895740509033 534.3771362304688 182.70956420898438 546.5914306640625 211.14617919921875 0.800509 1.8333701 0.7173882 -5.240474 1.52452 40.44993 -1.6062265634536743 0.3682444393634796
Pedestrian 0.0 0 -3.1820268630981445 713.7982788085938 187.99412536621094 729.9298706054688 217.30494689941406 0.98844194 1.8617702 0.923883 6.4869447 1.8939943 39.980244 -3.021174907684326 0.26242345571517944
Cyclist 0.0 0 2.1898841857910156 182.5934600830078 175.6519775390625 241.78305053710938 255.0271759033203 1.6295345 2.1454597 0.55848175 -11.554662 1.8252155 17.610117 1.609206199645996 0.9259037375450134
Cyclist 0.0 0 -1.87088942527771 882.295654296875 182.1688232421875 900.7167358398438 216.1599578857422 1.6996653 1.627745 0.34465623 13.317218 1.3724493 30.601688 -1.4604285955429077 0.19790102541446686
Car 0.0 0 1.900572419166565 384.2925109863281 190.08665466308594 452.4894104003906 222.5435333251953 4.999745 1.6548036 2.0894146 -11.146307 1.8093332 34.58111 1.5887631177902222 0.9735651016235352
Car 0.0 0 -1.5530221462249756 611.9427490234375 192.9159698486328 647.6571655273438 218.42909240722656 5.38678 1.408035 2.0397053 0.5911446 1.7645731 38.155235 -1.5375301837921143 0.9633702635765076
Car 0.0 0 1.7569382190704346 493.0882263183594 186.48475646972656 537.3697509765625 211.58717346191406 5.0465007 1.6542678 2.1496542 -7.3144298 1.5873628 43.468014 1.5902284383773804 0.9632477760314941
Car 0.0 0 2.1756057739257812 125.61695861816406 187.68812561035156 221.9805145263672 222.1564178466797 3.9317348 1.4983299 1.7112347 -20.727 1.5077133 28.995502 1.55499267578125 0.20927098393440247
