Pedestrian 0.0 0 0.2564930021762848 874.3189086914062 146.77284240722656 942.760009765625 253.64828491210938 0.91649103 1.753449 0.8100077 5.095913 1.325907 12.434332 0.6454412937164307 0.6909078359603882
Pedestrian 0.0 0 2.158768892288208 235.3372802734375 187.06065368652344 276.62249755859375 264.2838134765625 0.6675696 1.658725 0.5437599 -7.8915806 1.9813075 15.996477 1.7004694938659668 0.6067776679992676
Pedestrian 0.0 0 -0.31778624653816223 644.1714477539062 167.65708923339844 668.8142700195312 206.49168395996094 1.0531195 1.8123555 0.5117729 2.1532428 1.5701808 34.05065 -0.2546338737010956 0.5837652087211609
Pedestrian 0.0 0 -2.7086338996887207 430.2720642089844 174.87791442871094 447.69476318359375 207.3556365966797 0.76817733 1.7520202 0.54011 -9.349945 1.8635892 39.304077 -2.9421803951263428 0.44482430815696716
Pedestrian 0.0 0 0.6565108299255371 392.2933654785156 157.99481201171875 418.8155212402344 199.8883819580078 1.0338284 1.8992275 0.5801722 -9.437198 1.2259506 33.168743 0.3793148994445801 0.4228580892086029
Pedestrian 0.0 0 -0.2782105803489685 706.7960205078125 176.9551544189453 729.01025390625 218.07315063476562 0.7562422 1.6412067 0.58757126 4.322299 1.8095207 29.205845 -0.1312827467918396 0.2904205024242401
Pedestrian 0.0 0 -0.11466246843338013 888.060302734375 163.5566864013672 943.623046875 262.2326354980469 0.876048 1.7623821 0.614618 5.5714254 1.5966872 13.3012 0.2820014953613281 0.2250320017337799
Pedestrian 0.0 0 2.722557544708252 728.486328125 165.43930053710938 747.3908081054688 197.62461853027344 0.8767222 1.8841618 0.7378655 7.534873 1.4504555 42.700886 2.897216558456421 0.2168472409248352
Cyclist 0.0 0 -0.29182595014572144 1103.73974609375 153.9404754638672 1183.1380615234375 214.08155822753906 1.8226838 1.7616317 0.613168 15.985766 1.2079812 21.727118 0.34249377250671387 0.3219999074935913
Cyclist 0.0 0 0.058963894844055176 878.513427734375 144.5711669921875 944.7100830078125 250.3378448486328 1.0127227 1.7407837 0.7296358 5.1463957 1.2756424 12.422101 0.45173120498657227 0.12301425635814667
Cyclist 0.0 0 1.1545432806015015 394.8726501464844 157.9397735595703 416.1678161621094 199.4969024658203 0.94806665 1.8783141 0.60970646 -9.442773 1.2045733 33.168972 0.8771936893463135 0.10644841939210892
Car 0.0 0 2.4093828201293945 0.0 212.26036071777344 105.82979583740234 375.0 3.9421554 1.5187331 1.616548 -5.0237665 1.8519337 4.0828133 1.5210233926773071 0.5960725545883179
Car 0.0 0 1.7593709230422974 441.42327880859375 170.77684020996094 506.224853515625 225.951904296875 3.983409 1.8854809 1.6307286 -4.984226 1.814857 26.648836 1.5744736194610596 0.4549379348754883
Car 0.0 0 1.1544147729873657 728.4596557617188 172.15200805664062 781.0916748046875 199.29043579101562 4.1434526 1.5930843 1.6422523 8.840493 1.5522337 44.55425 1.3502914905548096 0.3743634819984436
Car 0.0 0 -1.8191101551055908 1069.806396484375 146.05459594726562 1181.546875 200.39634704589844 4.7782626 1.6039727 1.8583215 16.809202 0.81330884 23.857866 -1.2053329944610596 0.20889683067798615
