Pedestrian 0.0 0 1.8557490110397339 511.7416687011719 168.10716247558594 534.274658203125 209.81138610839844 0.8318189 1.903957 0.83706963 -4.0633144 1.6876036 33.41685 1.7347482442855835 0.2968572974205017
Pedestrian 0.0 0 2.573540687561035 909.3138427734375 120.96599578857422 979.4237670898438 246.82566833496094 0.7443132 1.8264017 0.60569835 4.949739 1.0737913 10.819271 3.002608060836792 0.22810199856758118
Pedestrian 0.0 0 -2.5104219913482666 91.31980895996094 136.07901000976562 174.8030242919922 263.0378723144531 0.84766024 1.8261518 0.58950377 -7.104685 1.2975452 10.689049 -3.0970406532287598 0.1440715491771698
Pedestrian 0.0 0 -0.3040473461151123 1184.8861083984375 115.83174133300781 1242.0 209.4857940673828 0.83642405 1.8251668 0.63778704 12.141749 0.7142527 14.513499 0.3926057815551758 0.14283329248428345
Car 0.0 0 -1.455724835395813 659.027587890625 166.75149536132812 698.3026123046875 200.49642944335938 2.7481701 1.5379432 1.5602496 3.2661173 1.2601764 34.38813 -1.3610308170318604 0.7748702764511108
Car 0.0 0 2.0654149055480957 0.0 174.34906005859375 334.5779113769531 375.0 4.2553673 1.5437903 1.6392033 -3.6831243 1.5603763 5.6403084 1.4869331121444702 0.7519211173057556
Car 0.0 0 1.922020435333252 227.95574951171875 171.850341796875 454.340576171875 315.200927734375 4.3286653 1.7348526 1.7493699 -3.7818305 1.723064 10.908739 1.58830726146698 0.6621193289756775
Car 0.0 0 1.8705052137374878 615.3444213867188 166.91029357910156 653.9822998046875 188.9830322265625 3.9877563 1.4919175 1.6210041 1.7550579 1.0905348 50.916107 1.9049612283706665 0.4173740744590759
Car 0.0 0 2.2704215049743652 0.0 185.56964111328125 287.4709167480469 325.2732849121094 3.857326 1.4343697 1.5928348 -6.276682 1.6427786 9.787617 1.7001951932907104 0.21051470935344696
Car 0.0 0 1.9135082960128784 638.3240356445312 168.31396484375 673.770263671875 187.0780029296875 4.01509 1.4465274 1.57624 3.7004318 1.0968915 57.77647 1.9774683713912964 0.17246921360492706
