Pedestrian 0.0 0 2.534716844558716 990.1280517578125 106.5893783569336 1069.1629638671875 240.52932739257812 0.74743146 1.7891474 0.5605638 5.7941165 0.80353355 9.745569 3.071110963821411 0.45934751629829407
Pedestrian 0.0 0 0.8819258213043213 271.7754821777344 180.44480895996094 324.5606689453125 266.1068115234375 0.7637355 1.6941836 0.6526829 -6.307 1.6947216 14.44265 0.47019314765930176 0.3742249310016632
Pedestrian 0.0 0 3.5875117778778076 116.60419464111328 99.05095672607422 204.44088745117188 238.9867706298828 0.84151095 1.8706012 0.63645756 -6.19624 0.7834977 9.811847 3.024247646331787 0.3150196969509125
Pedestrian 0.0 0 -1.6460121870040894 790.3394165039062 160.9677734375 803.8325805664062 194.8900604248047 0.69125086 1.7964191 0.6455948 10.26591 0.76346344 37.838436 -1.3810806274414062 0.1608990579843521
Pedestrian 0.0 0 -0.29615771770477295 508.4054870605469 163.74322509765625 522.1253051757812 186.36489868164062 1.0525585 1.9319462 0.5643754 -7.7053876 0.5020731 60.85176 -0.42211291193962097 0.14087925851345062
Pedestrian 0.0 0 -1.7763187885284424 985.0454711914062 148.42799377441406 1006.30517578125 188.73609924316406 0.6850237 1.899679 0.7635806 18.631882 0.38960743 33.757244 -1.271989345550537 0.1291784793138504
Pedestrian 0.0 0 -0.14385420083999634 772.072265625 159.4228057861328 804.76318359375 191.18728637695312 1.7515898 1.8046998 0.55795056 10.501258 0.60858315 40.539146 0.10961437225341797 0.11198507994413376
Pedestrian 0.0 0 -0.44692081212997437 593.8187255859375 168.09120178222656 603.47265625 193.09402465820312 0.449508 1.8908842 0.76395684 -0.47660962 0.9537071 53.908817 -0.4557616114616394 0.11117620766162872
Cyclist 0.0 0 -1.6325856447219849 985.281005859375 136.33767700195312 1025.3148193359375 206.85357666015625 1.749776 1.752394 0.80023265 10.42874 0.6565099 18.527746 -1.1199140548706055 0.6971036791801453
Cyclist 0.0 0 -0.10821452736854553 771.8970336914062 159.04721069335938 804.3284912109375 190.48947143554688 1.7507291 1.7854592 0.5441218 10.483706 0.5686408 40.54061 0.14483952522277832 0.22460442781448364
Car 0.0 0 -0.805030107498169 0.0 202.11134338378906 293.3558349609375 370.0 3.7733862 1.4861633 1.6267312 -3.176231 1.6476561 3.3323128 -1.5664517879486084 0.8831443786621094
Car 0.0 0 -0.3922920525074005 847.0941772460938 160.572021484375 1000.7708129882812 208.53805541992188 4.1295743 1.4598908 1.6137232 9.970797 0.854923 22.376795 0.026885509490966797 0.8350451588630676
