Pedestrian 0.0 0 1.9085654020309448 1099.5997314453125 181.0183868408203 1133.2236328125 243.06088256835938 0.58130586 1.8923296 0.7092347 15.802673 2.1534233 22.582535 2.5191397666931152 0.17115256190299988
Pedestrian 0.0 0 1.5459650754928589 964.5541381835938 159.36610412597656 980.2847900390625 201.32305908203125 0.635354 1.8518168 0.61185396 16.160872 1.2568716 32.260777 2.0103683471679688 0.1460466831922531
Pedestrian 0.0 0 1.9924458265304565 156.9388427734375 172.22402954101562 180.38417053222656 209.18655395507812 0.8953157 1.8635104 0.71934474 -22.579634 1.832108 36.864338 1.4428813457489014 0.13954178988933563
Pedestrian 0.0 0 -0.8276188969612122 0.0 182.91976928710938 65.43305969238281 366.2597961425781 0.5732321 1.7089682 0.648303 -5.9252195 1.8120061 7.0567784 -1.5260730981826782 0.12662920355796814
Cyclist 0.0 0 -1.4932751655578613 912.7831420898438 155.24588012695312 926.1459350585938 191.8569793701172 1.6575024 1.79735 0.4923185 15.524495 0.9332719 36.268173 -1.0888261795043945 0.1271408051252365
Car 0.0 0 1.7093243598937988 493.4493408203125 185.70579528808594 548.6885986328125 227.97573852539062 3.5736895 1.422341 1.5856519 -3.3245487 1.938761 27.170633 1.587571382522583 0.8997800350189209
Car 0.0 0 -1.5649651288986206 588.9552001953125 181.82846069335938 632.1848754882812 225.0292205810547 4.38612 1.6659689 1.7220948 -0.00747097 2.0784438 30.933199 -1.5652066469192505 0.8986700773239136
Car 0.0 0 1.632371425628662 555.3092041015625 180.6329803466797 579.857421875 200.98214721679688 4.043153 1.571035 1.7695817 -3.4740133 2.2322922 59.27466 1.5738296508789062 0.625048816204071
Car 0.0 0 1.897027850151062 342.2041931152344 177.65182495117188 379.4267883300781 202.18890380859375 4.1041093 1.9213896 1.6682471 -20.47122 2.3301463 59.358948 1.5649290084838867 0.5907487273216248
Car 0.0 0 1.4563689231872559 1058.3065185546875 185.17105102539062 1111.343505859375 220.79429626464844 3.598757 1.5392128 1.7119626 22.62187 2.1632977 34.54328 2.036170482635498 0.15545931458473206
