Pedestrian 0.0 0 -2.1053240299224854 973.0702514648438 148.9182891845703 993.1026000976562 184.7141876220703 0.7500071 1.8993093 0.6637339 19.958136 0.6296526 38.675266 -1.6289238929748535 0.5760037899017334
Car 0.0 0 1.9884295463562012 170.9099578857422 202.04103088378906 366.6087951660156 308.51239013671875 3.9550629 1.437573 1.6409863 -5.8442307 2.036715 12.81405 1.5605311393737793 0.9462916851043701
Car 0.0 0 -3.4647514820098877 810.6678466796875 157.5201416015625 949.2265625 204.34556579589844 4.1634912 1.5542126 1.6201327 9.158046 1.0456147 24.819105 -3.1112587451934814 0.935459315776825
Car 0.0 0 1.876278281211853 316.52630615234375 195.96913146972656 429.1529846191406 265.96795654296875 3.7758963 1.4540948 1.6150525 -5.8610635 2.096027 18.130245 1.5636069774627686 0.9107929468154907
Car 0.0 0 1.8277475833892822 384.0457763671875 192.02902221679688 462.84063720703125 243.42572021484375 3.6723754 1.4093351 1.5443918 -5.892442 2.0698335 22.996817 1.5769153833389282 0.890171229839325
Car 0.0 0 1.7891740798950195 431.4103088378906 189.28070068359375 493.8091125488281 229.97503662109375 4.0956907 1.4254843 1.6051273 -5.878536 2.133057 28.999187 1.5891704559326172 0.844089925289154
Car 0.0 0 2.7349748611450195 808.5679931640625 155.9462432861328 912.4254150390625 199.55809020996094 3.3797538 1.5994949 1.5576972 9.411065 0.97974896 27.364021 3.0662240982055664 0.7805846929550171
Car 0.0 0 -1.6865984201431274 668.130615234375 177.2703094482422 716.3446044921875 215.23448181152344 3.8022544 1.5003089 1.6062526 3.4133155 1.7012361 30.860731 -1.5764423608779907 0.661101758480072
Car 0.0 0 1.7511975765228271 476.7705078125 189.42724609375 522.65185546875 220.9000701904297 4.1515303 1.4086674 1.5812558 -5.5670667 2.2979565 36.59987 1.6002484560012817 0.6175572872161865
Car 0.0 0 2.6580026149749756 777.0225830078125 164.72349548339844 875.9834594726562 204.2041015625 3.6189082 1.5769893 1.568367 8.913145 1.2525874 29.936571 2.9473795890808105 0.5217162370681763
Car 0.0 0 -0.6140417456626892 1107.913330078125 134.6178741455078 1242.0 173.5709686279297 4.6602426 1.545013 1.8064111 23.404707 0.028795138 29.644194 0.05427670478820801 0.5189014077186584
Car 0.0 0 -0.6620455384254456 1079.9144287109375 141.8395233154297 1204.603515625 177.38414001464844 4.330238 1.543936 1.7492182 23.699875 0.19713122 32.274677 -0.028656747192144394 0.5127546787261963
