Pedestrian 0.0 0 1.9845792055130005 210.22117614746094 136.71507263183594 247.41029357910156 207.0727081298828 0.82590705 1.9230112 0.6418817 -10.684881 0.9356221 20.153755 1.4970892667770386 0.25057920813560486
Pedestrian 0.0 0 3.494568347930908 298.6123352050781 190.9541015625 327.91009521484375 249.0157012939453 0.6324091 1.6784991 0.60775447 -8.829723 2.2229035 21.369051 3.1027333736419678 0.1616653949022293
Pedestrian 0.0 0 0.7104593515396118 0.0 182.6014404296875 67.93560028076172 279.3340759277344 0.991598 1.7819289 0.5884161 -11.030237 1.9710519 13.660738 0.031197786331176758 0.1550138145685196
Cyclist 0.0 0 1.7548891305923462 540.2894287109375 178.1317596435547 556.6016235351562 210.9678955078125 1.7451401 1.7569478 0.58892936 -3.4207761 2.0549362 39.78993 1.6691291332244873 0.44741418957710266
Car 0.0 0 1.8937278985977173 395.31683349609375 188.13719177246094 477.2676086425781 236.63096618652344 3.7005596 1.4133563 1.5687864 -5.757796 1.9657016 24.144646 1.659629225730896 0.9493329524993896
Car 0.0 0 1.8326321840286255 550.091064453125 180.291015625 581.8764038085938 200.90164184570312 3.7313201 1.503215 1.552514 -3.4073343 2.1016152 56.036137 1.7719008922576904 0.6119697093963623
Car 0.0 0 -1.2990128993988037 523.787841796875 180.66026306152344 567.1571655273438 208.80604553222656 3.5850298 1.4849826 1.551809 -3.6552505 1.9498208 41.025642 -1.387874960899353 0.30497249960899353
Car 0.0 0 -1.5456955432891846 660.234375 173.8863983154297 678.31591796875 189.7368927001953 3.396418 1.3813504 1.5376645 5.3300724 1.4770765 64.879684 -1.4637264013290405 0.23548196256160736
Car 0.0 0 -2.4798619747161865 54.01223373413086 158.27590942382812 191.19509887695312 200.7823944091797 4.167071 1.5761907 1.7758614 -18.739843 1.0359762 27.780752 -3.0733108520507812 0.2146981656551361
Car 0.0 0 2.1284046173095703 477.7325744628906 182.065673828125 519.6943969726562 202.6112518310547 3.64186 1.5199844 1.6015271 -8.800444 2.2753928 57.150234 1.9756169319152832 0.2039979100227356
Car 0.0 0 -0.21588435769081116 809.6265869140625 158.50279235839844 893.2906494140625 185.6056365966797 4.6785192 1.6491629 1.7679781 14.971138 0.776274 45.026176 0.10511469841003418 0.20297852158546448
Car 0.0 0 -3.384370803833008 889.3399047851562 165.5277862548828 949.1325073242188 185.25314331054688 3.7583215 1.4176829 1.5915112 22.618328 0.8914972 52.941624 -2.980611562728882 0.1982661783695221
