Pedestrian 0.0 0 1.7120767831802368 912.335205078125 161.59652709960938 948.4352416992188 247.79754638671875 0.71150666 1.735692 0.5927861 6.6076784 1.5093762 14.984346 2.1273977756500244 0.7965378165245056
Pedestrian 0.0 0 -1.9700560569763184 739.5284423828125 156.5199432373047 782.7032470703125 237.3179931640625 0.68015355 1.7382648 0.7238198 3.277708 1.3872167 15.92432 -1.7670607566833496 0.7958769798278809
Pedestrian 0.0 0 0.6229197978973389 373.2574462890625 165.42312622070312 404.7013854980469 236.16070556640625 0.49149013 1.7981871 0.65491885 -5.780841 1.6096486 18.72772 0.3235204219818115 0.6443134546279907
Pedestrian 0.0 0 1.5290367603302002 746.060546875 159.07986450195312 777.66357421875 229.72683715820312 0.9941501 1.8365096 0.7833492 4.0041485 1.4788009 19.30801 1.7335209846496582 0.5550448298454285
Pedestrian 0.0 0 -1.0525544881820679 289.7959899902344 161.89471435546875 331.99334716796875 239.13906860351562 0.8398965 1.847524 0.6240457 -7.380622 1.5857587 17.710085 -1.4474139213562012 0.5222878456115723
Pedestrian 0.0 0 2.920295000076294 369.1029357910156 166.74893188476562 393.28082275390625 215.8289337158203 0.74258345 1.7922275 0.59492904 -8.540809 1.5696505 26.789595 2.611671209335327 0.4513750374317169
Pedestrian 0.0 0 2.242191791534424 1128.1383056640625 147.8207550048828 1224.471435546875 280.61199951171875 0.8126788 1.7230536 0.6674802 7.6088505 1.3985887 9.77988 2.9033801555633545 0.4253461956977844
Pedestrian 0.0 0 -3.1201021671295166 805.5482788085938 139.76449584960938 852.7471923828125 222.09689331054688 1.0352393 1.8690739 0.5468833 5.0529156 1.1182486 16.79711 -2.827892780303955 0.34758254885673523
Pedestrian 0.0 0 1.5969715118408203 228.69464111328125 178.3351287841797 263.99609375 242.9991912841797 0.8060691 1.7622242 0.868082 -10.268483 1.9210181 20.303802 1.1287410259246826 0.3229900598526001
Pedestrian 0.0 0 -1.9059127569198608 937.2427978515625 164.0633087158203 980.0111083984375 254.6973876953125 0.5657322 1.6577811 0.56481653 6.466844 1.497349 13.507355 -1.459397315979004 0.31169307231903076
Pedestrian 0.0 0 3.1440582275390625 390.5023498535156 146.0792694091797 410.8956604003906 213.99798583984375 0.5363365 1.852539 0.62770325 -5.864587 1.1225941 20.053877 2.8595502376556396 0.3116638958454132
Pedestrian 0.0 0 1.4120992422103882 764.1005249023438 181.45655822753906 789.1719970703125 240.4275665283203 0.7170966 1.6160204 0.5778531 4.6248155 1.8624144 20.256695 1.6365623474121094 0.2713048756122589
Cyclist 0.0 0 1.9386794567108154 519.077880859375 167.37362670898438 545.886962890625 211.50546264648438 1.9008979 1.8085649 0.4793843 -3.3073149 1.5843319 30.546679 1.8308287858963013 0.8145738840103149
Cyclist 0.0 0 -0.4379628002643585 579.11572265625 170.23028564453125 614.5632934570312 204.98013305664062 1.7623492 1.7761985 0.58449215 -0.7183743 1.642448 37.528976 -0.45710232853889465 0.8033152222633362
Cyclist 0.0 0 -1.2493468523025513 836.8877563476562 153.37257385253906 914.6997680664062 278.0874328613281 1.8311706 1.7954278 0.5979956 4.134498 1.5153258 11.287167 -0.8982245922088623 0.678686261177063
Cyclist 0.0 0 -0.9700392484664917 534.1201171875 169.59347534179688 566.6980590820312 208.39306640625 1.8130465 1.7623578 0.5984037 -2.808851 1.6146158 33.706818 -1.0531790256500244 0.6712972521781921
Cyclist 0.0 0 -3.119520664215088 804.7177734375 139.7585906982422 854.4583129882812 223.1864471435547 1.0913141 1.8937579 0.5318698 5.062701 1.1428719 16.797512 -2.8267836570739746 0.15528227388858795
Car 0.0 0 -0.7710995674133301 287.3558654785156 166.5479736328125 353.71484375 197.1468505859375 3.9332607 1.8963965 1.692668 -18.763172 1.5059316 46.856155 -1.1519869565963745 0.2907363176345825
