Pedestrian 0.0 0 -1.4938820600509644 458.50531005859375 181.08799743652344 487.168212890625 232.7096405029297 0.9522819 1.8054601 0.9432791 -4.96271 2.1077197 25.926676 -1.6830077171325684 0.3252924084663391
Pedestrian 0.0 0 -0.5409083962440491 505.30889892578125 171.91607666015625 539.2828979492188 227.26400756835938 0.7726887 1.766722 0.8549579 -2.9171543 1.7371411 23.603685 -0.6638737916946411 0.30688366293907166
Pedestrian 0.0 0 -1.9396836757659912 438.54571533203125 155.70318603515625 455.0213317871094 187.3506317138672 0.60855013 2.0361073 0.8849277 -10.645112 0.9330299 46.918354 -2.162792444229126 0.2297939509153366
Cyclist 0.0 0 1.1167781352996826 727.4248046875 147.90362548828125 784.5694580078125 248.35440063476562 1.6221968 2.083374 0.56764466 3.123018 1.5662549 15.818871 1.3116950988769531 0.31629303097724915
Car 0.0 0 -1.8270267248153687 294.97467041015625 187.52587890625 395.8207092285156 253.82493591308594 3.7422316 1.5790533 1.7289385 -7.494584 2.0295694 20.107483 -2.183802366256714 0.8754696249961853
Car 0.0 0 -1.7133920192718506 273.45849609375 186.85450744628906 338.7028503417969 236.6131134033203 3.604573 1.5421187 1.610689 -10.803606 2.0737855 25.420263 -2.115262508392334 0.8271486759185791
Car 0.0 0 -1.8009958267211914 242.41677856445312 191.32810974121094 305.7287292480469 232.2194366455078 3.4899704 1.4459543 1.5458878 -13.59818 2.237001 29.030369 -2.2390553951263428 0.6576648950576782
Car 0.0 0 -1.645965337753296 214.88726806640625 187.38284301757812 252.53372192382812 216.2901611328125 3.6794052 1.4449179 1.5741786 -20.942034 2.2911668 40.02858 -2.1279821395874023 0.6195026636123657
Car 0.0 0 -1.5797592401504517 45.455074310302734 191.147705078125 108.6373291015625 242.43991088867188 3.8743806 1.5100158 1.6338055 -18.318398 2.1891556 24.731304 -2.2172796726226807 0.27408599853515625
Car 0.0 0 -1.5479942560195923 74.61558532714844 176.28790283203125 124.49017333984375 218.14163208007812 4.0081306 1.7350575 1.7360791 -22.895864 1.8998847 32.40846 -2.1630547046661377 0.23756903409957886
Car 0.0 0 -1.6302423477172852 179.44155883789062 183.7508087158203 205.64083862304688 203.67538452148438 3.5170639 1.5630933 1.6975769 -35.13479 2.5087173 60.653645 -2.1552791595458984 0.20346251130104065
