Car 0.0 0 -1.8653299808502197 730.39111328125 190.66079711914062 995.7999267578125 370.0457458496094 3.5455213 1.4027165 1.6074526 2.343917 1.6385621 7.7654266 -1.5721858739852905 0.9670830368995667
Car 0.0 0 -1.8293793201446533 684.3797607421875 182.39697265625 806.706787109375 271.7574768066406 3.364984 1.5293105 1.5640556 2.5295951 1.7440178 14.460973 -1.6562057733535767 0.9318438172340393
Car 0.0 0 -1.7142200469970703 655.0713500976562 182.59207153320312 735.4952392578125 243.2965850830078 3.7125666 1.4229487 1.6047624 2.1430066 1.7105228 19.396366 -1.6041814088821411 0.9104551672935486
Car 0.0 0 -1.3297629356384277 303.3872985839844 185.56556701660156 497.30487060546875 327.52874755859375 3.681057 1.4826227 1.6219486 -2.6305196 1.6870956 9.724474 -1.5939455032348633 0.8982299566268921
Car 0.0 0 1.7139345407485962 418.3240966796875 188.04039001464844 520.967041015625 274.8016052246094 3.6164193 1.456795 1.5228806 -2.7599025 1.8031458 14.596322 1.527058720588684 0.7973861694335938
Car 0.0 0 1.6448943614959717 540.2776489257812 171.2290496826172 581.843505859375 216.00401306152344 4.385081 2.06516 1.7189339 -2.3815622 1.9905703 35.475372 1.5778621435165405 0.7964202165603638
Car 0.0 0 1.6921061277389526 512.64208984375 181.19537353515625 561.1676635742188 221.2218017578125 3.7241836 1.5178276 1.569557 -3.0208497 1.8869711 30.019405 1.5918138027191162 0.7877782583236694
Car 0.0 0 2.0877466201782227 0.0 196.59359741210938 424.8869323730469 375.0 3.768258 1.5106751 1.6116246 -2.4765525 1.7175376 4.387154 1.573838472366333 0.6623931527137756
Car 0.0 0 1.8586126565933228 604.304443359375 180.1407928466797 638.5812377929688 202.21827697753906 3.8182209 1.6337596 1.6865145 0.91353136 2.2290647 56.834915 1.8746846914291382 0.6189576387405396
Car 0.0 0 -2.565396785736084 974.264892578125 180.24330139160156 1242.0 375.0 3.5418477 1.4768786 1.5695204 2.7937186 1.5177245 2.1263967 -1.645189881324768 0.6005669236183167
