Pedestrian 0.0 0 2.2430551052093506 978.9738159179688 163.29188537597656 1036.6961669921875 240.29835510253906 0.91181797 1.8391805 0.8691407 9.761904 1.6111622 17.807138 2.744516611099243 0.5249007344245911
Pedestrian 0.0 0 3.6047451496124268 219.23141479492188 177.13656616210938 261.9078369140625 255.48187255859375 0.6071154 1.7852312 0.7755774 -8.678361 1.8880748 16.87288 3.1296932697296143 0.4014355540275574
Pedestrian 0.0 0 -1.970301628112793 806.124267578125 160.0593719482422 843.2373046875 212.81861877441406 1.7022399 1.7767388 0.6243488 7.42642 1.3462205 25.176834 -1.6834654808044434 0.12759797275066376
Cyclist 0.0 0 -3.2721354961395264 781.257568359375 180.20611572265625 897.1587524414062 282.9813232421875 1.7399752 1.609257 0.6175167 3.6640542 1.7345983 11.811438 -2.9713361263275146 0.8564396500587463
Cyclist 0.0 0 -3.032881498336792 809.2908935546875 177.10935974121094 938.4640502929688 285.068359375 1.6603683 1.425349 0.73453635 3.7012267 1.490403 10.272701 -2.6870627403259277 0.829808235168457
Cyclist 0.0 0 -1.8816709518432617 734.36376953125 170.5654754638672 752.349609375 200.4984588623047 1.7191678 1.6107745 0.46726236 7.293552 1.4879811 39.707684 -1.7000147104263306 0.5334506630897522
Cyclist 0.0 0 -1.970301628112793 806.124267578125 160.0593719482422 843.2373046875 212.81861877441406 1.7022399 1.7767388 0.6243488 7.42642 1.3462205 25.176834 -1.6834654808044434 0.3916453421115875
Cyclist 0.0 0 1.4475011825561523 986.9049072265625 163.41024780273438 1029.4287109375 241.05174255371094 1.2308704 1.8375789 0.7683639 9.747471 1.614427 17.788008 1.9487922191619873 0.19124601781368256
Car 0.0 0 1.7521096467971802 381.5569152832031 192.4835662841797 499.4951477050781 279.42388916015625 4.0694757 1.4294107 1.6327813 -3.3729713 1.8903716 14.860832 1.5289204120635986 0.9741147756576538
Car 0.0 0 2.0588223934173584 25.082157135009766 205.3963165283203 295.25164794921875 346.2773742675781 3.532373 1.3841301 1.5685443 -5.778506 1.9043014 9.720713 1.5224915742874146 0.9543911814689636
Car 0.0 0 1.9274084568023682 229.41175842285156 194.97354125976562 382.1050109863281 287.4775390625 3.5616395 1.4485233 1.5569022 -5.7501698 1.9324765 13.965875 1.536831021308899 0.9359022378921509
Car 0.0 0 -3.8457889556884766 1115.535400390625 158.21226501464844 1242.0 249.44129943847656 3.667541 1.5391868 1.5632415 11.438477 1.292514 12.985228 -3.123636245727539 0.6985772848129272
Car 0.0 0 1.6445780992507935 497.3397216796875 183.98951721191406 544.2311401367188 224.56712341308594 4.033502 1.4693271 1.5965065 -3.5988948 1.9536641 29.304173 1.5223783254623413 0.6018542051315308
Car 0.0 0 -0.1278458535671234 632.5545654296875 179.2101287841797 728.40087890625 213.15716552734375 4.336234 1.5490987 1.6739072 3.248251 1.8585013 34.171326 -0.033072829246520996 0.5841928720474243
Car 0.0 0 -0.03254224359989166 613.6932983398438 177.9026336669922 675.347412109375 204.6631622314453 4.024856 1.7346531 1.6983887 2.2344553 2.0768614 47.97655 0.013998031616210938 0.4530777633190155
