Pedestrian 0.0 0 0.46063050627708435 469.0435485839844 177.81109619140625 485.3353271484375 205.66217041015625 0.8415788 1.7621002 0.6131283 -8.534742 2.082726 46.204258 0.2779717445373535 0.37771257758140564
Pedestrian 0.0 0 -0.8358972668647766 961.953125 154.04812622070312 1018.9252319335938 251.18161010742188 0.73989165 1.7381688 0.5852597 6.962671 1.4020022 13.311635 -0.3539789617061615 0.17304454743862152
Pedestrian 0.0 0 -3.0142288208007812 542.4768676757812 148.87069702148438 600.2236328125 237.58578491210938 1.1380129 1.8227979 0.699977 -0.8532059 1.3303794 15.212093 -3.0702574253082275 0.16004863381385803
Cyclist 0.0 0 -1.7545630931854248 544.7525024414062 151.25074768066406 586.7703857421875 236.99203491210938 1.5081074 1.710689 0.61126524 -1.0017074 1.280024 15.199375 -1.820372462272644 0.1446116715669632
Cyclist 0.0 0 -1.9263567924499512 967.18408203125 149.80601501464844 1029.35107421875 247.1448974609375 1.4830371 1.7135767 0.5326109 7.164871 1.3081921 13.469707 -1.4374966621398926 0.13203425705432892
Car 0.0 0 1.6490330696105957 269.8482666015625 187.26492309570312 310.84954833984375 217.71890258789062 4.2401543 1.5050931 1.7585524 -17.744118 2.3525279 40.11765 1.2325992584228516 0.8464885354042053
Car 0.0 0 -1.8662593364715576 527.4969482421875 164.451904296875 637.8779907226562 238.6309814453125 3.3236165 1.4927889 1.5734825 -0.7682831 1.3240618 16.347063 -1.9132230281829834 0.2045920044183731
Car 0.0 0 0.7970559597015381 708.1273193359375 168.08135986328125 810.980712890625 208.94630432128906 4.0070395 1.568399 1.9081153 6.071354 1.3855824 29.890566 0.9974491596221924 0.19203008711338043
Car 0.0 0 1.669925332069397 363.657470703125 185.62608337402344 387.980712890625 204.6578826904297 4.127436 1.5689993 1.6735146 -20.957705 2.7521284 64.621475 1.3563132286071777 0.17517948150634766
Car 0.0 0 1.3491957187652588 388.0729064941406 185.0037841796875 423.27655029296875 208.2049102783203 3.7324681 1.5090957 1.6117191 -14.523054 2.4036024 51.073616 1.072152853012085 0.144407257437706
Car 0.0 0 1.5008044242858887 245.2303924560547 183.7801513671875 276.2828369140625 208.34228515625 3.6992002 1.5208759 1.618084 -23.516544 2.2855873 48.466644 1.049057960510254 0.1399359405040741
Car 0.0 0 -1.6654133796691895 387.4759216308594 157.71934509277344 424.38427734375 187.714111328125 3.9119842 1.6248053 1.6581717 -11.728572 0.8053246 41.20625 -1.9427111148834229 0.13866226375102997
Car 0.0 0 1.365991473197937 310.0703125 181.29861450195312 347.6054992675781 204.91929626464844 3.9125826 1.49448 1.618685 -19.2407 2.09525 49.217712 0.9933280944824219 0.1305483877658844
