Car 0.0 0 -1.8259072303771973 739.9093017578125 179.8831024169922 937.0753784179688 310.5008544921875 4.1821995 1.4466728 1.573749 2.928403 1.5681515 10.322937 -1.5494900941848755 0.9663677215576172
Car 0.0 0 0.6255568861961365 0.0 200.83880615234375 168.12408447265625 279.1353454589844 4.1246696 1.4813277 1.6062266 -11.910368 2.104358 15.166458 -0.04016219824552536 0.918951690196991
Car 0.0 0 -1.7850894927978516 710.3248901367188 177.04434204101562 822.8886108398438 259.6249084472656 3.4786556 1.4967872 1.5448925 3.0710013 1.5944384 15.001473 -1.5831660032272339 0.8899040222167969
Car 0.0 0 -1.6879658699035645 663.8135986328125 178.76995849609375 714.5103759765625 217.13938903808594 3.857446 1.3855824 1.5403558 3.0269737 1.6362466 28.588213 -1.58247709274292 0.8557543158531189
Car 0.0 0 -1.6212300062179565 596.5135498046875 177.0105438232422 625.8616333007812 202.94815063476562 3.816231 1.4962462 1.5988969 0.001939832 1.7623928 44.189793 -1.6211861371994019 0.7705352902412415
Car 0.0 0 1.8314708471298218 406.811279296875 187.54678344726562 466.742431640625 224.9652557373047 3.6439767 1.4030814 1.5633098 -7.2512703 2.0588353 30.340895 1.596877932548523 0.7016794681549072
Car 0.0 0 1.7354328632354736 466.8728942871094 180.53684997558594 504.8206481933594 207.81170654296875 4.0589476 1.5353088 1.6275231 -7.515337 2.0236468 43.792355 1.5654754638671875 0.5817695260047913
Car 0.0 0 -1.557013750076294 656.8235473632812 178.2924346923828 692.3506469726562 212.28057861328125 3.7247615 1.48806 1.583607 3.0389364 1.7603356 34.139908 -1.468233585357666 0.5487763285636902
Car 0.0 0 1.7815324068069458 431.91094970703125 183.3991241455078 481.0289306640625 216.237548828125 3.9666574 1.483556 1.5925831 -7.600157 2.0369606 35.854004 1.5726492404937744 0.5143563151359558
Car 0.0 0 -1.514764666557312 644.3753662109375 175.2980194091797 670.0182495117188 198.37533569335938 3.7475457 1.5877253 1.6392882 3.4056618 1.7709103 52.01348 -1.4493814706802368 0.47374680638313293
