Pedestrian 0.0 0 1.69704008102417 343.638427734375 173.6804656982422 405.5458068847656 302.8631896972656 0.83859634 1.599963 0.6710145 -3.1064744 1.6116533 9.415505 1.3783540725708008 0.7287514209747314
Pedestrian 0.0 0 -2.13800311088562 1067.751953125 111.60127258300781 1242.0 364.9008483886719 0.9330637 1.7165811 0.75316846 4.012607 1.3018366 5.379998 -1.4971709251403809 0.645923376083374
Pedestrian 0.0 0 0.4262305498123169 433.2088317871094 170.90924072265625 468.40185546875 231.7906951904297 0.77908283 1.7377081 0.70812637 -4.678455 1.682558 21.018366 0.20721220970153809 0.6454498171806335
Pedestrian 0.0 0 -1.899842619895935 605.51171875 169.86386108398438 631.8280029296875 220.96397399902344 0.72294176 1.7897844 0.7436085 0.26091987 1.6854124 25.728968 -1.8897018432617188 0.5672393441200256
Pedestrian 0.0 0 2.340880870819092 23.551868438720703 175.1318817138672 238.76869201660156 375.0 0.7273985 1.6119213 0.58356714 -2.4813333 1.6253214 3.7180295 1.7523854970932007 0.4562526345252991
Pedestrian 0.0 0 -2.7884347438812256 433.84686279296875 182.19859313964844 454.90509033203125 224.69497680664062 0.69070715 1.7372361 0.5941392 -6.9202967 2.1302845 29.980398 -3.015288829803467 0.4260905385017395
Pedestrian 0.0 0 2.6587607860565186 746.42822265625 151.81910705566406 774.5567626953125 198.35986328125 0.9512377 1.8407881 0.5636447 5.9912 1.0091703 28.937416 2.8629162311553955 0.3122307360172272
Pedestrian 0.0 0 1.5595566034317017 355.0345458984375 146.51756286621094 381.86968994140625 214.9212188720703 0.8846555 1.8187377 0.68075395 -6.652107 1.1188542 19.71167 1.2340872287750244 0.28043442964553833
Pedestrian 0.0 0 -0.6312108039855957 857.906982421875 156.7671356201172 914.0813598632812 224.7862548828125 1.3026681 1.7295644 0.53274554 7.1304917 1.320872 18.773712 -0.26822760701179504 0.25996163487434387
Pedestrian 0.0 0 -1.9723647832870483 854.0567016601562 133.9389190673828 899.9634399414062 221.69589233398438 0.75038654 1.8240138 0.67689997 5.632934 1.0155283 15.386129 -1.6214154958724976 0.25360485911369324
Pedestrian 0.0 0 0.898377537727356 277.0043640136719 146.22157287597656 343.0967712402344 268.67181396484375 0.742263 1.8058186 0.6066262 -4.6571755 1.4134182 11.082247 0.5005476474761963 0.25200000405311584
Pedestrian 0.0 0 -1.4359588623046875 629.5877075195312 173.7830047607422 642.1461181640625 202.93524169921875 1.617856 1.6867405 0.5309676 1.5015125 1.7430886 42.64111 -1.4007606506347656 0.12789255380630493
Pedestrian 0.0 0 -1.4569213390350342 383.0771789550781 167.43939208984375 417.4510192871094 247.46083068847656 1.8708092 1.751469 0.56169987 -4.8989253 1.6333148 16.759407 -1.741307258605957 0.10248531401157379
Cyclist 0.0 0 1.6211556196212769 472.6595764160156 175.83056640625 486.6614990234375 211.2048797607422 1.9743345 1.7383474 0.60387176 -6.647472 1.8940825 36.64382 1.441699504852295 0.8096657395362854
Cyclist 0.0 0 1.5108472108840942 480.3730163574219 173.51498413085938 491.55902099609375 200.7589874267578 2.033418 1.8277744 0.63337994 -8.549487 1.8744696 49.518257 1.3398795127868652 0.37713176012039185
Cyclist 0.0 0 -1.4653496742248535 386.7718200683594 171.41844177246094 419.1447448730469 250.22647094726562 1.8911636 1.7365639 0.5357618 -4.8704305 1.7052886 16.874437 -1.7463407516479492 0.3296531140804291
Cyclist 0.0 0 -1.4359588623046875 629.5877075195312 173.7830047607422 642.1461181640625 202.93524169921875 1.617856 1.6867405 0.5309676 1.5015125 1.7430886 42.64111 -1.4007606506347656 0.3295630216598511
Cyclist 0.0 0 -1.1874972581863403 177.7451629638672 179.19921875 299.1248474121094 365.2928161621094 1.6367158 1.6539012 0.51739377 -3.7483425 1.7259012 7.3055105 -1.6615574359893799 0.2559552490711212
Cyclist 0.0 0 2.3984999656677246 9.489126205444336 176.7904510498047 242.40390014648438 375.0 0.8193657 1.5923135 0.57018393 -2.4782221 1.6153287 3.6852984 1.8064961433410645 0.18378154933452606
Cyclist 0.0 0 -0.6312108039855957 857.906982421875 156.7671356201172 914.0813598632812 224.7862548828125 1.3026681 1.7295644 0.53274554 7.1304917 1.320872 18.773712 -0.26822760701179504 0.18163242936134338
Car 0.0 0 -1.8818403482437134 495.211181640625 176.07200622558594 537.6448364257812 202.70263671875 3.309231 1.4979209 1.5556483 -5.6255374 1.6975648 42.85254 -2.0123705863952637 0.4303763210773468
Car 0.0 0 -1.7115732431411743 636.6730346679688 172.9666748046875 674.4130249023438 202.9220733642578 3.3726997 1.5573586 1.5842086 2.4004824 1.5641212 39.26665 -1.650516390800476 0.3837313950061798
Car 0.0 0 0.3589394986629486 147.15609741210938 171.7891387939453 260.38592529296875 208.361328125 3.932448 1.524893 1.6708612 -17.523703 1.4808515 31.206902 -0.15271499752998352 0.26194342970848083
