Pedestrian 0.0 0 -3.363239049911499 797.941650390625 135.90956115722656 850.1401977539062 220.92469787597656 0.9110284 1.7177081 0.65984976 4.367132 0.9716133 14.933618 -3.078735828399658 0.15857194364070892
Pedestrian 0.0 0 2.211836576461792 1056.311279296875 161.4344024658203 1112.70751953125 228.923583984375 0.9460566 1.901543 1.0021269 13.726648 1.580148 20.95983 2.7916505336761475 0.12905703485012054
Pedestrian 0.0 0 1.3796665668487549 714.2650756835938 138.57252502441406 753.7483520507812 225.20123291015625 0.7892804 1.7470958 0.6656626 2.5088634 1.0560775 14.951757 1.5459150075912476 0.10361175984144211
Cyclist 0.0 0 2.237818717956543 34.84695053100586 193.10353088378906 67.87039947509766 229.02796936035156 1.3790671 1.7180902 0.5725972 -27.87857 2.7475958 35.97644 1.5785636901855469 0.697916567325592
Cyclist 0.0 0 -2.048102378845215 1049.87060546875 173.58779907226562 1094.523193359375 229.00100708007812 1.6571163 1.6490263 0.44940656 14.237929 1.6729639 22.337118 -1.4806277751922607 0.23478581011295319
Cyclist 0.0 0 1.2356082201004028 915.8732299804688 167.0507354736328 929.4387817382812 186.1759033203125 1.77552 1.7681335 0.6150966 29.271557 1.2319748 67.61175 1.644181489944458 0.1063297688961029
Car 0.0 0 2.18259859085083 8.649377822875977 195.47511291503906 169.48597717285156 261.87628173828125 3.5399146 1.4295627 1.5948056 -13.222248 2.0662725 18.518261 1.5625308752059937 0.9077091813087463
Car 0.0 0 1.8677544593811035 367.1619567871094 184.4314727783203 411.4955749511719 208.0747833251953 4.338757 1.5436078 1.8309536 -15.682549 2.4035704 51.39993 1.5716177225112915 0.8377304673194885
Car 0.0 0 2.0282750129699707 0.0 194.06544494628906 41.39194107055664 229.1299591064453 4.0125456 1.6254622 1.6561472 -32.14567 2.8116364 38.188168 1.328577995300293 0.11602041125297546
Car 0.0 0 -1.7524662017822266 888.8104858398438 176.1902618408203 917.2639770507812 194.2509307861328 3.6650407 1.4636394 1.593296 24.77438 1.7557936 61.148884 -1.3675293922424316 0.10828569531440735
