Pedestrian 0.0 0 3.047051191329956 467.4352722167969 181.26895141601562 490.8574523925781 226.274658203125 0.88540393 1.8341 0.7805937 -5.246538 1.8680123 29.320642 2.869988441467285 0.7256160974502563
Pedestrian 0.0 0 2.133011817932129 313.1320495605469 176.00146484375 338.7513427734375 222.22154235839844 0.6496739 1.8470526 0.73249215 -11.323142 1.6687768 28.637072 1.756475806236267 0.6722044944763184
Pedestrian 0.0 0 0.23379839956760406 695.4469604492188 177.8961639404297 715.5462036132812 215.772705078125 0.7603149 1.6983399 0.71962035 4.557641 1.5830506 32.172234 0.374525785446167 0.6685794591903687
Pedestrian 0.0 0 2.325289249420166 540.962158203125 183.36465454101562 564.04736328125 222.22958374023438 0.85421914 1.7475224 0.64573896 -2.4222214 1.8824363 32.400635 2.250669479370117 0.5755428075790405
Pedestrian 0.0 0 -0.2602992057800293 152.38270568847656 181.19384765625 179.40882873535156 228.70303344726562 0.74044704 1.7233815 0.513605 -16.237907 1.7509495 26.101585 -0.8168134689331055 0.47798892855644226
Pedestrian 0.0 0 1.993886947631836 145.74330139160156 163.57562255859375 203.33334350585938 258.1553039550781 0.82234013 1.7238859 0.64912796 -8.143872 1.4170483 13.330781 1.4454858303070068 0.42919448018074036
Pedestrian 0.0 0 -0.2600865662097931 738.8320922851562 189.49119567871094 759.3275756835938 225.25201416015625 0.8528297 1.7931658 0.7749534 7.332002 2.25855 36.068092 -0.05953701213002205 0.4200590252876282
Pedestrian 0.0 0 2.265319585800171 452.4931335449219 183.64212036132812 480.1518249511719 225.35888671875 0.8941302 1.7485485 0.7698056 -5.959833 1.8872336 30.29445 2.0710699558258057 0.31889230012893677
Pedestrian 0.0 0 -2.9782443046569824 1204.1610107421875 183.0413360595703 1224.0 227.29942321777344 0.8416373 1.7537433 0.66362125 24.843859 1.8600035 28.609213 -2.263172149658203 0.3083086907863617
Pedestrian 0.0 0 1.5197374820709229 335.85906982421875 179.0938720703125 353.8687744140625 224.154296875 0.8136697 1.769008 0.6334603 -10.422963 1.7153058 28.251421 1.1662938594818115 0.29848867654800415
Cyclist 0.0 0 1.683875560760498 710.81591796875 182.72596740722656 747.5916748046875 263.61431884765625 1.9293542 1.7830963 0.64366114 2.909148 1.8403348 16.653215 1.8568203449249268 0.8737403154373169
Cyclist 0.0 0 2.2726919651031494 276.6599426269531 165.5597686767578 509.3420715332031 370.0 1.6119057 1.6060442 0.5473239 -1.3453805 1.5274587 4.643218 1.9906636476516724 0.8617545366287231
Cyclist 0.0 0 -1.3851735591888428 879.8096923828125 179.8140411376953 929.46337890625 269.00726318359375 1.7133164 1.8125832 0.68607384 6.449922 1.8002689 15.267229 -0.9854490756988525 0.7750378847122192
Cyclist 0.0 0 -0.8659661412239075 668.0997924804688 186.1483917236328 701.2304077148438 223.79148864746094 1.757353 1.8061627 0.64699084 3.9386425 2.093987 35.00839 -0.7539315819740295 0.6274193525314331
Cyclist 0.0 0 0.40230926871299744 643.79345703125 170.53012084960938 718.8887939453125 245.44891357421875 1.8669275 1.8756691 0.5738875 1.9400103 1.6276577 18.40107 0.5073504447937012 0.6160320043563843
Cyclist 0.0 0 -0.15349286794662476 110.07669830322266 160.06101989746094 279.6792907714844 308.0352783203125 1.8305455 1.7473769 0.5998655 -5.3195963 1.5077024 9.153036 -0.6799620389938354 0.5382968783378601
Cyclist 0.0 0 -1.6663763523101807 539.4644775390625 161.48094177246094 553.2715454101562 194.32974243164062 1.9288181 1.8538805 0.6117453 -3.408261 0.7818929 40.902035 -1.74951171875 0.3204576075077057
Cyclist 0.0 0 -2.0724477767944336 534.5192260742188 190.8017120361328 554.9141235351562 224.02061462402344 1.557517 1.6415566 0.32785982 -3.1026099 2.1802576 36.13204 -2.1581063270568848 0.2892867922782898
Cyclist 0.0 0 -1.8797721862792969 373.9042053222656 192.46762084960938 401.47216796875 248.28280639648438 1.6213558 1.6149707 0.32070982 -6.663632 1.9938987 21.53389 -2.1798746585845947 0.28017666935920715
Cyclist 0.0 0 0.21402284502983093 695.3985595703125 179.1558380126953 715.2879028320312 217.5835723876953 0.76188135 1.723358 0.71780527 4.550819 1.6645403 32.1727 0.3545403480529785 0.24638861417770386
Cyclist 0.0 0 -1.247398853302002 739.4553833007812 190.82606506347656 760.2041625976562 226.77938842773438 1.1995984 1.7857782 0.69697195 7.4088955 2.3261597 36.20559 -1.0455515384674072 0.23034246265888214
Cyclist 0.0 0 3.2345314025878906 457.758544921875 180.95420837402344 481.5110168457031 223.4302215576172 0.93542254 1.791271 0.7271325 -5.802452 1.8124276 30.227858 3.0448811054229736 0.11928556859493256
