Pedestrian 0.0 0 -3.2119829654693604 891.1426391601562 150.9034423828125 912.5491943359375 203.1407928466797 0.69628173 1.9476683 0.813327 11.030829 1.1296 27.393755 -2.8291711807250977 0.1595175564289093
Pedestrian 0.0 0 -1.9587655067443848 874.3617553710938 155.623291015625 899.3467407226562 200.99319458007812 0.9046617 1.7969265 0.6429039 11.09167 1.1148429 29.034199 -1.5938538312911987 0.13210748136043549
Cyclist 0.0 0 -1.9098782539367676 777.8314819335938 175.71139526367188 795.5518798828125 207.2932891845703 1.7240549 1.6678946 0.37917256 9.538672 1.8267283 39.138187 -1.670820951461792 0.7433891892433167
Cyclist 0.0 0 -0.7609597444534302 1198.6986083984375 130.248291015625 1242.0 173.6826171875 1.6957814 1.6710069 0.5770303 23.938482 0.032236494 28.091133 -0.05520596727728844 0.48605063557624817
Car 0.0 0 -1.5268666744232178 553.1143798828125 172.18370056152344 617.6284790039062 236.38572692871094 4.3284817 1.6659714 1.6715664 -0.66409147 1.648936 20.894604 -1.5586389303207397 0.9140971899032593
Car 0.0 0 2.0206422805786133 17.046850204467773 172.57180786132812 98.6392822265625 204.63368225097656 3.930534 1.4804108 1.6307108 -27.013676 1.4677386 35.402084 1.3688393831253052 0.5843501091003418
Car 0.0 0 -1.434041976928711 0.0 176.94215393066406 27.8503360748291 207.90823364257812 3.9331388 1.4342625 1.6215729 -30.460047 1.650849 36.06529 -2.1353814601898193 0.2524057924747467
Car 0.0 0 1.9640077352523804 335.4278564453125 174.150390625 368.8666076660156 190.50669860839844 3.820379 1.4783216 1.6043772 -24.08726 1.6034054 67.46846 1.6210970878601074 0.1893054097890854
Car 0.0 0 1.6310770511627197 400.9726257324219 179.31866455078125 426.6905212402344 201.07131958007812 3.7472074 1.4849263 1.5825722 -14.248509 1.9729714 52.433937 1.3657422065734863 0.12565530836582184
Car 0.0 0 0.5295243859291077 294.78924560546875 175.98287963867188 342.28375244140625 191.75978088378906 3.8831518 1.4555159 1.5896413 -27.493542 1.7556312 68.05525 0.1455843448638916 0.1229902058839798
