Pedestrian 0.0 0 2.4967589378356934 992.1633911132812 104.03093719482422 1066.62646484375 237.003173828125 0.68282866 1.7758697 0.5566685 5.795756 0.7562826 9.751492 3.033010482788086 0.43501976132392883
Pedestrian 0.0 0 0.6430774331092834 271.09332275390625 176.75039672851562 326.7324523925781 263.4765319824219 0.7606841 1.7185274 0.7267193 -6.28753 1.6458563 14.446843 0.23258376121520996 0.33949363231658936
Pedestrian 0.0 0 -0.1768396943807602 722.8932495117188 163.36639404296875 738.3102416992188 187.4194793701172 1.1220639 1.8926109 0.53997993 9.940227 0.5456981 55.899532 -0.0008561639115214348 0.3200695812702179
Pedestrian 0.0 0 3.5610909461975098 119.36973571777344 107.19960021972656 203.4375762939453 246.722412109375 0.80658734 1.866921 0.62479806 -6.1915913 0.8877779 9.8225355 2.998656749725342 0.2777751684188843
Cyclist 0.0 0 -1.6301238536834717 988.1087036132812 145.19090270996094 1026.6558837890625 213.3503875732422 1.6994252 1.6875414 0.76810914 10.430966 0.8149299 18.43267 -1.1151587963104248 0.8981103897094727
Car 0.0 0 -0.38396596908569336 851.4796752929688 159.9849395751953 1000.969970703125 206.51260375976562 4.2944427 1.5139354 1.6550454 10.739594 0.84795326 23.910172 0.0381927490234375 0.9037758708000183
Car 0.0 0 -0.804084062576294 0.0 204.61085510253906 292.38134765625 370.0 3.68281 1.4963359 1.6211125 -3.1752782 1.6755563 3.3522863 -1.562371850013733 0.8847470283508301
Car 0.0 0 1.5782742500305176 436.8771667480469 172.8527374267578 466.2233581542969 200.5274658203125 3.8818924 1.5371685 1.6000264 -8.961677 1.1138008 41.33101 1.3647525310516357 0.8521370887756348
Car 0.0 0 1.8941398859024048 267.2119140625 180.84518432617188 336.8759460449219 216.58424377441406 4.5158887 1.6170496 1.7647085 -14.622225 1.6363724 34.35074 1.4916982650756836 0.8322564959526062
Car 0.0 0 -1.3709421157836914 383.8313903808594 173.59072875976562 418.920166015625 198.320068359375 3.6598377 1.6091046 1.5908433 -13.744503 1.1608588 47.889133 -1.650436282157898 0.5002211928367615
