Pedestrian 0.0 0 -0.5716191530227661 901.1783447265625 182.24334716796875 946.7623901367188 254.11875915527344 0.7203923 1.6230806 0.6762954 7.2471404 1.8470154 16.785885 -0.16405342519283295 0.32339057326316833
Cyclist 0.0 0 1.871382236480713 305.5638122558594 176.69888305664062 345.0552673339844 238.33448791503906 1.883621 1.7862338 0.5909122 -8.6973095 1.9089056 21.989319 1.4947401285171509 0.8108919858932495
Cyclist 0.0 0 -1.724829912185669 906.4241943359375 179.69088745117188 941.8760375976562 254.8531951904297 0.79115814 1.6905059 0.6393517 7.243023 1.8542103 16.773037 -1.3171923160552979 0.11981304734945297
Car 0.0 0 1.7753180265426636 390.50030517578125 181.60394287109375 451.4244689941406 221.20333862304688 4.05311 1.5322382 1.7343324 -8.049299 1.9323897 30.8974 1.5204657316207886 0.9380929470062256
Car 0.0 0 1.9887803792953491 192.08480834960938 192.35939025878906 296.6474304199219 247.70167541503906 3.6135695 1.4858927 1.5727823 -11.321317 2.1446757 22.511087 1.5227980613708496 0.9121517539024353
Car 0.0 0 1.711716890335083 508.12725830078125 171.097900390625 544.0372924804688 200.28179931640625 3.887684 1.6959046 1.6412731 -5.0901814 1.5942135 43.89063 1.596258521080017 0.8411735892295837
Car 0.0 0 1.9372637271881104 314.944091796875 187.0963592529297 387.66729736328125 224.26837158203125 4.148344 1.4465526 1.6334488 -11.329572 2.1154466 31.773064 1.5947409868240356 0.8221736550331116
Car 0.0 0 0.15883079171180725 288.6719665527344 181.42848205566406 352.9033508300781 200.827880859375 4.436616 1.4443989 1.645793 -22.476517 2.1274202 56.15211 -0.22191616892814636 0.6927407383918762
Car 0.0 0 -3.0246999263763428 963.1046752929688 154.9757080078125 1218.244384765625 252.2647705078125 3.8645532 1.5936575 1.674351 8.9655075 1.3011572 13.698254 -2.4451677799224854 0.40298622846603394
Car 0.0 0 1.5801291465759277 532.2117919921875 174.31227111816406 556.8603515625 199.1803741455078 4.136274 1.667324 1.6567795 -4.614908 1.7745615 50.752205 1.4894483089447021 0.39025938510894775
