Pedestrian 0.0 0 -2.403024673461914 41.57001876831055 172.09022521972656 127.79146575927734 296.6515197753906 0.853757 1.7985693 0.6070509 -7.876031 1.7878988 10.763017 -3.034754753112793 0.6232159733772278
Pedestrian 0.0 0 1.8468767404556274 310.7936706542969 180.5379638671875 352.5877685546875 243.90158081054688 0.9755315 1.8033875 0.9155634 -8.205759 2.035056 21.189363 1.4774025678634644 0.13950026035308838
Cyclist 0.0 0 -1.8539609909057617 741.1419677734375 161.93881225585938 774.7019653320312 220.86080932617188 1.9161156 1.8317767 0.5473196 4.7318115 1.4928017 23.406113 -1.6544880867004395 0.8937952518463135
Cyclist 0.0 0 -1.346985101699829 417.8396301269531 154.5001678466797 438.6089782714844 195.96983337402344 1.6356908 1.8001189 0.5501594 -8.126523 1.0037723 32.142 -1.5946273803710938 0.2211054265499115
Car 0.0 0 1.8422932624816895 392.0425720214844 186.9498748779297 564.8397216796875 309.50384521484375 3.795864 1.4588257 1.5913225 -1.8452414 1.7128482 11.0106735 1.676249623298645 0.9535651803016663
Car 0.0 0 1.8189866542816162 317.1478576660156 188.59841918945312 450.6073303222656 283.40216064453125 3.5732832 1.445838 1.5168717 -4.09194 1.7789665 13.426794 1.5231692790985107 0.8775066137313843
Car 0.0 0 1.6856255531311035 510.6502380371094 179.1001434326172 551.2063598632812 209.7472686767578 3.6441176 1.4298236 1.6186565 -3.9575071 1.7596681 36.23175 1.5768293142318726 0.7181051969528198
Car 0.0 0 1.5788103342056274 522.1408081054688 178.41746520996094 549.24462890625 204.42361450195312 3.8527682 1.4964182 1.5861875 -4.5865417 1.8542109 44.36086 1.4757847785949707 0.1815963238477707
Car 0.0 0 -0.09031905978918076 626.6190795898438 185.89894104003906 703.9772338867188 215.07510375976562 4.034601 1.5120643 1.5998758 2.9093673 2.2319999 38.966606 -0.015794241800904274 0.13489462435245514
Car 0.0 0 -2.7071940898895264 585.7554321289062 170.88357543945312 637.6300659179688 189.50088500976562 4.24559 1.5991896 1.7227335 0.12418428 1.4302921 63.653755 -2.7052431106567383 0.1211237981915474
