Pedestrian 0.0 0 3.2614047527313232 321.029052734375 191.0745849609375 347.7834777832031 247.87481689453125 0.6964675 1.6938471 0.65287465 -8.509161 2.2643507 22.173527 2.89498233795166 0.41176658868789673
Pedestrian 0.0 0 2.049591064453125 234.18028259277344 148.96340942382812 271.5445861816406 214.84234619140625 0.8694205 1.8750334 0.6468694 -10.418688 1.1954218 20.973904 1.5885506868362427 0.33020803332328796
Pedestrian 0.0 0 -0.26860523223876953 1065.41845703125 75.74742126464844 1225.0382080078125 340.9426574707031 0.77490205 1.7112794 0.5479055 3.6444767 1.0850179 5.0453377 0.3569607734680176 0.2033924013376236
Pedestrian 0.0 0 -2.4683420658111572 35.765113830566406 170.78102111816406 104.2015151977539 261.3975524902344 0.945488 1.7897675 0.58758307 -10.933606 1.7491819 14.555732 -3.112581729888916 0.16835148632526398
Pedestrian 0.0 0 2.3759264945983887 1087.0908203125 168.0491485595703 1140.9437255859375 252.6250762939453 0.79801506 1.7861446 0.5447919 10.818076 1.6850297 15.567197 2.9832401275634766 0.1631261706352234
Cyclist 0.0 0 1.6993314027786255 554.8527221679688 175.566162109375 569.0925903320312 206.9868621826172 1.7862755 1.7532712 0.5918812 -2.7769113 1.9123957 41.325645 1.6322364807128906 0.3964660167694092
Cyclist 0.0 0 2.0414655208587646 233.8000946044922 148.60995483398438 273.05877685546875 213.75721740722656 0.9707744 1.8532212 0.6576048 -10.4186735 1.1639173 21.011337 1.5811357498168945 0.10309091955423355
Car 0.0 0 1.902561902999878 408.91864013671875 185.72154235839844 491.56414794921875 232.92132568359375 3.8509803 1.4446667 1.6475121 -5.5172048 1.9300098 25.184471 1.6868972778320312 0.9366415143013
Car 0.0 0 1.8478889465332031 561.2564086914062 178.583740234375 593.2884521484375 199.84124755859375 3.7245605 1.5821854 1.5596106 -2.563861 2.049163 56.766308 1.8027544021606445 0.32993796467781067
Car 0.0 0 -2.3950345516204834 93.34703826904297 164.39181518554688 212.5624237060547 205.40948486328125 3.870229 1.5660048 1.7255595 -18.209705 1.2432868 28.743189 -2.959745168685913 0.2187216728925705
Car 0.0 0 -1.6751197576522827 665.5910034179688 173.15029907226562 687.2766723632812 189.2574462890625 3.5313816 1.4121102 1.5846648 5.947315 1.4399294 65.095634 -1.5840100049972534 0.20767010748386383
Car 0.0 0 -3.334261894226074 890.3499755859375 165.5440673828125 950.1243896484375 185.53018188476562 3.8298435 1.4465741 1.5816746 22.884506 0.917846 53.39783 -2.9293744564056396 0.1891421526670456
Car 0.0 0 -3.508452892303467 863.13330078125 144.01177978515625 979.922119140625 179.0369415283203 4.6673217 1.5873457 1.8088881 14.427189 0.28056982 33.68934 -3.10383939743042 0.1743430495262146
Car 0.0 0 0.8983005285263062 682.0504760742188 178.73788452148438 729.3206176757812 198.65768432617188 3.920137 1.4973159 1.6542743 7.570953 1.9844391 57.583218 1.029029130935669 0.16474424302577972
