Pedestrian 0.0 0 0.08749809861183167 553.400146484375 174.00509643554688 569.0184326171875 197.7046356201172 1.1789004 1.846614 0.53664505 -3.8449636 1.9375973 56.5248 0.01958012580871582 0.24846966564655304
Cyclist 0.0 0 -1.9414947032928467 960.3870849609375 148.90219116210938 1020.1951293945312 230.32180786132812 1.7521311 1.6845521 0.5567794 8.255655 1.189353 15.827044 -1.4607033729553223 0.2699650526046753
Cyclist 0.0 0 -1.7302249670028687 790.2877807617188 176.63157653808594 808.4356689453125 219.88922119140625 1.4660732 1.606891 0.44309363 7.2132964 1.7561233 27.68216 -1.4753178358078003 0.19258669018745422
Cyclist 0.0 0 1.8029659986495972 462.9111633300781 180.02188110351562 476.64697265625 202.79493713378906 1.990877 1.7839724 0.64788187 -11.318538 2.372159 58.162193 1.6107652187347412 0.1701400727033615
Car 0.0 0 -1.577267050743103 577.61279296875 175.69354248046875 635.3375244140625 231.56320190429688 3.7950244 1.6132451 1.6833547 -0.17616005 1.7113858 22.935066 -1.5849477052688599 0.921822190284729
Car 0.0 0 1.827951192855835 366.8635559082031 183.40809631347656 422.97552490234375 214.7837677001953 4.2427106 1.4572679 1.741928 -11.014146 2.0317829 37.10218 1.5393778085708618 0.8493514060974121
Car 0.0 0 0.379948228597641 210.7567138671875 163.69300842285156 293.86749267578125 191.98362731933594 3.7548707 1.5111897 1.587048 -19.554459 1.0221984 39.480263 -0.07992998510599136 0.561168372631073
Car 0.0 0 1.7329710721969604 457.93731689453125 179.0666046142578 485.5937194824219 197.39651489257812 3.9998329 1.4103942 1.5942825 -11.271112 1.935369 58.906227 1.5439162254333496 0.5114780068397522
Car 0.0 0 1.9446799755096436 0.0 164.98703002929688 34.8170280456543 198.6192626953125 3.91746 1.7994485 1.685942 -34.36629 1.3788943 40.727882 1.2437949180603027 0.1921759843826294
Car 0.0 0 0.6947407722473145 0.0 187.34068298339844 104.73131561279297 231.7272186279297 4.146206 1.5870401 1.8348526 -21.921627 2.1563861 27.378939 0.019588470458984375 0.18532991409301758
Car 0.0 0 1.664616346359253 471.384765625 177.55282592773438 493.8966979980469 195.73593139648438 3.9832885 1.5371271 1.6053728 -11.303989 1.968302 64.10248 1.4900684356689453 0.17055653035640717
