Pedestrian 0.0 0 -1.8976472616195679 745.072998046875 181.19232177734375 763.9420166015625 217.68798828125 0.757127 1.7113546 0.6748935 6.855425 2.1146162 34.442375 -1.7011744976043701 0.23061709105968475
Pedestrian 0.0 0 -1.7879451513290405 1046.7159423828125 176.09703063964844 1076.699951171875 244.77532958984375 0.51282054 1.7527415 0.5631584 11.702681 1.8390249 18.779003 -1.230656385421753 0.16718895733356476
Pedestrian 0.0 0 -1.5970783233642578 655.8373413085938 167.2978973388672 666.1013793945312 199.943603515625 1.7331455 1.7603486 0.5163094 2.7685692 1.461106 39.781513 -1.5275959968566895 0.11954515427350998
Cyclist 0.0 0 -1.6020872592926025 656.09228515625 167.16688537597656 666.4688110351562 200.16461181640625 1.7604345 1.7835878 0.5145 2.7931433 1.4765463 39.88718 -1.5321753025054932 0.26804351806640625
Cyclist 0.0 0 2.5751359462738037 639.2592163085938 182.7201385498047 664.8474731445312 209.89633178710938 1.7367077 1.8874334 0.6567065 2.9659967 2.5994666 51.33433 2.632849931716919 0.17948861420154572
Car 0.0 0 -3.2776601314544678 1014.9037475585938 175.1508026123047 1242.0 255.49058532714844 4.0260515 1.5219095 1.670493 10.949029 1.5767246 15.433027 -2.6606171131134033 0.9065265655517578
Car 0.0 0 -0.8058274388313293 686.0595703125 194.80995178222656 775.7000732421875 232.4578399658203 3.9366663 1.4408582 1.5780134 5.275755 2.455753 31.52956 -0.6400361061096191 0.8663755655288696
Car 0.0 0 -1.0603983402252197 805.706787109375 168.6575164794922 910.471923828125 226.8062744140625 3.4539676 1.636752 1.5344194 7.5711546 1.5189887 22.029745 -0.7293660640716553 0.3614458739757538
Car 0.0 0 -1.5428013801574707 511.057861328125 186.65289306640625 534.3182983398438 207.2252197265625 4.0129547 1.4636302 1.6887683 -6.7920775 2.5783675 56.191883 -1.663090705871582 0.174935445189476
Car 0.0 0 -0.19075192511081696 590.0598754882812 176.6603546142578 630.0416259765625 192.97251892089844 3.5661838 1.5102865 1.5160104 -0.024502773 1.8771505 68.390114 -0.19111020863056183 0.15766465663909912
