Car 0.0 0 -2.650588274002075 132.94017028808594 179.83407592773438 373.6618957519531 268.7772216796875 3.7253807 1.5386055 1.5843967 -6.592257 1.6776263 13.47234 -3.105653762817383 0.9326668381690979
Car 0.0 0 -1.766953468322754 669.6718139648438 173.52955627441406 768.8323974609375 248.61856079101562 4.3056245 1.7231156 1.7059071 2.6529462 1.7431272 18.791485 -1.6267023086547852 0.9172314405441284
Car 0.0 0 0.1911349892616272 352.18280029296875 169.7081298828125 492.71575927734375 231.67762756347656 4.5240655 2.0893786 1.7694863 -6.5338907 1.9836698 25.346142 -0.06115851551294327 0.8130592703819275
Car 0.0 0 0.3745472729206085 220.92100524902344 181.06138610839844 435.4198303222656 258.06744384765625 4.1066775 1.5942278 1.6137174 -6.154581 1.7851135 15.928335 0.005826711654663086 0.8055696487426758
Car 0.0 0 -1.673924207687378 650.8896484375 179.1365966796875 699.1910400390625 218.53160095214844 3.5926561 1.4915814 1.6055402 2.5763197 1.7663476 29.702799 -1.5874041318893433 0.7632008194923401
Car 0.0 0 3.3700132369995117 337.001708984375 178.22293090820312 463.09033203125 229.43258666992188 3.5898337 1.5548286 1.5896931 -6.655866 1.732827 22.980827 3.088099956512451 0.7250502705574036
Car 0.0 0 -1.6786863803863525 634.3621215820312 179.25723266601562 668.7677001953125 206.108642578125 3.7281396 1.4494224 1.5869262 2.327812 1.8372518 41.755943 -1.6229959726333618 0.6848078966140747
Car 0.0 0 -2.7947049140930176 265.66290283203125 183.7794952392578 441.703369140625 242.90982055664062 3.901249 1.4056197 1.532601 -6.4301186 1.6937196 18.219084 -3.1339902877807617 0.6266509294509888
Car 0.0 0 -2.8279008865356445 316.72125244140625 182.08941650390625 452.39898681640625 236.15464782714844 3.442475 1.4866052 1.5506499 -6.508462 1.7647532 20.904552 -3.129730224609375 0.4368952810764313
Car 0.0 0 -2.908696413040161 413.4699401855469 175.45687866210938 511.27459716796875 210.446533203125 4.0415783 1.5262067 1.6657003 -6.637806 1.6470435 32.499077 -3.110171318054199 0.3788517713546753
