Pedestrian 0.0 0 -3.3007140159606934 688.89013671875 152.6962890625 780.512939453125 296.0479736328125 1.0244126 1.7080815 0.6232712 1.5341963 1.3784729 8.738853 -3.126924753189087 0.8127445578575134
Pedestrian 0.0 0 1.2755982875823975 691.2269897460938 172.30978393554688 734.8810424804688 245.59039306640625 0.92554563 1.7819338 0.84560585 2.6572058 1.5843753 17.707493 1.4245480298995972 0.2655118405818939
Pedestrian 0.0 0 1.3286828994750977 672.7011108398438 162.43406677246094 719.1900024414062 252.76922607421875 1.0172672 1.7780979 0.71594363 1.8036118 1.42413 14.459355 1.4527785778045654 0.1943434178829193
Pedestrian 0.0 0 1.4068453311920166 488.4605407714844 168.0386199951172 538.777587890625 265.3981018066406 0.91068834 1.7404184 0.788873 -1.7594434 1.5192983 13.185129 1.2741875648498535 0.12951649725437164
Pedestrian 0.0 0 -3.42024827003479 837.2492065429688 135.18023681640625 890.1187133789062 237.06619262695312 0.71719784 1.7554474 0.6870897 4.5334496 0.9762554 12.544311 -3.073458433151245 0.12939240038394928
Pedestrian 0.0 0 0.5648290514945984 625.4868774414062 172.96566772460938 688.2262573242188 273.2048645019531 0.8904238 1.7596935 0.7410282 0.90949994 1.629073 12.969591 0.6348400115966797 0.11842930316925049
Pedestrian 0.0 0 -3.4693942070007324 896.3108520507812 150.05043029785156 957.5223388671875 260.71649169921875 0.7406292 1.7770778 0.68458664 5.27902 1.2897723 11.7247925 -3.046337127685547 0.1091691255569458
Cyclist 0.0 0 -2.270864963531494 1140.3404541015625 145.06556701660156 1224.0 261.915771484375 1.5564806 1.8956361 0.5386981 10.097153 1.3224437 12.246374 -1.5813615322113037 0.1568140834569931
Cyclist 0.0 0 1.3380059003829956 681.9513549804688 164.98980712890625 727.0834350585938 255.82040405273438 0.99247855 1.7869695 0.6982483 1.9757441 1.4834576 14.432904 1.4740519523620605 0.10526080429553986
Car 0.0 0 -1.4597914218902588 786.30517578125 142.94081115722656 821.5855102539062 175.31016540527344 4.5313225 2.0308905 1.7949909 13.43315 -0.36583927 47.575336 -1.1845999956130981 0.14644519984722137
