Pedestrian 0.0 0 -0.2727820575237274 973.4360961914062 165.0459747314453 996.7661743164062 198.1238555908203 1.0701723 1.8565073 0.52383125 21.202028 1.4186372 40.859577 0.2058708667755127 0.4586213231086731
Pedestrian 0.0 0 -2.1427669525146484 1064.055908203125 168.48365783691406 1084.7947998046875 203.8066864013672 0.685976 1.6957686 0.56324387 22.473406 1.4863178 34.97969 -1.5717034339904785 0.2715151906013489
Cyclist 0.0 0 -0.280953973531723 971.8369140625 166.18116760253906 996.2901611328125 198.84837341308594 1.1292169 1.833934 0.5203281 21.148264 1.4596801 40.869743 0.19656014442443848 0.11372945457696915
Car 0.0 0 1.8486270904541016 751.0882568359375 178.67041015625 798.5438232421875 207.9565887451172 3.9034247 1.5567906 1.6411374 9.441909 1.9070259 41.294655 2.0734102725982666 0.8996398448944092
Car 0.0 0 1.8240892887115479 231.0209503173828 187.6566162109375 314.68682861328125 244.02626037597656 4.215405 1.7973121 1.7674788 -12.254975 2.3852954 26.407978 1.3896019458770752 0.7413957118988037
Car 0.0 0 1.8887386322021484 284.5581970214844 198.42709350585938 343.281005859375 233.062255859375 3.3517277 1.3936015 1.5369123 -13.636652 2.6356122 33.304184 1.500105857849121 0.45490872859954834
Car 0.0 0 -1.9567375183105469 934.6300048828125 170.93035888671875 971.8817138671875 187.77224731445312 3.6893134 1.4283074 1.6704489 29.939196 1.2655268 63.07799 -1.513584852218628 0.3269883692264557
Car 0.0 0 0.010173976421356201 1127.642822265625 166.05609130859375 1242.0 234.09039306640625 3.8293564 1.8004569 1.666063 17.428652 1.6209154 20.966026 0.7036995887756348 0.2924496531486511
Car 0.0 0 -1.5594396591186523 326.2328796386719 194.83078002929688 356.85888671875 223.126220703125 3.7299967 1.464245 1.6221066 -15.826887 2.8215084 42.51755 -1.915791630744934 0.2774072289466858
Car 0.0 0 1.8374727964401245 821.59814453125 176.14541625976562 852.0602416992188 193.6178436279297 3.7810943 1.4672229 1.614453 19.928108 1.7659463 63.377804 2.142118215560913 0.22053761780261993
Car 0.0 0 1.7787138223648071 846.8250732421875 173.37815856933594 876.5673828125 191.4175567626953 3.8379846 1.4434538 1.5744194 20.898605 1.4888164 59.900997 2.1143956184387207 0.2180691659450531
