Pedestrian 0.0 0 2.6121766567230225 675.4481811523438 160.0281982421875 725.701171875 251.64349365234375 0.78572893 1.7892709 0.64578384 1.7698742 1.5391374 14.541411 2.7332935333251953 0.30873608589172363
Pedestrian 0.0 0 1.4207600355148315 569.4277954101562 167.55758666992188 582.7603759765625 199.45889282226562 0.9958917 1.8127123 0.6237001 -1.9908596 1.5121145 41.54639 1.3728777170181274 0.24063187837600708
Pedestrian 0.0 0 0.652080237865448 363.3576354980469 152.69503784179688 400.4133605957031 214.8189697265625 0.8210532 1.778468 0.6266773 -6.710383 1.2017207 21.086683 0.34398508071899414 0.15647614002227783
Pedestrian 0.0 0 2.27336049079895 35.68820571899414 93.5412826538086 198.0121307373047 318.11676025390625 0.9829135 1.7628646 0.67444557 -4.233731 1.1406364 6.18447 1.6730623245239258 0.15622548758983612
Pedestrian 0.0 0 -1.5195965766906738 570.5305786132812 180.6895294189453 581.9126586914062 216.59735107421875 1.6712887 1.733139 0.48525712 -1.7178704 2.1338215 36.024807 -1.5672461986541748 0.12190868705511093
Pedestrian 0.0 0 -1.7322920560836792 561.3375854492188 167.47154235839844 574.8052978515625 197.0347137451172 1.7874076 1.8339981 0.5690562 -2.694897 1.5004469 45.6933 -1.7912017107009888 0.11598367989063263
Cyclist 0.0 0 -1.814621090888977 559.9298706054688 168.3287811279297 575.9490356445312 197.52423095703125 1.7668127 1.813157 0.6028449 -2.706798 1.5324801 45.74081 -1.8737289905548096 0.5155875086784363
Cyclist 0.0 0 -1.4232492446899414 569.27978515625 180.64007568359375 583.60986328125 216.2986297607422 1.7077101 1.7236526 0.473249 -1.7099068 2.1233325 36.12932 -1.4705413579940796 0.3868785798549652
Cyclist 0.0 0 1.3880614042282104 568.4139404296875 167.5242462158203 583.783203125 199.13589477539062 1.454798 1.78781 0.6288743 -1.9951864 1.4867415 41.584152 1.340118646621704 0.1227804496884346
Car 0.0 0 1.6496626138687134 362.372802734375 188.65745544433594 451.41802978515625 266.0506591796875 4.376039 1.4183612 1.596708 -4.5417876 1.8296454 16.459337 1.380422830581665 0.9265398383140564
Car 0.0 0 -1.5156188011169434 528.1038208007812 184.95140075683594 549.3893432617188 203.45382690429688 3.680856 1.4758669 1.6180184 -6.1050057 2.5450916 61.875225 -1.6139668226242065 0.5005312561988831
Car 0.0 0 1.4809861183166504 539.3551025390625 181.37828063964844 580.3110961914062 214.81057739257812 4.046163 1.5927612 1.7620987 -2.7040515 2.062639 37.60129 1.409195899963379 0.2902350425720215
Car 0.0 0 -1.5440293550491333 437.5994873046875 185.15216064453125 466.3683776855469 211.93112182617188 3.9075108 1.4941103 1.6205494 -9.678078 2.283656 44.228176 -1.7594553232192993 0.1900785118341446
