Pedestrian 0.0 0 -0.22995451092720032 852.7206420898438 164.11647033691406 872.2164916992188 188.2974853515625 1.3030548 1.8192954 0.54352903 19.082483 1.1622707 54.622456 0.10614323616027832 0.23306195437908173
Pedestrian 0.0 0 1.1352473497390747 858.2427368164062 121.7945327758789 918.7621459960938 232.9654083251953 0.8922269 1.806773 0.6337869 4.636736 0.97730136 12.191628 1.4986751079559326 0.23188140988349915
Pedestrian 0.0 0 -1.2650487422943115 125.57997131347656 153.14491271972656 147.58026123046875 191.8601837158203 1.0421207 1.8851947 0.62713397 -23.46668 0.9258418 35.718414 -1.846323013305664 0.1463935375213623
Pedestrian 0.0 0 -1.8372865915298462 298.8929138183594 170.5623016357422 320.0662841796875 208.46177673339844 0.7311022 1.913481 0.83821255 -15.437879 1.7981348 36.97244 -2.2328310012817383 0.13417387008666992
Cyclist 0.0 0 1.0899986028671265 825.793701171875 166.40927124023438 847.5723266601562 195.43963623046875 1.7100315 1.7522731 0.5490777 13.917538 1.363627 44.439327 1.3935034275054932 0.13779039680957794
Cyclist 0.0 0 -1.2650487422943115 125.57997131347656 153.14491271972656 147.58026123046875 191.8601837158203 1.0421207 1.8851947 0.62713397 -23.46668 0.9258418 35.718414 -1.846323013305664 0.101810522377491
Car 0.0 0 -1.5327048301696777 566.409912109375 173.70947265625 622.2448120117188 227.63629150390625 3.3554595 1.6099406 1.6730193 -0.48781595 1.6399134 23.283665 -1.5536527633666992 0.9385178685188293
Car 0.0 0 1.9714128971099854 188.13546752929688 197.0148162841797 375.9109802246094 297.34356689453125 4.4861736 1.5021979 1.6879648 -6.186064 2.0515218 14.138642 1.5589783191680908 0.931754469871521
Car 0.0 0 -1.8376102447509766 629.7739868164062 175.16851806640625 660.976806640625 194.593994140625 3.6845808 1.5142995 1.6156257 2.8183963 1.7092547 58.68828 -1.7896239757537842 0.32626017928123474
Car 0.0 0 -1.8949928283691406 819.1207885742188 167.00917053222656 851.61474609375 184.06834411621094 3.6390529 1.4051008 1.5503522 19.073298 0.9240411 61.264038 -1.5931748151779175 0.21761533617973328
Car 0.0 0 -1.2188727855682373 421.4434814453125 164.81588745117188 459.3832092285156 189.26959228515625 4.196073 1.941672 1.7033188 -13.950752 1.3037876 59.474625 -1.4492738246917725 0.13708488643169403
Car 0.0 0 -2.527214288711548 397.3113708496094 152.92486572265625 472.7309875488281 183.47230529785156 4.104618 1.7451605 1.7180227 -10.40421 0.6069762 42.77059 -2.765835762023926 0.12831154465675354
