Pedestrian 0.0 0 -1.4648020267486572 722.8927612304688 159.9564666748047 756.1751098632812 234.77206420898438 0.6493379 1.7889541 0.7391923 3.1275332 1.4809128 17.664803 -1.2895691394805908 0.5835103392601013
Cyclist 0.0 0 -1.6035313606262207 515.0655517578125 168.0535888671875 561.6654052734375 268.89776611328125 1.7250123 1.768464 0.8050517 -1.4238969 1.684639 13.56007 -1.708154559135437 0.9385142922401428
Car 0.0 0 -1.9288253784179688 655.7393798828125 177.290283203125 868.1266479492188 307.331787109375 3.7486908 1.3973621 1.5377643 1.7734417 1.4705912 9.867561 -1.7509993314743042 0.9559279680252075
Car 0.0 0 -1.8013606071472168 574.4801025390625 172.9671630859375 677.9191284179688 245.78292846679688 3.7141895 1.505613 1.5825831 0.21242906 1.508934 16.90695 -1.7887966632843018 0.9376200437545776
Car 0.0 0 1.958162546157837 60.0392951965332 196.67388916015625 279.58734130859375 316.4073486328125 3.9119349 1.47272 1.649725 -6.906285 1.9286757 11.743721 1.4265515804290771 0.9190650582313538
Car 0.0 0 -1.6560672521591187 908.7894897460938 174.09164428710938 1242.0 375.0 3.643319 1.3968135 1.6423435 3.2509158 1.4102441 5.62058 -1.1316852569580078 0.9119412302970886
Car 0.0 0 1.6892377138137817 281.7996520996094 188.4064178466797 351.4571533203125 243.4540252685547 3.6961327 1.4429736 1.539053 -8.904109 1.9607754 22.01819 1.3049458265304565 0.7788677215576172
Car 0.0 0 -1.7825204133987427 543.0144653320312 178.7814178466797 623.116455078125 231.87591552734375 4.078855 1.4159907 1.5815697 -0.9624553 1.614119 21.898449 -1.8264429569244385 0.7570093274116516
Car 0.0 0 1.8243244886398315 210.93125915527344 183.56982421875 334.99163818359375 264.8969421386719 4.1580315 1.6023741 1.6334206 -7.7944937 1.8874927 16.981018 1.3940013647079468 0.6989457011222839
Car 0.0 0 1.7433879375457764 306.74798583984375 183.87890625 365.87548828125 228.01376342773438 3.4633944 1.501892 1.51986 -10.329806 1.9478362 27.315577 1.3818449974060059 0.5717825293540955
