Pedestrian 0.0 0 0.6478717923164368 0.0 205.6575469970703 55.392906188964844 272.64080810546875 1.217244 1.3182532 1.1979228 -12.983314 2.0494432 15.443098 -0.051209744065999985 0.3044171631336212
Pedestrian 0.0 0 -2.204190731048584 774.4102783203125 170.89462280273438 855.2197265625 303.3800964355469 0.9431947 1.6808836 0.6003132 2.6813433 1.6563822 9.699146 -1.9344756603240967 0.13215965032577515
Pedestrian 0.0 0 -2.1125974655151367 1019.7286987304688 147.49147033691406 1052.31982421875 197.34446716308594 0.9437423 1.8736869 0.6833265 16.238806 0.92081374 27.590912 -1.5806350708007812 0.12859265506267548
Pedestrian 0.0 0 -1.2833997011184692 95.75470733642578 161.99267578125 129.64122009277344 223.71697998046875 0.7115018 1.8032582 0.6585449 -14.868652 1.486306 21.517498 -1.888061761856079 0.11625896394252777
Pedestrian 0.0 0 2.6949639320373535 753.7169189453125 145.37112426757812 781.7403564453125 198.97976684570312 0.8096868 1.9085102 0.5982687 5.651572 0.93045604 26.069145 2.908452033996582 0.11016315966844559
Cyclist 0.0 0 -1.6403820514678955 723.6986083984375 167.02432250976562 735.2899780273438 200.16445922851562 1.7930595 1.6886951 0.47059277 6.1962547 1.391995 37.678642 -1.4773908853530884 0.8379291892051697
Cyclist 0.0 0 2.0519235134124756 177.6992645263672 177.4300537109375 204.8468780517578 207.955322265625 1.9816499 1.8694422 0.6371418 -26.414476 2.1646938 45.49119 1.525853157043457 0.12815392017364502
Car 0.0 0 1.724695086479187 460.70635986328125 179.40489196777344 510.27508544921875 213.35171508789062 4.1798368 1.4911879 1.721619 -5.938866 1.824874 34.60767 1.5547449588775635 0.9367101192474365
Car 0.0 0 -1.1905075311660767 336.3739318847656 183.1393585205078 400.3775329589844 215.1111297607422 4.183659 1.4722418 1.653437 -12.249098 2.0267289 36.73394 -1.5123671293258667 0.2911994159221649
Car 0.0 0 -1.6306064128875732 869.212890625 161.99281311035156 894.1196899414062 180.951904296875 3.77337 1.482373 1.6605297 21.952501 0.6335159 58.460438 -1.271388292312622 0.20269908010959625
Car 0.0 0 2.107545852661133 65.7857666015625 186.00807189941406 176.36428833007812 231.77432250976562 3.6707706 1.4262011 1.5665778 -17.139185 1.924558 25.437443 1.5146361589431763 0.14111216366291046
Car 0.0 0 3.019779682159424 650.4990844726562 173.1371612548828 702.28564453125 192.01788330078125 3.9009607 1.4660152 1.5890068 5.1846685 1.4890395 56.90197 3.110644578933716 0.13124331831932068
Car 0.0 0 -0.8822376132011414 0.0 182.64076232910156 120.4946060180664 275.79107666015625 3.8711386 1.4632003 1.6379566 -11.454471 1.6755177 13.681724 -1.5792591571807861 0.1252835988998413
