Pedestrian 0.0 0 1.8017995357513428 69.35673522949219 204.6760711669922 158.65090942382812 266.82177734375 1.247983 1.129258 1.2525313 -10.138864 1.8157194 14.745341 1.1994458436965942 0.3830075263977051
Pedestrian 0.0 0 0.994740903377533 367.1098327636719 167.50735473632812 394.9329833984375 205.88648986816406 0.9401639 1.8800906 0.9677301 -11.466747 1.6185306 36.015648 0.6865060329437256 0.21408714354038239
Pedestrian 0.0 0 2.419649600982666 634.098876953125 179.41314697265625 651.2025146484375 204.7162628173828 1.0241753 1.7383906 0.64456946 2.2542815 2.2024758 50.437473 2.4643144607543945 0.2124197781085968
Pedestrian 0.0 0 -1.2326366901397705 396.17974853515625 149.20814514160156 435.17926025390625 214.25161743164062 1.3926907 1.8117568 0.6643039 -5.6353564 1.1534704 20.81429 -1.4970424175262451 0.10751568526029587
Pedestrian 0.0 0 -2.0143051147460938 877.0408325195312 108.09123229980469 983.4697265625 270.2239074707031 1.5947119 1.747585 0.5078963 3.6970623 1.0498824 8.580649 -1.6074811220169067 0.10393419861793518
Cyclist 0.0 0 -1.624931812286377 636.3292846679688 179.3827667236328 646.5801391601562 204.5965118408203 1.330765 1.7281129 0.6435949 2.1663988 2.1911829 50.465755 -1.5820300579071045 0.19799190759658813
Cyclist 0.0 0 -2.0143051147460938 877.0408325195312 108.09123229980469 983.4697265625 270.2239074707031 1.5947119 1.747585 0.5078963 3.6970623 1.0498824 8.580649 -1.6074811220169067 0.1644381880760193
Cyclist 0.0 0 -1.2326366901397705 396.17974853515625 149.20814514160156 435.17926025390625 214.25161743164062 1.3926907 1.8117568 0.6643039 -5.6353564 1.1534704 20.81429 -1.4970424175262451 0.14573416113853455
Car 0.0 0 -1.527579665184021 576.91455078125 176.7990264892578 607.1429443359375 203.97303771972656 3.793875 1.461773 1.5682827 -1.0233601 1.6982776 41.276924 -1.552367091178894 0.8466240763664246
Car 0.0 0 1.524914264678955 649.3175659179688 183.27587890625 682.2293090820312 211.87005615234375 3.949636 1.436992 1.6163927 2.988693 2.039838 39.711678 1.6000324487686157 0.29330575466156006
Car 0.0 0 1.2835341691970825 699.6627807617188 181.9547882080078 748.41015625 210.3363494873047 3.9167542 1.4348108 1.6043856 6.1986456 1.9634626 39.834557 1.4379059076309204 0.235539510846138
Car 0.0 0 -0.7375955581665039 727.7844848632812 177.316162109375 900.0858764648438 245.7352752685547 3.9369657 1.4818624 1.633289 4.9003844 1.6000887 17.445795 -0.4637598693370819 0.22266367077827454
Car 0.0 0 1.9044647216796875 296.7864685058594 189.5713348388672 410.4566345214844 242.85208129882812 4.9364786 1.4618737 2.0104764 -8.31365 2.0713012 23.814905 1.5685968399047852 0.17057782411575317
Car 0.0 0 1.3071117401123047 657.9635620117188 183.9053497314453 738.5274047851562 224.69891357421875 4.9947586 1.4326285 1.995221 3.4209595 1.9229825 29.371883 1.4230598211288452 0.14603184163570404
Car 0.0 0 1.5952067375183105 609.4351196289062 175.26148986816406 628.5559692382812 193.7537078857422 4.0320106 1.6386435 1.6666081 0.83632314 1.8677609 66.51263 1.6077799797058105 0.14024579524993896
