Pedestrian 0.0 0 -0.4746702313423157 1053.2052001953125 177.23602294921875 1133.9542236328125 305.4640808105469 0.7254657 1.7898483 0.71897894 6.958847 1.8563641 10.4933 0.11090803146362305 0.2852696478366852
Pedestrian 0.0 0 -1.9204274415969849 854.7356567382812 156.7060089111328 878.7601928710938 208.08140563964844 0.7879775 1.7943264 0.5658833 9.05754 1.2307032 25.594189 -1.5802909135818481 0.22328747808933258
Pedestrian 0.0 0 0.5063554644584656 480.8260498046875 172.22335815429688 496.808837890625 200.30123901367188 0.8520727 1.7995234 0.56529623 -7.865201 1.7594633 46.64927 0.3393235206604004 0.19847606122493744
Cyclist 0.0 0 -1.5362740755081177 1155.8533935546875 202.23196411132812 1242.0 375.0 1.6630778 1.6921943 0.630847 5.3241057 1.9906266 6.4855566 -0.8489081859588623 0.5142199397087097
Cyclist 0.0 0 -1.206303358078003 371.42718505859375 193.8225555419922 398.0984802246094 237.63516235351562 1.4832724 1.674734 0.533704 -9.100601 2.5416284 29.058643 -1.50980806350708 0.17187801003456116
Cyclist 0.0 0 -1.9159057140350342 808.931640625 168.1054229736328 835.3787841796875 210.6195831298828 1.6124547 1.6748177 0.5096782 8.542444 1.488109 29.242012 -1.631685495376587 0.1707228422164917
Cyclist 0.0 0 2.8942089080810547 723.3118286132812 150.07928466796875 767.232421875 193.97238159179688 1.7408102 1.8382108 0.57155174 5.680746 0.8847805 30.555208 3.0780274868011475 0.162772074341774
Car 0.0 0 1.6746735572814941 513.9132690429688 182.8187713623047 557.3034057617188 216.92710876464844 4.426812 1.5159682 1.6776564 -3.6398125 2.0382721 35.575733 1.5727165937423706 0.8513177633285522
Car 0.0 0 1.0283485651016235 473.5444641113281 174.12103271484375 522.2257690429688 197.18556213378906 4.19849 1.6691979 1.7157272 -8.548485 1.7692534 54.612637 0.8730790615081787 0.5317143797874451
Car 0.0 0 1.5969141721725464 553.8443603515625 180.49932861328125 576.2887573242188 199.95252990722656 4.4403987 1.5077037 1.7474724 -3.721033 2.167029 59.938156 1.5349125862121582 0.4281504154205322
Car 0.0 0 -1.6862009763717651 500.46636962890625 176.35379028320312 526.5989990234375 196.37603759765625 3.8029504 1.5375719 1.6561164 -7.831366 1.8300169 58.168972 -1.8200275897979736 0.2035437524318695
