Pedestrian 0.0 0 -1.3326483964920044 697.511962890625 157.77313232421875 759.2257690429688 271.4449462890625 0.9214284 1.6838326 0.7566269 1.8932502 1.3488395 11.04161 -1.162834644317627 0.8134082555770874
Pedestrian 0.0 0 1.679381012916565 679.0977783203125 157.3236083984375 699.5252075195312 207.35934448242188 0.96294135 1.8751047 0.677043 3.2049618 1.0080742 27.037115 1.7973697185516357 0.6639663577079773
Pedestrian 0.0 0 -0.6278426051139832 982.478759765625 153.57005310058594 1003.8089599609375 195.9808349609375 0.5807999 1.8335274 0.5896623 16.93692 0.6707505 30.891642 -0.12632960081100464 0.4921248257160187
Pedestrian 0.0 0 2.6734156608581543 720.8390502929688 155.6995086669922 747.145751953125 199.94943237304688 0.8864855 1.7705272 0.5730556 5.208417 0.77970535 28.686285 2.8530237674713135 0.4489666521549225
Pedestrian 0.0 0 3.7987489700317383 0.0 158.65077209472656 41.0255241394043 251.3404541015625 0.8863883 1.7839009 0.4897793 -11.750458 1.3650249 13.867769 3.0958120822906494 0.37519195675849915
Pedestrian 0.0 0 2.459303617477417 686.7033081054688 162.42291259765625 711.2421264648438 203.71441650390625 0.90458363 1.7364862 0.534431 3.9926107 0.9777483 30.193913 2.590773105621338 0.3149493634700775
Pedestrian 0.0 0 -1.3409925699234009 203.12071228027344 205.07603454589844 263.0780334472656 339.52142333984375 0.82208407 1.5480773 0.48667195 -4.6418357 1.8705081 8.76372 -1.8280895948410034 0.24865785241127014
Pedestrian 0.0 0 -3.7611422538757324 1071.299072265625 94.19417572021484 1169.4444580078125 255.45986938476562 0.7202583 1.8050184 0.5731947 5.9088593 0.84069884 8.197298 -3.1365725994110107 0.2207474261522293
Pedestrian 0.0 0 -1.2393162250518799 216.2002410888672 141.0377655029297 256.4645080566406 207.8520050048828 0.8183446 1.8522682 0.791495 -10.483443 0.75984704 20.060055 -1.7208821773529053 0.2027725875377655
Pedestrian 0.0 0 -1.9021766185760498 878.892822265625 147.227783203125 921.3963623046875 231.05734252929688 0.832107 1.714746 0.5846159 6.1638975 1.0357829 14.890941 -1.5097144842147827 0.18395563960075378
Cyclist 0.0 0 -1.3163338899612427 493.97308349609375 163.52105712890625 528.0250854492188 220.8101043701172 2.0892928 1.8035659 0.6107922 -3.1081944 1.2705892 23.328308 -1.4487907886505127 0.9289448261260986
Cyclist 0.0 0 -1.7773549556732178 831.7905883789062 142.2711639404297 891.9470825195312 263.4480895996094 1.7069073 1.8136873 0.5670182 4.0825925 1.2431675 11.461566 -1.435168743133545 0.8146246671676636
Cyclist 0.0 0 1.8264474868774414 337.1044616699219 161.52088928222656 424.2525634765625 305.248291015625 1.6781495 1.7221882 0.6958637 -2.9550118 1.4964554 9.322924 1.519502878189087 0.8044400811195374
Cyclist 0.0 0 -1.9535940885543823 870.8546752929688 145.3542938232422 924.5061645507812 230.76263427734375 1.5335981 1.7177739 0.5082167 6.1344104 1.0125338 14.983794 -1.5650080442428589 0.1842413991689682
Cyclist 0.0 0 -1.3409925699234009 203.12071228027344 205.07603454589844 263.0780334472656 339.52142333984375 0.82208407 1.5480773 0.48667195 -4.6418357 1.8705081 8.76372 -1.8280895948410034 0.17898523807525635
Cyclist 0.0 0 -1.2299829721450806 214.78250122070312 142.49526977539062 259.5389099121094 208.5653533935547 1.0093927 1.8281634 0.84286696 -10.4853115 0.7781473 20.117567 -1.7104477882385254 0.11992398649454117
Car 0.0 0 -2.1597325801849365 761.5994262695312 174.37216186523438 850.2034912109375 213.18421936035156 3.6850576 1.4221928 1.5686023 7.8098454 1.1991675 27.898512 -1.8867816925048828 0.183548703789711
