Pedestrian 0.0 0 0.9419565200805664 742.0667114257812 165.77883911132812 769.8811645507812 212.66232299804688 0.87246084 1.8119507 0.6925885 5.7037015 1.5388682 28.424198 1.1399900913238525 0.5193731784820557
Pedestrian 0.0 0 -2.017052412033081 823.3734741210938 195.21604919433594 878.6375732421875 297.2773132324219 0.71924126 1.5380319 0.5744878 3.755839 1.9051194 11.436645 -1.6997448205947876 0.5025716423988342
Pedestrian 0.0 0 -3.251624822616577 776.69287109375 163.60354614257812 815.8352661132812 233.00038146972656 0.930188 1.7747637 0.5539966 4.793505 1.5385494 18.789036 -3.001830816268921 0.4550056457519531
Pedestrian 0.0 0 -0.6192754507064819 995.0756225585938 168.70089721679688 1008.0682983398438 192.2333526611328 0.5723834 1.7669053 0.68366253 29.574507 1.4554317 54.54723 -0.12245460599660873 0.31260228157043457
Pedestrian 0.0 0 -1.3106640577316284 272.1661376953125 156.8700714111328 288.7970886230469 191.6527557373047 0.9714524 1.951822 0.63253313 -18.762455 1.0552459 41.01814 -1.7396700382232666 0.2508479654788971
Pedestrian 0.0 0 1.6746535301208496 1031.3212890625 192.07656860351562 1106.52099609375 343.7040710449219 0.7884018 1.6584907 0.6760961 5.3839335 1.9002523 8.539759 2.237165927886963 0.2317781150341034
Pedestrian 0.0 0 2.4695565700531006 575.9194946289062 171.4099884033203 603.130126953125 198.95736694335938 1.8362515 1.7869785 0.5764441 -1.375021 1.6936648 47.615303 2.4406869411468506 0.1153874397277832
Cyclist 0.0 0 2.5275092124938965 574.700439453125 170.88186645507812 602.9688110351562 198.3199005126953 1.8655069 1.7793581 0.5893689 -1.4203475 1.6518228 47.58467 2.497669219970703 0.40588051080703735
Cyclist 0.0 0 -2.4450221061706543 918.3060913085938 180.41297912597656 984.6882934570312 247.15354919433594 1.6582644 1.5898772 0.37182382 8.537255 1.7896667 18.203718 -2.00649356842041 0.33618396520614624
Cyclist 0.0 0 -0.220712348818779 541.9515380859375 162.64967346191406 566.2382202148438 186.0665740966797 1.8032622 1.8135005 0.61359555 -4.398634 1.023593 56.434433 -0.2984974682331085 0.20178286731243134
Cyclist 0.0 0 -1.7600537538528442 760.40087890625 186.93833923339844 799.1076049804688 273.0055847167969 1.6211029 1.6294273 0.46544418 3.3966255 1.93362 14.743996 -1.5336307287216187 0.16995769739151
Cyclist 0.0 0 -1.3106640577316284 272.1661376953125 156.8700714111328 288.7970886230469 191.6527557373047 0.9714524 1.951822 0.63253313 -18.762455 1.0552459 41.01814 -1.7396700382232666 0.12407610565423965
Car 0.0 0 2.0699267387390137 0.0 163.54217529296875 290.6555480957031 375.0 4.1050925 1.939621 1.616512 -5.51406 1.8545961 8.713975 1.5057497024536133 0.5834508538246155
Car 0.0 0 1.4879860877990723 917.236328125 182.6047821044922 980.68896484375 228.803955078125 3.8425348 1.5157017 1.7940344 12.395728 1.9051187 26.674067 1.9230059385299683 0.24816206097602844
Car 0.0 0 -1.498844027519226 421.48834228515625 168.4158172607422 447.6507873535156 189.01309204101562 3.7284791 1.4901593 1.646826 -13.163049 1.1694254 54.17349 -1.7372043132781982 0.1761447936296463
Car 0.0 0 2.653400421142578 401.72869873046875 173.47848510742188 453.34466552734375 191.38404846191406 4.0516453 1.4984055 1.6103144 -15.792928 1.5545269 62.471333 2.40578556060791 0.17054930329322815
