Pedestrian 0.0 0 0.42500174045562744 28.667984008789062 138.55368041992188 94.29491424560547 248.7869415283203 0.67121357 1.7829709 0.6364237 -9.2000885 1.2285372 12.0533495 -0.2269449234008789 0.3372919261455536
Pedestrian 0.0 0 1.7253637313842773 303.568359375 154.87232971191406 331.3939514160156 213.2230682373047 0.92892396 1.8327214 0.6959368 -9.438747 1.2682983 23.191835 1.338849663734436 0.1435425728559494
Pedestrian 0.0 0 -2.5870885848999023 268.9996032714844 172.01596069335938 284.6430969238281 196.21437072753906 0.9521941 1.9160004 0.61233723 -26.569754 1.8500031 57.489403 -3.020015001296997 0.13559256494045258
Pedestrian 0.0 0 3.010000228881836 660.0781860351562 182.72618103027344 669.5284423828125 207.74314880371094 0.59534115 1.7800715 0.66895556 3.9169872 2.496265 51.965492 3.0852346420288086 0.13494843244552612
Cyclist 0.0 0 0.07732997089624405 583.217041015625 171.7755889892578 606.4204711914062 194.93399047851562 1.8809383 1.9047881 0.569631 -1.2754214 1.8164449 59.680954 0.055962562561035156 0.12754976749420166
Car 0.0 0 -1.395035743713379 454.6548156738281 185.15599060058594 534.402587890625 242.33444213867188 3.8466003 1.4656408 1.6672796 -3.345269 1.8616923 21.266136 -1.5510621070861816 0.9559963345527649
Car 0.0 0 -1.2673542499542236 334.7945861816406 185.3421173095703 428.374267578125 239.61984252929688 3.6414993 1.3882015 1.588014 -6.612473 1.785485 21.10994 -1.5709129571914673 0.949443519115448
Car 0.0 0 -1.4377325773239136 539.753662109375 180.1228790283203 569.9968872070312 203.5677032470703 3.6683648 1.578776 1.6877285 -3.9356463 2.1182237 51.63021 -1.5138130187988281 0.7214823961257935
Car 0.0 0 -1.5214402675628662 511.87176513671875 174.71737670898438 531.4598999023438 192.32716369628906 3.8541124 1.5738751 1.6161797 -8.180749 1.752083 66.88426 -1.6431477069854736 0.15776467323303223
Car 0.0 0 -2.673360824584961 218.51031494140625 166.86154174804688 284.4588317871094 190.86431884765625 3.7898295 1.6479688 1.6447899 -25.022251 1.2368993 50.37216 -3.1344032287597656 0.12410183250904083
