Pedestrian 0.0 0 0.21193188428878784 492.77685546875 172.2623748779297 509.1023864746094 215.7548065185547 0.5351371 1.7864621 0.70975816 -4.5733733 1.7625189 30.005037 0.060675859451293945 0.5595845580101013
Pedestrian 0.0 0 2.496306896209717 502.748046875 174.4588165283203 526.2070922851562 214.15908813476562 0.75490874 1.7561932 0.73803246 -4.3410516 1.8299853 32.485863 2.363464832305908 0.2739885449409485
Cyclist 0.0 0 -3.2120625972747803 838.8177490234375 169.807861328125 901.2494506835938 219.4716033935547 1.8934315 1.6038668 0.8383991 8.561343 1.5058515 23.957693 -2.8688526153564453 0.8365601897239685
Car 0.0 0 -1.7842729091644287 745.2816162109375 178.15492248535156 874.2831420898438 263.3199462890625 4.2299223 1.4401737 1.5974232 3.8038125 1.563668 14.611954 -1.529603362083435 0.966448187828064
Car 0.0 0 2.637294292449951 628.6381225585938 173.26513671875 697.3134155273438 198.61996459960938 3.9781744 1.5260464 1.6442591 3.2798982 1.5529784 45.054947 2.709963798522949 0.8666160702705383
Car 0.0 0 0.4393842816352844 367.4092712402344 179.71844482421875 435.34735107421875 204.17796325683594 3.7134695 1.45478 1.5822984 -12.902111 1.8895584 44.58735 0.15771079063415527 0.7047155499458313
Car 0.0 0 -3.2192471027374268 811.637939453125 167.33885192871094 879.1161499023438 190.55226135253906 4.057658 1.4707675 1.6714573 15.241628 1.1216936 46.999687 -2.9056556224823 0.5671870708465576
Car 0.0 0 -1.6101744174957275 749.9576416015625 172.51329040527344 783.1797485351562 201.9633026123047 3.648614 1.553996 1.648941 8.602335 1.536375 40.009495 -1.3983912467956543 0.41629287600517273
Car 0.0 0 -3.388479709625244 974.3839111328125 165.09959411621094 1054.047607421875 189.20703125 4.06191 1.458009 1.5818894 25.06591 0.9893836 44.92565 -2.879559278488159 0.3156196177005768
Car 0.0 0 0.9545716047286987 305.5842590332031 184.52146911621094 363.547119140625 208.6348876953125 4.1374645 1.5521283 1.6716073 -19.161964 2.3920016 50.07015 0.5890653133392334 0.26838481426239014
Car 0.0 0 1.1536942720413208 251.90829467773438 181.36618041992188 301.29705810546875 206.1410675048828 3.7423882 1.5490555 1.6154693 -22.332823 2.140001 48.217705 0.7199451923370361 0.2634255290031433
