Pedestrian 0.0 0 -1.3455688953399658 158.95254516601562 179.20408630371094 191.88311767578125 230.86785888671875 0.94560415 1.8634301 0.85758704 -16.142433 2.104351 26.74842 -1.8885514736175537 0.5888497829437256
Pedestrian 0.0 0 0.7858288288116455 425.0660095214844 167.75485229492188 449.40509033203125 221.86009216308594 0.4957849 1.8136506 0.6455074 -5.9304676 1.643081 24.588453 0.5491597652435303 0.4341611862182617
Pedestrian 0.0 0 -2.684704542160034 352.6710205078125 178.14498901367188 368.29083251953125 204.06268310546875 0.91678613 1.8427106 0.5357979 -17.923391 2.2249413 51.75146 -3.01811146736145 0.42780598998069763
Cyclist 0.0 0 -2.4626827239990234 661.6576538085938 162.244384765625 711.94384765625 217.024169921875 1.6854458 1.7293842 0.5069972 2.4470522 1.3947994 23.549934 -2.359145164489746 0.5122941136360168
Cyclist 0.0 0 -1.7047255039215088 648.7323608398438 173.2860107421875 664.4225463867188 217.50424194335938 1.6036425 1.6018722 0.37048972 1.6889141 1.6188635 26.96492 -1.642173409461975 0.4595556855201721
Cyclist 0.0 0 -1.345973014831543 158.53143310546875 179.40501403808594 191.69883728027344 231.1229705810547 0.97850984 1.8634341 0.8577939 -16.1514 2.112083 26.745438 -1.8892505168914795 0.17448560893535614
Car 0.0 0 1.9469032287597656 266.2971496582031 185.6710968017578 345.39501953125 227.2613525390625 4.0337687 1.557266 1.6942892 -12.704259 2.132074 30.301718 1.54990553855896 0.8598687648773193
Car 0.0 0 -1.5460954904556274 584.9884643554688 176.30955505371094 611.581787109375 200.9400634765625 3.5765994 1.5142186 1.6336184 -0.75605315 1.7466207 46.654366 -1.5622994899749756 0.7989376187324524
Car 0.0 0 -1.399599552154541 435.8652038574219 176.75917053222656 534.221435546875 255.7689971923828 4.090231 1.6633376 1.653829 -2.9306202 1.769184 17.4388 -1.5660955905914307 0.7862504124641418
Car 0.0 0 2.2397196292877197 0.0 197.96484375 130.630859375 327.571044921875 4.160203 1.5021881 1.7098407 -9.727904 1.9692631 11.293692 1.5286688804626465 0.7212546467781067
Car 0.0 0 1.7402046918869019 420.7740173339844 179.68643188476562 459.7253723144531 207.94635009765625 4.2610483 1.6565707 1.6988108 -10.684168 2.1086698 45.52492 1.509688138961792 0.4983575940132141
Car 0.0 0 -0.929591953754425 0.0 186.39808654785156 151.66278076171875 244.145751953125 4.207091 1.4599718 1.6386302 -15.76315 1.9004284 21.335226 -1.5659072399139404 0.3562954068183899
Car 0.0 0 1.8200384378433228 389.1244812011719 177.5380859375 422.20068359375 200.7628173828125 3.9180095 1.7585438 1.61701 -16.238337 2.1444619 57.409298 1.5443869829177856 0.3169342279434204
