Pedestrian 0.0 0 0.8988314270973206 1120.334716796875 158.85882568359375 1210.528564453125 276.53741455078125 0.9880335 1.7204463 0.6095942 8.421794 1.5161965 11.046225 1.5502301454544067 0.8558037281036377
Pedestrian 0.0 0 2.5223584175109863 512.2128295898438 171.01548767089844 536.669189453125 219.76715087890625 0.6010835 1.8158503 0.7419876 -3.2876935 1.7477293 27.34898 2.4027199745178223 0.6145399808883667
Cyclist 0.0 0 -0.2045559585094452 772.043701171875 174.83203125 835.6679077148438 222.984375 2.0300238 1.6614264 0.86527765 6.764836 1.7328211 25.421291 0.055525779724121094 0.9216867089271545
Car 0.0 0 -1.6014103889465332 603.31591796875 181.12176513671875 678.341796875 244.34283447265625 3.4563277 1.3552353 1.6555208 0.63976413 1.5777282 17.650457 -1.5651799440383911 0.9537129402160645
Car 0.0 0 1.9147632122039795 337.4851379394531 181.2877197265625 400.5513916015625 217.602294921875 3.7584305 1.6027021 1.701643 -11.521258 2.029949 34.621166 1.5935100317001343 0.8925884962081909
Car 0.0 0 -1.518001675605774 582.7453002929688 180.9545440673828 629.1679077148438 223.31256103515625 3.830446 1.555591 1.6787217 -0.14539018 1.905682 29.195786 -1.5229815244674683 0.8749770522117615
Car 0.0 0 1.7725528478622437 434.4220275878906 174.88490295410156 469.523681640625 205.37454223632812 4.193804 2.1049151 1.6752576 -11.409597 2.2581367 52.19887 1.5573580265045166 0.7146426439285278
Car 0.0 0 -2.159773588180542 475.16729736328125 178.843017578125 544.9485473632812 212.34320068359375 3.7544487 1.5498987 1.634827 -5.0687847 1.8653963 36.019547 -2.2995786666870117 0.6236933469772339
Car 0.0 0 -2.118616819381714 1116.106201171875 182.329833984375 1242.0 236.29745483398438 3.7416303 1.4615216 1.6250209 17.46788 1.7788409 22.178041 -1.451470136642456 0.48288118839263916
Car 0.0 0 -2.2636685371398926 492.65545654296875 179.94088745117188 560.938232421875 206.2117462158203 4.263518 1.427871 1.6336765 -4.963886 1.8648475 42.388725 -2.380241632461548 0.3200805187225342
