Pedestrian 0.0 0 0.22711387276649475 555.2149658203125 142.88563537597656 598.7698364257812 218.8593292236328 0.93525714 1.7882526 0.6092262 -0.8371534 1.0832219 17.363636 0.1789381504058838 0.19114190340042114
Pedestrian 0.0 0 1.8987243175506592 284.5654296875 165.35203552246094 312.0226745605469 221.22262573242188 0.83265126 1.7629918 0.57444024 -10.062525 1.5266261 23.203583 1.489539384841919 0.1835751086473465
Car 0.0 0 -1.1014752388000488 1022.43212890625 153.10646057128906 1237.564453125 249.89993286132812 3.7807653 1.5223407 1.5922164 9.287201 1.2121147 12.922266 -0.47831040620803833 0.9049713015556335
Car 0.0 0 2.8633198738098145 0.0 166.31980895996094 283.1691589355469 257.02874755859375 4.5393934 1.5485913 1.6945946 -9.308481 1.4373968 14.576832 2.2950143814086914 0.9047707915306091
Car 0.0 0 2.205393075942993 1155.8809814453125 157.6221466064453 1242.0 207.0923309326172 3.8529634 1.551264 1.5968875 20.306543 1.0739886 23.84068 2.9109082221984863 0.5583848357200623
Car 0.0 0 2.581031560897827 802.780029296875 148.0010528564453 966.787841796875 217.7600555419922 4.2511024 1.9316199 1.7215499 7.996608 1.2438021 21.243496 2.941051959991455 0.42882245779037476
Car 0.0 0 -0.14904677867889404 534.2986450195312 189.76124572753906 652.8700561523438 235.96092224121094 3.9720128 1.4998924 1.7352701 -0.6662757 2.1259992 25.501396 -0.17516785860061646 0.2557147145271301
Car 0.0 0 2.1853249073028564 1099.3480224609375 168.07310485839844 1242.0 224.10987854003906 3.7449248 1.5636536 1.6273899 16.692362 1.4306054 21.454117 2.8465373516082764 0.23113694787025452
Car 0.0 0 0.1383160650730133 294.8559875488281 188.58872985839844 423.682861328125 239.2965850830078 3.8302605 1.5418209 1.6444247 -8.22621 2.0878072 23.841919 -0.19392549991607666 0.21781590580940247
Car 0.0 0 1.537271499633789 614.9681396484375 183.0719451904297 648.7299194335938 213.56546020507812 3.9365885 1.4756864 1.645422 1.0746629 2.045121 38.20973 1.5653895139694214 0.19791550934314728
Car 0.0 0 1.4747235774993896 457.82940673828125 182.3542938232422 499.5422058105469 215.2921600341797 3.9338157 1.4724344 1.6438122 -6.563984 1.9693177 35.590763 1.2923436164855957 0.1964205652475357
