Pedestrian 0.0 0 1.368130087852478 746.2037963867188 160.99851989746094 773.6923828125 219.8232421875 0.779014 1.8179545 0.7019954 4.6616206 1.4519237 22.685598 1.570797085762024 0.7836119532585144
Car 0.0 0 -1.7878817319869995 713.7182006835938 179.8509521484375 836.3690185546875 264.3812561035156 3.700005 1.4403954 1.5892531 3.0989451 1.598929 14.45393 -1.576677680015564 0.9673210382461548
Car 0.0 0 -1.7197823524475098 681.9732055664062 176.70887756347656 769.1124267578125 245.4121856689453 3.783747 1.6016271 1.6825116 2.8681233 1.7132137 18.92342 -1.5693624019622803 0.9129021167755127
Car 0.0 0 1.5934361219406128 537.18798828125 180.30731201171875 570.5576782226562 210.5653533935547 3.687738 1.4390526 1.6276312 -2.8834913 1.8424397 37.12783 1.515927791595459 0.8789007067680359
Car 0.0 0 -2.1791763305664062 850.9619140625 189.357177734375 1242.0 375.0 4.13846 1.4523891 1.6027129 2.8326635 1.5948818 4.1360707 -1.5786782503128052 0.8736295700073242
Car 0.0 0 3.4395389556884766 332.6321716308594 183.8595428466797 398.03326416015625 205.51895141601562 4.2021637 1.5229231 1.6872135 -17.807772 2.3386824 52.55233 3.1128244400024414 0.7973514199256897
Car 0.0 0 -1.6781615018844604 593.468505859375 176.04434204101562 622.1897583007812 199.6197052001953 3.5521076 1.6049486 1.6721686 -0.2165747 1.8411504 51.478638 -1.682368516921997 0.7395410537719727
Car 0.0 0 -1.7053581476211548 651.2967529296875 176.80514526367188 697.761962890625 212.00222778320312 3.708583 1.4771858 1.5952011 2.8169498 1.6664013 32.594635 -1.6191486120224 0.7102269530296326
Car 0.0 0 -1.722511887550354 673.0181884765625 173.590576171875 733.3850708007812 225.93983459472656 2.831862 1.5492733 1.4699979 2.8447137 1.5744027 22.827293 -1.5985320806503296 0.6792991161346436
Car 0.0 0 0.17915919423103333 411.6670227050781 184.4042205810547 473.29913330078125 205.994384765625 4.148578 1.515446 1.6285442 -12.186419 2.3714678 52.535885 -0.04877343028783798 0.6635270118713379
