Pedestrian 0.0 0 -0.3211774230003357 621.2260131835938 178.60072326660156 646.663818359375 221.81069946289062 0.8609463 1.7713256 0.7631236 1.3340226 1.6534642 29.929039 -0.2766340672969818 0.811320424079895
Pedestrian 0.0 0 -1.652262568473816 927.4053344726562 158.16363525390625 1025.8458251953125 314.5804443359375 0.92337334 1.6422166 0.9081387 4.1634684 1.39857 8.139151 -1.1794288158416748 0.7489050030708313
Pedestrian 0.0 0 1.8265116214752197 406.4757995605469 177.98634338378906 453.8478698730469 272.9012451171875 0.8703939 1.7318649 0.67334485 -3.2563825 1.6690198 13.546265 1.590598225593567 0.7359240055084229
Pedestrian 0.0 0 2.471489429473877 674.2921752929688 181.96046447753906 710.1231689453125 230.64964294433594 0.93203086 1.7134888 0.88773435 3.2489777 1.731536 25.909964 2.5962331295013428 0.6325559020042419
Pedestrian 0.0 0 -2.985671281814575 572.0961303710938 182.27764892578125 599.0108642578125 226.6628875732422 0.96260923 1.7491109 0.8318962 -0.6480533 1.7817975 28.797867 -3.0081710815429688 0.6282129883766174
Pedestrian 0.0 0 -0.11086583137512207 512.9161376953125 179.55352783203125 542.2352294921875 234.31790161132812 0.8145351 1.62738 0.6515168 -2.2692788 1.5706655 21.748545 -0.21483126282691956 0.5161867737770081
Pedestrian 0.0 0 2.2484798431396484 0.0 182.99664306640625 120.20443725585938 373.65423583984375 0.8288571 1.5969545 0.7322335 -5.0130095 1.6126286 6.441077 1.587119221687317 0.4924379885196686
Pedestrian 0.0 0 0.3910459876060486 587.6785278320312 186.2420196533203 610.3843994140625 225.99993896484375 0.80757666 1.7191881 0.6658931 -0.11708907 1.931992 31.62964 0.3873441219329834 0.4715003967285156
Pedestrian 0.0 0 -2.3111727237701416 275.9324035644531 134.5945587158203 388.4504699707031 301.6501159667969 0.9127723 1.7252411 0.7464284 -3.020734 1.2421957 7.95472 -2.67409348487854 0.44720658659935
Pedestrian 0.0 0 3.5115344524383545 3.2453339099884033 150.14340209960938 104.85626983642578 290.55389404296875 0.91605276 1.7783306 0.6019942 -7.2667327 1.382527 9.511979 2.859161138534546 0.39252617955207825
Pedestrian 0.0 0 -0.4952998757362366 798.1475219726562 137.86318969726562 919.0900268554688 319.9755859375 0.8989768 1.6340803 0.6059903 2.3714964 1.2439107 6.813832 -0.1603708416223526 0.2534763813018799
Cyclist 0.0 0 -1.4378352165222168 514.9413452148438 179.05453491210938 539.6011352539062 234.60931396484375 0.82360566 1.6502581 0.6413778 -2.2676814 1.5787429 21.756536 -1.5416901111602783 0.12402549386024475
