Pedestrian 0.0 0 1.1634159088134766 1144.8399658203125 122.87260437011719 1242.0 348.9538269042969 0.6760082 1.6775044 0.6043673 4.714931 1.3070045 5.7590923 1.8494517803192139 0.3691585958003998
Pedestrian 0.0 0 3.2175443172454834 390.24200439453125 172.24171447753906 422.2251892089844 243.51901245117188 0.73865503 1.7799892 0.6728675 -5.242208 1.7650571 18.419516 2.940274477005005 0.28195691108703613
Pedestrian 0.0 0 -2.09932804107666 991.3190307617188 157.6612548828125 1125.864013671875 335.8637390136719 1.6014856 1.7252059 0.47659892 4.712898 1.5784805 7.7869635 -1.55507230758667 0.12145593762397766
Cyclist 0.0 0 1.677141547203064 564.1265869140625 168.8850860595703 598.3862915039062 248.5502166748047 1.8149344 1.8300805 0.64523166 -0.72536796 1.7392641 17.499025 1.6357133388519287 0.9229976534843445
Cyclist 0.0 0 -2.09932804107666 991.3190307617188 157.6612548828125 1125.864013671875 335.8637390136719 1.6014856 1.7252059 0.47659892 4.712898 1.5784805 7.7869635 -1.55507230758667 0.2654113471508026
Car 0.0 0 -2.583860158920288 25.71754264831543 175.95974731445312 344.107421875 269.54083251953125 4.480815 1.4721538 1.6854883 -7.1443496 1.5295054 12.323473 -3.109245777130127 0.9599694013595581
Car 0.0 0 -1.720900297164917 719.8461303710938 186.45408630371094 859.3836669921875 304.67694091796875 3.3644207 1.4667675 1.5347034 2.5388787 1.7087897 11.083449 -1.4957159757614136 0.9180473685264587
Car 0.0 0 1.7456142902374268 448.7991638183594 173.8216552734375 541.8151245117188 247.08251953125 4.0308433 1.6749265 1.6773663 -2.8736181 1.7029324 18.579998 1.5921682119369507 0.8546677827835083
Car 0.0 0 -1.43565034866333 510.4169921875 180.09835815429688 568.7386474609375 223.87339782714844 3.9398508 1.4507107 1.6193675 -2.5589676 1.737957 26.571207 -1.5316603183746338 0.812610387802124
Car 0.0 0 -1.9432685375213623 788.7042846679688 182.7873992919922 1094.4517822265625 375.0 2.378872 1.5907112 1.4972295 2.4719472 1.6909578 6.05218 -1.5555082559585571 0.8057087659835815
Car 0.0 0 1.4357017278671265 639.0750732421875 177.64559936523438 676.5863647460938 203.49940490722656 4.1117463 1.4516511 1.7035092 2.792353 1.754284 43.403984 1.499947190284729 0.7099327445030212
Car 0.0 0 -1.3896392583847046 547.3175048828125 174.0453643798828 574.824951171875 193.07614135742188 3.746889 1.4944062 1.5911912 -3.981213 1.5951635 58.85241 -1.4571837186813354 0.3168496787548065
Car 0.0 0 -1.5939152240753174 640.1748046875 171.1341552734375 660.2683715820312 189.40457153320312 3.6339483 1.5069735 1.6173756 3.3721929 1.3654749 61.352642 -1.5390063524246216 0.2698202431201935
