Pedestrian 0.0 0 1.2967371940612793 804.4898681640625 169.27818298339844 825.6931762695312 205.82119750976562 1.676525 1.7696537 0.5763064 10.11996 1.5968467 35.777576 1.572393774986267 0.2539941966533661
Pedestrian 0.0 0 -2.3184475898742676 541.334716796875 170.27618408203125 559.929443359375 207.32252502441406 0.59334517 1.7794625 0.67969483 -2.926504 1.6559991 35.106197 -2.4016168117523193 0.2007591873407364
Pedestrian 0.0 0 1.1461023092269897 172.70762634277344 174.2390594482422 228.14999389648438 261.57025146484375 0.846945 1.8041735 0.7508487 -8.833175 1.8353002 15.4735365 0.627387285232544 0.19570313394069672
Pedestrian 0.0 0 2.1232032775878906 289.4913330078125 170.5564727783203 329.65777587890625 227.10377502441406 0.9301166 1.869031 0.8993549 -10.184418 1.7934499 24.375408 1.7274338006973267 0.1696145236492157
Pedestrian 0.0 0 -0.5178902745246887 1083.4835205078125 98.14217376708984 1240.7354736328125 318.89117431640625 0.84237736 1.7817554 0.691728 4.6599827 1.1790837 6.216882 0.1253349781036377 0.1507384330034256
Cyclist 0.0 0 1.2963759899139404 804.3800659179688 169.21006774902344 825.8545532226562 205.86956787109375 1.7203524 1.773845 0.5765447 10.118846 1.5978836 35.770866 1.5720528364181519 0.6787497997283936
Car 0.0 0 1.7663981914520264 505.9165344238281 178.41998291015625 579.626708984375 228.26150512695312 3.9242668 1.4482552 1.6497716 -2.1359832 1.6452931 23.455877 1.6755847930908203 0.9475810527801514
Car 0.0 0 1.6342684030532837 584.4703369140625 174.5039520263672 617.61181640625 202.40353393554688 3.6522615 1.4488932 1.5899905 -0.4858869 1.5439687 39.553413 1.6219847202301025 0.8659096360206604
Car 0.0 0 -1.5471651554107666 703.5972290039062 184.3288116455078 731.5631103515625 210.44268798828125 3.8180904 1.4707358 1.6154515 6.62556 2.2097886 44.427593 -1.3991245031356812 0.18637056648731232
Car 0.0 0 -1.686058759689331 382.25885009765625 172.9445343017578 405.7780456542969 189.38720703125 3.6909952 1.4348817 1.612266 -19.499826 1.4436477 64.998825 -1.977518081665039 0.1640714555978775
Car 0.0 0 -1.5996218919754028 569.6842651367188 174.7417755126953 596.5773315429688 199.87889099121094 3.6329687 1.5209609 1.5947727 -1.770338 1.6460394 45.80143 -1.6382551193237305 0.14538758993148804
