Pedestrian 0.0 0 0.7223808765411377 0.0 110.7733383178711 62.95499038696289 263.6683654785156 0.72137547 1.8093878 0.55522937 -7.3177576 1.0750718 8.824389 0.030048370361328125 0.5484675168991089
Pedestrian 0.0 0 1.4693714380264282 755.4686279296875 179.54234313964844 783.4774780273438 228.29910278320312 0.96403515 1.8574842 0.9729449 6.172928 2.1239135 28.166615 1.6851180791854858 0.3161745071411133
Pedestrian 0.0 0 3.0470283031463623 0.0 206.77532958984375 178.33596801757812 375.0 0.9099908 1.5980295 0.5903128 -2.480022 1.7667496 3.0489542 2.3641693592071533 0.23974603414535522
Cyclist 0.0 0 1.4466391801834106 752.1408081054688 179.33590698242188 780.8370971679688 227.78414916992188 0.98429626 1.8417764 0.9758203 6.0422196 2.0994031 28.102327 1.658422827720642 0.10477624088525772
Cyclist 0.0 0 2.5823211669921875 0.0 207.0951690673828 187.78463745117188 375.0 0.9829019 1.5840027 0.5535347 -2.4789996 1.7550967 3.04068 1.8983334302902222 0.10363683104515076
Car 0.0 0 -1.6680876016616821 674.6732788085938 181.8247528076172 731.4639282226562 228.55239868164062 3.6692634 1.5266821 1.6747006 3.2551591 1.8751501 26.140253 -1.5441986322402954 0.9438000321388245
Car 0.0 0 1.9111649990081787 194.15525817871094 184.4163055419922 460.6146240234375 346.3997497558594 4.0641074 1.4243491 1.6133559 -3.0740962 1.5961659 8.664532 1.5702285766601562 0.9200900197029114
Car 0.0 0 1.0835412740707397 811.6918334960938 206.5120391845703 1242.0 375.0 4.1132503 1.398851 1.6512975 3.0707445 1.7783148 6.053275 1.553001046180725 0.8535047173500061
Car 0.0 0 -1.7186650037765503 659.7022094726562 180.03387451171875 709.4052734375 217.11648559570312 3.6779606 1.4858718 1.6220587 3.1536694 1.8184826 31.510971 -1.6189155578613281 0.72918301820755
Car 0.0 0 1.7346988916397095 545.67919921875 175.13571166992188 582.5737915039062 201.30628967285156 4.003319 1.4985402 1.6017975 -2.7657225 1.6437973 43.746265 1.6715610027313232 0.662090539932251
