Pedestrian 0.0 0 -0.6072214841842651 1054.6065673828125 134.22459411621094 1184.666015625 301.9017333984375 1.0452392 1.7772001 0.51962006 5.574702 1.28842 7.7570896 0.01591777801513672 0.7985057830810547
Pedestrian 0.0 0 2.2989087104797363 871.5889892578125 139.65988159179688 936.1430053710938 252.09774780273438 0.64436346 1.7937758 0.74941224 4.9153566 1.1438884 11.752019 2.6950535774230957 0.2052105814218521
Pedestrian 0.0 0 -1.6729662418365479 643.7665405273438 173.50396728515625 688.8193359375 276.61669921875 0.94631267 1.8085306 0.71988684 1.0581096 1.687469 12.876529 -1.5909769535064697 0.14477278292179108
Pedestrian 0.0 0 -1.888420581817627 753.3536376953125 134.19309997558594 811.7510375976562 240.03977966308594 0.99267685 1.7824966 0.71692294 3.0575626 1.0043205 12.424212 -1.6471185684204102 0.1420818269252777
Pedestrian 0.0 0 1.3826664686203003 672.3034057617188 154.82266235351562 716.353759765625 246.5559539794922 1.0132865 1.7969533 0.7072011 1.7598768 1.2955936 14.374289 1.5044924020767212 0.12144345045089722
Pedestrian 0.0 0 2.132802724838257 10.287609100341797 175.7375946044922 92.16395568847656 266.7418212890625 0.9429592 1.8046846 0.9741943 -11.399854 1.7118716 14.535452 1.4677213430404663 0.11318402737379074
Pedestrian 0.0 0 3.6197803020477295 211.63075256347656 145.25399780273438 264.84515380859375 238.6363067626953 0.7129456 1.7997197 0.6530143 -7.2682414 1.1220707 13.948976 3.139427661895752 0.10310762375593185
Pedestrian 0.0 0 -0.6052471995353699 815.7250366210938 185.45582580566406 870.2638549804688 274.0753479003906 0.7655594 1.6896172 0.68627584 4.6500697 1.7921923 13.960937 -0.28372716903686523 0.10278799384832382
Pedestrian 0.0 0 0.45711660385131836 618.2230224609375 166.09312438964844 672.6516723632812 255.06971740722656 0.92019 1.7669588 0.66542137 0.7934523 1.4824862 14.5514555 0.5115900039672852 0.10078122466802597
Cyclist 0.0 0 -1.081486701965332 1108.9525146484375 199.72755432128906 1224.0 370.0 1.571576 1.569106 0.508196 5.3835883 1.7631125 6.5317464 -0.3921516537666321 0.10892273485660553
Car 0.0 0 -1.6800899505615234 781.8045043945312 189.28042602539062 875.7757568359375 265.01776123046875 3.7643762 1.4314173 1.5632693 4.8347898 1.6542441 15.815122 -1.3834058046340942 0.10385163128376007
