Pedestrian 0.0 0 -1.5836400985717773 83.38875579833984 199.77049255371094 162.29249572753906 370.0 0.7085972 1.6715372 0.61316925 -4.77845 1.8749332 6.929396 -2.1873459815979004 0.3475154638290405
Car 0.0 0 -1.8896198272705078 768.4198608398438 178.37771606445312 950.741455078125 288.20135498046875 3.9561043 1.5399878 1.6527137 3.982835 1.5118959 11.891175 -1.5664236545562744 0.9476522207260132
Car 0.0 0 -2.0715296268463135 848.3839721679688 194.5481719970703 1224.0 370.0 3.527297 1.4299693 1.535438 3.3951387 1.5872629 6.0553017 -1.5605171918869019 0.9446167945861816
Car 0.0 0 -1.5639928579330444 699.7077026367188 176.44915771484375 750.3927001953125 223.68829345703125 3.5636706 1.480751 1.5756624 4.0582867 1.3553267 24.049397 -1.396819829940796 0.8670473098754883
Car 0.0 0 2.074157238006592 294.53375244140625 173.84619140625 381.000244140625 224.18743896484375 4.021836 1.9272745 1.5917919 -10.9341755 1.6740448 29.168503 1.7155072689056396 0.7401151061058044
Car 0.0 0 -1.7165327072143555 689.119140625 176.38919067382812 740.856201171875 215.60205078125 3.5864177 1.5110968 1.5815513 4.429597 1.3541889 29.039333 -1.5651617050170898 0.5234215259552002
Car 0.0 0 1.8609458208084106 515.0203247070312 178.97406005859375 546.4834594726562 197.2420196533203 3.9583886 1.5215406 1.6364447 -6.3456244 1.3956554 60.981796 1.7572612762451172 0.49281221628189087
Car 0.0 0 -1.5754565000534058 686.7071533203125 179.86634826660156 721.0432739257812 210.94078063964844 3.7321396 1.4430885 1.5840135 4.8345184 1.4151154 34.785065 -1.4373584985733032 0.2561310827732086
Car 0.0 0 -1.6213061809539795 675.2781372070312 179.3805694580078 707.2756958007812 206.6450653076172 3.6347399 1.474647 1.6112236 4.8438616 1.4155035 40.10604 -1.5011119842529297 0.2552677094936371
Car 0.0 0 -1.7843151092529297 654.9124145507812 176.9528350830078 687.5481567382812 199.5176544189453 3.7683024 1.5949095 1.6186568 4.831682 1.3454847 51.938065 -1.691554307937622 0.2462170571088791
