Car 0.0 0 -0.4732033312320709 875.5819091796875 165.89881896972656 1118.3812255859375 239.0188446044922 4.344767 1.4930772 1.665089 8.165633 1.3514132 15.583746 0.009446859359741211 0.9446603059768677
Car 0.0 0 -1.7110438346862793 664.6572875976562 180.35235595703125 733.9190063476562 233.31402587890625 4.0414796 1.4791436 1.5940889 2.6754005 1.7372934 22.764795 -1.5940568447113037 0.9315106272697449
Car 0.0 0 2.066023111343384 0.0 207.29122924804688 361.299560546875 375.0 3.569562 1.3729382 1.5989511 -3.798781 1.7843494 6.8144803 1.557472586631775 0.9224784970283508
Car 0.0 0 1.9719340801239014 246.64852905273438 196.3814239501953 392.1781311035156 276.6819763183594 3.752372 1.4451411 1.6386305 -6.3040185 2.0288353 15.990419 1.5964055061340332 0.9167094230651855
Car 0.0 0 -1.3167048692703247 405.5140075683594 185.84385681152344 476.5422058105469 229.94473266601562 3.9575562 1.4698097 1.6641954 -6.322623 1.9963052 27.222559 -1.5449155569076538 0.8479457497596741
Car 0.0 0 2.779433012008667 775.0388793945312 165.74537658691406 913.4296875 213.58737182617188 4.227021 1.5908 1.6832224 7.9827223 1.3547884 24.94033 3.0892019271850586 0.8175585865974426
Car 0.0 0 -0.5337048172950745 1025.493408203125 147.79995727539062 1126.00634765625 182.0901336669922 3.7102144 1.5894096 1.6175927 22.054878 0.42846885 34.319527 0.03747439384460449 0.6237212419509888
Car 0.0 0 2.696603775024414 832.68505859375 149.87423706054688 1027.7357177734375 226.68345642089844 4.312265 1.8965513 1.7241999 8.166716 1.3294997 18.748537 3.1074116230010986 0.5927202701568604
Car 0.0 0 1.7678194046020508 468.86553955078125 183.83131408691406 512.5488891601562 214.88002014160156 3.8630533 1.505638 1.5640057 -6.3159156 2.1189065 38.327045 1.6044971942901611 0.5510542392730713
Car 0.0 0 -0.8230741024017334 1174.7891845703125 135.8512725830078 1242.0 186.62364196777344 4.3405795 1.6696866 1.7541815 22.139484 0.45318273 24.803226 -0.09435972571372986 0.49246665835380554
