Pedestrian 0.0 0 1.3461778163909912 734.6398315429688 156.90545654296875 751.5946044921875 193.87660217285156 0.80745995 1.8468497 0.67858917 6.684691 1.0505167 36.45885 1.5275126695632935 0.29492294788360596
Pedestrian 0.0 0 -0.44627612829208374 954.9588623046875 120.89309692382812 1012.0396728515625 230.8140869140625 0.6629869 1.8262675 0.6138033 6.304117 0.96332777 12.300985 0.027312517166137695 0.19679924845695496
Pedestrian 0.0 0 -0.5532986521720886 920.6158447265625 166.39454650878906 984.930908203125 258.36688232421875 0.85478586 1.7261055 0.7535431 6.568055 1.6052344 13.961612 -0.1135801300406456 0.14061148464679718
Pedestrian 0.0 0 -1.7992510795593262 802.6810913085938 145.3470458984375 828.2661743164062 198.8104248046875 0.8719772 1.8402919 0.68076897 7.148893 0.89381784 25.285223 -1.5237125158309937 0.1243465319275856
Pedestrian 0.0 0 -3.219654083251953 699.3092651367188 166.54345703125 714.665283203125 192.40673828125 1.0670717 1.866894 0.51548135 7.008468 1.4117357 52.36679 -3.0866105556488037 0.11770458519458771
Pedestrian 0.0 0 -1.7165186405181885 830.3508911132812 130.5997772216797 859.9557495117188 200.90521240234375 0.627295 1.9267025 0.7003643 6.5089874 0.76909435 20.138271 -1.403902292251587 0.11518586426973343
Cyclist 0.0 0 1.324434518814087 733.7371826171875 158.93521118164062 751.5238037109375 195.36830139160156 0.8877491 1.819593 0.68795973 6.666848 1.124799 36.498802 1.5051021575927734 0.10345408320426941
Car 0.0 0 1.712091088294983 458.1940002441406 190.02334594726562 534.1585083007812 247.9011993408203 4.204611 1.483671 1.6895794 -3.384084 2.0545192 21.85942 1.5584990978240967 0.9584421515464783
Car 0.0 0 -1.5884557962417603 595.7861328125 183.455810546875 615.8397216796875 201.25355529785156 3.6506855 1.4322805 1.6570034 -0.40740713 2.3723323 62.106064 -1.595015525817871 0.21091526746749878
Car 0.0 0 1.6808887720108032 524.5460205078125 191.26580810546875 554.5300903320312 215.7173614501953 4.1170588 1.5539901 1.6702728 -4.9706435 2.9096074 51.03915 1.583806037902832 0.16156110167503357
Car 0.0 0 -1.6499364376068115 641.2559204101562 190.98785400390625 673.767822265625 218.4288330078125 3.9093235 1.4604477 1.6187893 2.7519517 2.5900974 42.964577 -1.5859721899032593 0.13642828166484833
