Car 0.0 0 2.6199092864990234 786.02880859375 162.27207946777344 1091.1290283203125 260.2603454589844 4.4335403 1.5012856 1.6610378 5.3402677 1.339517 12.113354 3.0351345539093018 0.9575182795524597
Car 0.0 0 1.6565814018249512 488.14666748046875 180.1398468017578 550.659423828125 230.54966735839844 4.2339573 1.5372207 1.7680944 -3.0620916 1.8094156 24.769596 1.5335824489593506 0.9377943277359009
Car 0.0 0 1.7115997076034546 388.89373779296875 186.15748596191406 466.62481689453125 245.0729522705078 4.1718054 1.5063554 1.6766065 -5.382239 1.9445579 21.583107 1.4672114849090576 0.9339389801025391
Car 0.0 0 -0.34032636880874634 780.3565063476562 151.09767150878906 902.8079833984375 191.89341735839844 4.6248126 1.678373 1.7711918 9.726284 0.7836562 30.643307 -0.03298076614737511 0.9281293153762817
Car 0.0 0 1.4511734247207642 642.7978515625 175.8260955810547 683.4061889648438 205.81690979003906 4.026349 1.5425919 1.7420485 2.8212864 1.7144096 39.569786 1.5223519802093506 0.8619411587715149
Car 0.0 0 -0.7164280414581299 1135.843994140625 142.49099731445312 1242.0 184.52076721191406 4.173893 1.4810147 1.6580576 21.80051 0.41146305 26.301847 -0.024336468428373337 0.8570474982261658
Car 0.0 0 -1.4518767595291138 592.623046875 179.21966552734375 621.9367065429688 202.79530334472656 3.6459641 1.5759466 1.659618 -0.18664809 2.0445445 51.16522 -1.4555246829986572 0.8423145413398743
Car 0.0 0 -2.1483664512634277 958.213623046875 154.8369598388672 1027.658447265625 185.96722412109375 3.804615 1.6592463 1.6139926 21.332447 0.6992944 40.423664 -1.6627881526947021 0.7968301773071289
Car 0.0 0 -0.6476143002510071 1096.3695068359375 147.27748107910156 1228.8795166015625 186.15196228027344 4.020434 1.5006781 1.6172367 21.84046 0.5137013 28.666445 0.0034482479095458984 0.7186582088470459
Car 0.0 0 1.8152203559875488 429.42041015625 183.32481384277344 500.34942626953125 229.87811279296875 4.4213743 1.5899047 1.6625468 -5.5477962 2.0277903 27.89889 1.618927240371704 0.7105191349983215
Car 0.0 0 -2.044214963912964 922.9569702148438 150.72789001464844 985.5601196289062 182.65896606445312 3.6389298 1.6934273 1.6563395 19.023952 0.5203528 40.107048 -1.6013139486312866 0.6824559569358826
Car 0.0 0 -0.6622930765151978 1056.4013671875 149.1392822265625 1178.710693359375 186.26446533203125 4.1919255 1.5585041 1.6690849 21.866816 0.5633256 31.22835 -0.051417276263237 0.6314013004302979
