Car 0.0 0 -1.850834608078003 732.7810668945312 178.3575897216797 896.7295532226562 282.1359558105469 3.9359627 1.4753587 1.628504 3.2609758 1.5858757 12.4525795 -1.5947144031524658 0.9620459675788879
Car 0.0 0 2.06522274017334 52.81230545043945 199.5710906982422 326.90203857421875 330.9522705078125 4.294328 1.4234306 1.6498196 -5.9603205 1.905188 10.84442 1.5626707077026367 0.9574552178382874
Car 0.0 0 1.9195091724395752 313.6819763183594 190.51951599121094 441.5351257324219 260.34368896484375 4.282023 1.4632076 1.7230606 -5.7881804 1.9673102 18.395672 1.6146676540374756 0.9411401748657227
Car 0.0 0 -1.7532528638839722 697.1469116210938 175.01658630371094 794.0601196289062 242.9174346923828 4.146354 1.4996488 1.6300564 3.2228146 1.560626 18.144001 -1.577462077140808 0.9369440078735352
Car 0.0 0 2.4584434032440186 1033.421142578125 138.09881591796875 1242.0 245.96456909179688 3.3301399 1.592803 1.5136285 8.7746315 1.0799472 11.45761 3.112001657485962 0.867531955242157
Car 0.0 0 1.4120012521743774 670.9393920898438 179.67738342285156 726.52734375 219.16429138183594 3.6964307 1.3887117 1.5529116 3.3187032 1.6706994 27.900087 1.5303945541381836 0.8660973906517029
Car 0.0 0 2.6077880859375 913.993896484375 159.30711364746094 1169.044921875 238.43475341796875 4.055742 1.4661736 1.6057074 8.290213 1.2155182 14.179223 3.136861801147461 0.8435665369033813
Car 0.0 0 1.850534200668335 398.8131103515625 187.74095153808594 475.7082824707031 236.95323181152344 3.6812642 1.4474931 1.5513862 -5.750238 1.9864933 24.229183 1.6175181865692139 0.766202449798584
Car 0.0 0 1.8549292087554932 458.3559265136719 181.2469940185547 517.7308959960938 219.64988708496094 4.0244584 1.6121578 1.6379436 -5.5897775 2.0242321 33.29756 1.6886066198349 0.7139561772346497
Car 0.0 0 -0.7828222513198853 1173.663330078125 136.29681396484375 1242.0 264.1603698730469 3.5884736 1.4690899 1.5634784 9.483092 1.0494233 9.109568 0.022663116455078125 0.5728381276130676
