Pedestrian 0.0 0 2.705392837524414 800.7246704101562 173.8560028076172 855.207275390625 258.248779296875 0.9053268 1.8018218 0.7680533 4.729564 1.8248265 15.858923 2.995222568511963 0.290640652179718
Pedestrian 0.0 0 2.5279903411865234 1003.5938720703125 145.63665771484375 1080.2735595703125 255.5629425048828 0.89250976 1.8277483 0.6917616 7.3403053 1.3755623 12.37397 3.063398838043213 0.27231812477111816
Pedestrian 0.0 0 1.3348708152770996 705.7849731445312 170.85955810546875 728.7905883789062 213.57363891601562 0.88553435 1.7539543 0.76195806 4.428228 1.6724154 30.100693 1.480936884880066 0.2460976392030716
Cyclist 0.0 0 1.2678548097610474 841.6646728515625 144.58094787597656 881.6143188476562 202.63665771484375 1.6894315 1.6878585 0.66251487 7.543683 0.86623156 21.82879 1.6005902290344238 0.26010894775390625
Cyclist 0.0 0 1.3348708152770996 705.7849731445312 170.85955810546875 728.7905883789062 213.57363891601562 0.88553435 1.7539543 0.76195806 4.428228 1.6724154 30.100693 1.480936884880066 0.10438255220651627
Car 0.0 0 1.4268299341201782 644.3056640625 178.88499450683594 729.2906494140625 238.65025329589844 3.8550253 1.4160147 1.7123978 1.9118725 1.5954255 19.454 1.524791955947876 0.9524434804916382
Car 0.0 0 -0.3976061940193176 923.56640625 166.89366149902344 1198.5299072265625 254.40762329101562 4.0628014 1.513759 1.6834463 8.24151 1.4110187 13.608026 0.14694714546203613 0.9343270659446716
Car 0.0 0 3.296377658843994 414.5205078125 177.41458129882812 513.5796508789062 211.19943237304688 4.352007 1.5304887 1.6752112 -6.826426 1.7508284 33.86822 3.0974841117858887 0.8784241676330566
Car 0.0 0 -0.6762351989746094 0.0 207.70664978027344 264.5065612792969 375.0 3.7367585 1.4859244 1.6133813 -3.0603993 1.7044008 2.6198094 -1.5390441417694092 0.6777324676513672
Car 0.0 0 1.714489459991455 524.7450561523438 169.69668579101562 567.7848510742188 207.2793426513672 4.0223413 1.868543 1.6954603 -3.3285806 1.7119247 37.926407 1.6269495487213135 0.41997045278549194
Car 0.0 0 1.7661592960357666 548.2466430664062 176.94509887695312 584.7769165039062 202.35357666015625 3.9701695 1.5400599 1.6098448 -2.7857227 1.8157141 46.47515 1.7062908411026 0.3323441445827484
