Pedestrian 0.0 0 -2.0208168029785156 288.1529541015625 170.78338623046875 344.7750549316406 276.231689453125 0.5339264 1.7912903 0.7686289 -5.223162 1.756474 12.718638 -2.410487413406372 0.7894791960716248
Pedestrian 0.0 0 2.632385015487671 341.2207946777344 181.11793518066406 389.72772216796875 266.04412841796875 0.7028023 1.7179961 0.72444725 -5.200331 1.8981829 15.194911 2.302638530731201 0.5297209024429321
Car 0.0 0 -3.525451183319092 1048.1290283203125 165.4547119140625 1174.003173828125 201.68240356445312 4.24248 1.5346118 1.6777407 21.96297 1.2215344 31.843166 -2.9216556549072266 0.8346351981163025
Car 0.0 0 1.704817533493042 558.9241943359375 176.57565307617188 585.225341796875 194.63514709472656 4.0750093 1.3331966 1.5173132 -2.94469 1.6343324 56.21809 1.6524856090545654 0.6587119102478027
Car 0.0 0 -0.3432912826538086 0.0 157.5015869140625 129.98118591308594 246.0755615234375 3.9118893 1.6519305 1.670435 -12.956736 1.3659614 15.563095 -1.0375549793243408 0.432096391916275
Car 0.0 0 1.7794153690338135 516.6742553710938 178.43756103515625 545.0511474609375 197.25717163085938 3.7060058 1.4054195 1.4924033 -6.235311 1.8612393 56.93666 1.6703369617462158 0.35503992438316345
Car 0.0 0 1.758331298828125 576.6913452148438 176.7221221923828 602.2262573242188 194.34242248535156 3.9140248 1.4576439 1.5144544 -1.7728759 1.804827 62.640003 1.7300362586975098 0.3155495822429657
Car 0.0 0 -2.6769301891326904 236.4850311279297 170.54574584960938 313.1433410644531 197.27198791503906 4.285205 1.7381209 1.7443119 -22.221094 1.5883636 47.857925 -3.111623525619507 0.24479855597019196
Car 0.0 0 2.370713472366333 367.9977722167969 158.4559783935547 492.2161865234375 215.29957580566406 3.9010675 1.7046791 1.6713747 -5.8586645 1.2732558 23.7326 2.1286909580230713 0.2413066029548645
Car 0.0 0 1.7579476833343506 542.1576538085938 179.76303100585938 565.6915893554688 197.01312255859375 3.4263942 1.4268088 1.4343051 -4.8824553 2.046411 62.886215 1.6804635524749756 0.23370426893234253
