Pedestrian 0.0 0 1.7044864892959595 420.1823425292969 162.7662353515625 434.7214660644531 203.21983337402344 0.7106196 1.9165083 0.58689314 -8.780966 1.4389533 34.5671 1.4557216167449951 0.3739528954029083
Pedestrian 0.0 0 -0.20519667863845825 967.0697021484375 221.36093139648438 1108.672607421875 340.3563537597656 1.1893398 1.1656227 1.264509 4.9062376 1.7900292 8.493214 0.31863856315612793 0.2746128439903259
Pedestrian 0.0 0 -1.2071917057037354 143.7113037109375 155.87677001953125 198.4333953857422 228.67005920410156 1.5980998 1.7350172 0.64464086 -10.992296 1.3307253 18.039474 -1.7544554471969604 0.23248596489429474
Pedestrian 0.0 0 3.125377893447876 411.3683166503906 148.61614990234375 438.6524963378906 207.56480407714844 0.82787097 1.8383532 0.55716205 -5.914972 1.0828377 22.877531 2.8723690509796143 0.22804638743400574
Pedestrian 0.0 0 0.9457953572273254 851.8805541992188 149.750732421875 880.0350341796875 203.06466674804688 0.942248 1.8628477 0.48546287 9.076457 1.0559523 25.729033 1.2849366664886475 0.19197897613048553
Pedestrian 0.0 0 0.6096347570419312 39.748809814453125 164.59451293945312 64.02356719970703 199.00230407714844 0.7568705 1.7973744 0.68552864 -29.46419 1.366278 38.04951 -0.0492781437933445 0.16186729073524475
Pedestrian 0.0 0 3.498112916946411 293.3929138183594 180.14434814453125 326.9833068847656 226.9689178466797 1.0959014 1.830534 0.5840005 -11.926221 2.1232016 28.614862 3.1032216548919678 0.15048108994960785
Pedestrian 0.0 0 -0.7029736042022705 1028.732421875 162.9387664794922 1081.8939208984375 240.6339569091797 0.8607179 1.7494198 0.5947734 10.190498 1.5265222 16.603027 -0.1524880826473236 0.1302732676267624
Cyclist 0.0 0 -1.1784169673919678 141.46253967285156 155.8746337890625 200.425048828125 229.7677764892578 1.710695 1.7566557 0.65747833 -10.99497 1.3533646 18.046118 -1.7256252765655518 0.3569647967815399
Cyclist 0.0 0 -2.125816822052002 946.336669921875 132.57794189453125 1017.0950317382812 209.21131896972656 1.9347311 1.8001876 0.6330456 9.14729 0.8544247 17.937206 -1.6542315483093262 0.1866799294948578
Cyclist 0.0 0 2.0046775341033936 295.8188171386719 179.73162841796875 323.916259765625 226.1130828857422 1.1979895 1.7895559 0.58106047 -11.939947 2.0686252 28.627298 1.6095319986343384 0.1462649255990982
Cyclist 0.0 0 -3.654372453689575 1039.540283203125 134.50852966308594 1120.2847900390625 207.97879028320312 1.6239817 1.8178297 0.59496236 11.784691 0.86942923 18.196978 -3.0796735286712646 0.11974499374628067
Cyclist 0.0 0 2.0437073707580566 410.67041015625 148.78451538085938 439.1179504394531 207.64102172851562 0.8486562 1.8297106 0.5497642 -5.915017 1.0818049 22.902283 1.7909586429595947 0.11541762202978134
Car 0.0 0 1.7025336027145386 486.1082458496094 180.7798614501953 546.2059326171875 224.6793670654297 4.1763124 1.4356339 1.6460232 -3.3960254 1.7494321 26.440134 1.5747909545898438 0.9385985136032104
Car 0.0 0 -3.516822576522827 813.8670043945312 160.86428833007812 1002.2879028320312 227.30850219726562 4.088953 1.6139021 1.7414359 7.4427333 1.3230351 18.412022 -3.1326730251312256 0.130581334233284
Car 0.0 0 -2.569033145904541 302.4349060058594 185.82601928710938 408.241943359375 227.11978149414062 3.7300591 1.5465075 1.6158828 -10.252465 2.090159 29.00034 -2.908848524093628 0.12820695340633392
