Pedestrian 0.0 0 -2.41912841796875 452.883544921875 142.2015380859375 486.77117919921875 192.92835998535156 1.0632855 1.8249617 0.6410822 -5.1922345 0.7225584 26.500513 -2.612607002258301 0.284336656332016
Pedestrian 0.0 0 -1.4094524383544922 272.4127502441406 166.90060424804688 324.613037109375 252.8850860595703 0.67239565 1.8026593 0.93973166 -6.755192 1.6782048 15.56554 -1.8189077377319336 0.18192020058631897
Pedestrian 0.0 0 2.480522871017456 480.5408020019531 168.3743133544922 503.1614685058594 196.53944396972656 1.315005 1.7421287 0.5937239 -7.4477963 1.4653997 45.31151 2.317610740661621 0.16801506280899048
Cyclist 0.0 0 2.201641082763672 480.08160400390625 168.01309204101562 502.5185852050781 195.7333526611328 1.5484093 1.7061428 0.58917695 -7.4648976 1.4085497 45.230824 2.0380754470825195 0.3564886152744293
Cyclist 0.0 0 -1.5476526021957397 459.7969055175781 143.25296020507812 478.426025390625 193.30313110351562 1.1572498 1.7981057 0.64835083 -5.2192388 0.7350149 26.54461 -1.7417974472045898 0.20466084778308868
Cyclist 0.0 0 -1.7502168416976929 666.0733642578125 158.77978515625 680.4014282226562 187.5709228515625 1.865499 1.8187635 0.5946331 4.0382075 0.93004 46.533806 -1.6636536121368408 0.14972443878650665
Car 0.0 0 -1.1181451082229614 211.94744873046875 168.45167541503906 273.5715637207031 198.4905548095703 3.7485096 1.6197115 1.6294632 -20.71705 1.3826938 40.790962 -1.5880794525146484 0.8067230582237244
Car 0.0 0 2.0692577362060547 125.6759033203125 177.52256774902344 215.24404907226562 216.7400665283203 3.458809 1.4299768 1.5542182 -17.290203 1.6261078 28.490463 1.5237969160079956 0.7637699842453003
Car 0.0 0 -1.2169452905654907 260.2417907714844 169.79940795898438 319.4046630859375 199.3501739501953 4.182334 1.5919576 1.7306397 -18.145746 1.4277589 41.0092 -1.6335278749465942 0.5200130939483643
Car 0.0 0 0.35139769315719604 255.11085510253906 171.34243774414062 304.2684631347656 187.46653747558594 3.7534993 1.4487838 1.6021633 -30.09892 1.3133228 65.773346 -0.07777142524719238 0.2274332493543625
Car 0.0 0 -1.358411192893982 324.8595275878906 180.81582641601562 361.73272705078125 205.51844787597656 3.5598285 1.5328414 1.5801458 -17.671108 2.0819173 47.85114 -1.7121694087982178 0.18125425279140472
