Pedestrian 0.0 0 -1.6817785501480103 706.9982299804688 161.7916259765625 763.5051879882812 271.5201416015625 1.008294 1.7642266 0.82152617 2.1873674 1.4486464 12.077808 -1.5026142597198486 0.9268605709075928
Pedestrian 0.0 0 -1.485062599182129 375.4375305175781 163.7291259765625 423.08245849609375 269.4541015625 0.9015261 1.6261586 0.6661954 -3.2781732 1.3541259 11.55186 -1.7615718841552734 0.7843074798583984
Pedestrian 0.0 0 -1.7949180603027344 654.4061279296875 161.63775634765625 710.8750610351562 267.0904846191406 0.85997814 1.6739231 0.75080836 1.2846831 1.3599318 11.870657 -1.6871142387390137 0.6823994517326355
Pedestrian 0.0 0 -1.4606894254684448 495.76727294921875 171.6862335205078 518.7987060546875 218.78170776367188 0.9711815 1.7450991 0.76159054 -3.5658052 1.3824924 27.108294 -1.591477870941162 0.6694103479385376
Pedestrian 0.0 0 -1.7005385160446167 749.02783203125 168.19839477539062 769.305419921875 221.22235107421875 0.7329412 1.6924706 0.5507655 5.088651 1.2689971 23.314472 -1.4856470823287964 0.642941951751709
Pedestrian 0.0 0 -0.15193957090377808 734.0638427734375 162.5574951171875 759.822265625 214.51104736328125 0.8021473 1.7907122 0.5721968 5.048265 1.1388793 25.0612 0.046837806701660156 0.5424616932868958
Pedestrian 0.0 0 3.4088592529296875 256.9220886230469 172.58433532714844 305.5246276855469 251.006103515625 0.8912744 1.7757635 0.64762616 -7.446163 1.5750928 16.65123 2.988349676132202 0.4919790029525757
Pedestrian 0.0 0 1.5252140760421753 773.945068359375 152.5386505126953 798.6865234375 218.6663055419922 0.8594617 1.8096064 0.6305145 5.1453147 1.0182247 20.139679 1.7753450870513916 0.40257754921913147
Pedestrian 0.0 0 3.1251156330108643 167.6410675048828 183.37771606445312 178.26486206054688 207.99798583984375 0.66839355 1.8151947 0.66557384 -31.888836 1.9567878 53.486935 2.587496042251587 0.37813329696655273
Pedestrian 0.0 0 -0.5930007696151733 756.2804565429688 150.140625 794.98828125 213.0817108154297 0.92097396 1.7997283 0.59889823 5.0556107 0.90418375 20.97869 -0.356521874666214 0.3121589124202728
Cyclist 0.0 0 1.6901209354400635 582.3229370117188 170.9610595703125 613.9302978515625 223.19134521484375 1.7216944 1.6614231 0.8491066 -0.11683207 1.3272856 23.751007 1.68520188331604 0.8965681195259094
Cyclist 0.0 0 1.7420305013656616 523.6163940429688 166.62738037109375 562.7877807617188 243.8756866455078 1.6989143 1.7660282 0.6639068 -1.4146211 1.4272256 17.295507 1.6604208946228027 0.8763810396194458
Cyclist 0.0 0 1.5390825271606445 548.9277954101562 169.16171264648438 566.2781982421875 217.557861328125 1.852449 1.6801442 0.5606996 -1.6124607 1.2528682 25.883888 1.4768669605255127 0.8460875153541565
Cyclist 0.0 0 -1.3696988821029663 693.5988159179688 192.514892578125 727.8906860351562 267.3980407714844 1.6952376 1.642914 0.47190654 2.5528 1.9166152 16.892244 -1.219711184501648 0.26505038142204285
Cyclist 0.0 0 2.0821681022644043 165.93240356445312 184.21328735351562 180.9489288330078 208.1770477294922 0.7970566 1.7689208 0.6559767 -31.867668 1.9731987 53.520912 1.5451195240020752 0.13469912111759186
Car 0.0 0 1.6537299156188965 551.5135498046875 170.0697479248047 580.9237060546875 196.2289581298828 3.9930346 1.680204 1.6460985 -2.3105633 0.94674516 48.1601 1.6057900190353394 0.5095891356468201
Car 0.0 0 1.2846989631652832 667.4313354492188 173.7748260498047 713.0108032226562 200.78286743164062 4.006505 1.5254676 1.6129302 5.219258 1.0899351 42.678604 1.4063868522644043 0.3648149073123932
Car 0.0 0 0.8773226141929626 409.0069580078125 184.92469787597656 507.5857238769531 225.2381134033203 4.189135 1.5384688 1.7132422 -5.9852257 1.6906097 29.728128 0.6786465644836426 0.26139721274375916
