Pedestrian 0.0 0 0.07620236277580261 925.2326049804688 150.84188842773438 963.7338256835938 231.99557495117188 0.7183975 1.7336763 0.7292174 7.3279004 1.2637922 15.904661 0.507951021194458 0.4176567792892456
Pedestrian 0.0 0 -1.1981992721557617 457.38031005859375 158.17901611328125 474.2779846191406 199.9118194580078 0.5991921 1.9279345 0.5969411 -6.7660017 1.2503507 33.677013 -1.3964684009552002 0.29210978746414185
Pedestrian 0.0 0 1.793005108833313 413.0964660644531 169.0703887939453 435.14239501953125 215.7164764404297 0.87594336 1.833337 0.6773082 -7.456581 1.6849873 28.80423 1.5396947860717773 0.22758479416370392
Cyclist 0.0 0 -2.0994601249694824 1026.1876220703125 148.26715087890625 1138.521728515625 275.908203125 1.7580152 1.7205627 0.5621359 6.8273435 1.3894972 10.61363 -1.5278363227844238 0.27595677971839905
Car 0.0 0 1.2106692790985107 763.5541381835938 153.6774139404297 1017.3123168945312 308.5289611816406 4.126093 1.624445 1.6968359 3.3397017 1.4236339 9.651624 1.5437983274459839 0.9255535006523132
Car 0.0 0 -1.6815361976623535 679.8638916015625 166.4759521484375 744.1040649414062 218.07579040527344 4.204543 1.6616064 1.7576643 3.4452672 1.4565803 25.355064 -1.5464825630187988 0.9156414270401001
Car 0.0 0 -1.3812694549560547 566.2695922851562 174.8263397216797 610.5646362304688 204.06773376464844 4.566147 1.5880483 1.7416524 -1.2227046 1.7094847 41.89831 -1.410443902015686 0.9132433533668518
Car 0.0 0 1.7176644802093506 504.5401916503906 177.9063262939453 556.3163452148438 215.931396484375 3.9105399 1.4990181 1.6526794 -3.3859324 1.7300432 30.954323 1.6087127923965454 0.9030542373657227
Car 0.0 0 -1.4747167825698853 673.509521484375 175.3789825439453 709.7300415039062 205.00282287597656 3.5849073 1.4804391 1.5755028 4.3361673 1.6215417 38.299404 -1.3619792461395264 0.2989731431007385
Car 0.0 0 -2.3464887142181396 1051.30712890625 0.0 1242.0 375.0 3.8462381 1.7110797 1.666626 3.0334299 1.4549596 2.197883 -1.4027080535888672 0.2774069607257843
