Car 0.0 0 1.958113670349121 199.14077758789062 197.8961944580078 368.9356384277344 295.5 3.813988 1.4402896 1.5539616 -5.952002 1.9782403 13.560084 1.5444990396499634 0.9420507550239563
Car 0.0 0 -3.5290141105651855 849.3847045898438 146.6693115234375 1026.63525390625 207.74777221679688 4.220731 1.643675 1.6882962 9.082461 0.9393803 20.327318 -3.1088156700134277 0.9310134649276733
Car 0.0 0 -1.717200517654419 668.579833984375 172.35658264160156 729.6118774414062 217.0062255859375 4.1529083 1.5006554 1.6019195 3.1230037 1.4842958 26.346209 -1.59921395778656 0.9007390737533569
Car 0.0 0 1.888120174407959 315.38360595703125 192.42628479003906 424.47039794921875 257.7222595214844 3.7496448 1.3977795 1.5413476 -6.0441155 1.9493523 18.442623 1.5714253187179565 0.9005264043807983
Car 0.0 0 1.8243036270141602 391.7281494140625 189.89857482910156 467.50787353515625 238.42449951171875 3.964386 1.411443 1.5329354 -6.035091 2.0346289 24.372704 1.5815691947937012 0.900354266166687
Car 0.0 0 2.1923794746398926 0.0 209.04913330078125 258.58941650390625 375.0 3.8688176 1.4799505 1.6357301 -5.85 1.9924207 8.266959 1.5765470266342163 0.8948129415512085
Car 0.0 0 1.7623313665390015 449.2833557128906 186.7512664794922 503.2541809082031 222.25485229492188 4.1109343 1.3920847 1.5962642 -5.888937 2.0479178 31.966293 1.5801507234573364 0.8472093939781189
Car 0.0 0 2.743809223175049 840.807861328125 145.3155517578125 957.837158203125 200.39553833007812 3.0709708 1.6799829 1.5532541 9.042136 0.8403965 22.812529 3.1211798191070557 0.8157499432563782
Car 0.0 0 2.7932915687561035 803.382568359375 153.75047302246094 919.6310424804688 202.15838623046875 3.470666 1.628369 1.6304492 8.646694 0.9861132 25.112776 3.124892473220825 0.7869172096252441
Car 0.0 0 -0.23407763242721558 764.8065795898438 162.1643524169922 875.5570068359375 204.9912872314453 3.841862 1.6062977 1.6440735 8.035475 1.2057226 27.968685 0.04568982124328613 0.738242506980896
Car 0.0 0 -0.6843864917755127 1187.9986572265625 129.28404235839844 1242.0 175.6207275390625 4.6006217 1.5551567 1.7639328 23.229073 0.093215145 25.231264 0.059719085693359375 0.7081111669540405
Car 0.0 0 -1.6693854331970215 659.6605224609375 174.2144012451172 704.5438842773438 210.64671325683594 3.7660515 1.5024418 1.5908617 3.0768845 1.5662742 31.77835 -1.572862982749939 0.6347813010215759
