Pedestrian 0.0 0 -1.7940617799758911 697.2967529296875 161.62237548828125 717.9862670898438 208.7629852294922 0.7520585 1.820817 0.65167344 3.7785552 1.3873507 28.270723 -1.6611931324005127 0.21866066753864288
Pedestrian 0.0 0 0.25754520297050476 641.1835327148438 171.58248901367188 660.8035888671875 194.1294708251953 1.4606066 1.779943 0.57990116 3.2405965 1.6799217 57.459404 0.31388354301452637 0.19805409014225006
Pedestrian 0.0 0 2.117480993270874 114.6522216796875 155.84043884277344 210.18992614746094 294.40264892578125 1.0079763 1.7285507 0.6406504 -5.91861 1.5166659 9.505604 1.5605775117874146 0.1780574470758438
Cyclist 0.0 0 0.23489245772361755 641.9910888671875 171.685302734375 659.6375122070312 193.9302520751953 1.301855 1.7570661 0.5894666 3.2267594 1.6651112 57.45858 0.29099154472351074 0.15449059009552002
Cyclist 0.0 0 2.117480993270874 114.6522216796875 155.84043884277344 210.18992614746094 294.40264892578125 1.0079763 1.7285507 0.6406504 -5.91861 1.5166659 9.505604 1.5605775117874146 0.1229286789894104
Car 0.0 0 1.874587059020996 242.576171875 183.41981506347656 441.67974853515625 318.8752746582031 3.6318934 1.5200951 1.5824131 -3.596107 1.6971815 10.223908 1.536367416381836 0.926177978515625
Car 0.0 0 1.6946111917495728 493.20904541015625 176.5452423095703 539.9775390625 212.56785583496094 3.3952909 1.380203 1.5017169 -3.8307865 1.541178 29.692503 1.5663046836853027 0.9092910289764404
Car 0.0 0 2.330714702606201 0.0 202.520263671875 198.69583129882812 375.0 3.913293 1.4915493 1.6440605 -3.8442264 1.71704 3.4579232 1.4924631118774414 0.6321596503257751
Car 0.0 0 2.8558828830718994 461.5798645019531 169.895751953125 524.722412109375 191.3771514892578 4.2551455 1.5180988 1.6539707 -8.547485 1.3093954 52.65348 2.6949520111083984 0.3247135281562805
Car 0.0 0 1.8043432235717773 536.0952758789062 173.93516540527344 565.0750122070312 192.96316528320312 3.802758 1.5339808 1.5818458 -4.9607825 1.6278304 60.391712 1.7223838567733765 0.24963830411434174
Car 0.0 0 2.9063103199005127 236.55850219726562 170.24864196777344 382.6783447265625 227.0069580078125 3.9544408 1.6344497 1.6338234 -9.404568 1.5597825 22.599669 2.511970281600952 0.24247834086418152
Car 0.0 0 2.9958791732788086 398.1373596191406 171.84341430664062 469.5983581542969 206.0003204345703 3.6698744 1.8366777 1.6628586 -9.866808 1.7826946 40.256794 2.7555205821990967 0.23595786094665527
