Pedestrian 0.0 0 0.5495790243148804 351.13726806640625 107.14705657958984 431.3491516113281 247.782470703125 0.7928768 1.7193066 0.5806278 -2.8335154 0.9163789 9.197852 0.25074172019958496 0.383674681186676
Pedestrian 0.0 0 2.4291553497314453 685.8213500976562 160.6508331298828 703.9682006835938 192.39486694335938 0.8501277 1.7653614 0.5673385 4.7418957 1.0870721 40.597084 2.5454323291778564 0.24441660940647125
Cyclist 0.0 0 3.4957919120788574 128.15721130371094 173.36727905273438 193.42369079589844 236.26058959960938 1.6432781 1.9394374 0.5854991 -14.164232 1.9562726 22.70743 2.938076972961426 0.25029411911964417
Car 0.0 0 -1.82182776927948 727.0076904296875 189.2900848388672 912.5902709960938 321.85205078125 3.5487773 1.4457983 1.5796661 2.6512856 1.71652 10.08703 -1.5648003816604614 0.959054708480835
Car 0.0 0 -1.7090561389923096 686.8665161132812 182.84092712402344 754.3209838867188 238.68943786621094 3.3329349 1.5417475 1.587499 3.2766883 1.8723994 22.187347 -1.5624332427978516 0.9263503551483154
Car 0.0 0 1.7113929986953735 522.2501831054688 177.94139099121094 585.5103759765625 230.1107940673828 3.8208904 1.582368 1.594797 -1.8478925 1.7673341 24.22214 1.6352510452270508 0.8945056796073914
Car 0.0 0 -1.7137820720672607 665.9088745117188 182.1761932373047 721.4420166015625 224.23609924316406 3.586767 1.4557647 1.5997975 3.0893784 1.8361579 27.59432 -1.6022893190383911 0.8677729368209839
Car 0.0 0 -1.5989590883255005 712.3736572265625 189.27044677734375 795.279541015625 265.3099365234375 3.6342726 1.4061927 1.6126032 3.084142 1.8165337 16.093897 -1.4096202850341797 0.8147948384284973
Car 0.0 0 -1.7069520950317383 650.9595947265625 180.65968322753906 689.6390991210938 211.17967224121094 3.716801 1.5370642 1.5952628 3.192287 1.9821417 39.20665 -1.6257091760635376 0.4203672409057617
Car 0.0 0 -1.777453899383545 661.4043579101562 182.3375701904297 708.286376953125 216.74534606933594 3.3676522 1.5027422 1.5448213 3.4607184 1.9761751 34.234116 -1.6767064332962036 0.3181498944759369
Car 0.0 0 1.63291597366333 587.1253662109375 174.27981567382812 612.5492553710938 199.4802703857422 4.2501264 1.8531897 1.695458 -0.7705603 1.967433 55.465954 1.619024395942688 0.295962393283844
