Pedestrian 0.0 0 1.5511116981506348 375.84442138671875 170.14503479003906 404.67144775390625 223.82179260253906 0.9530693 1.8660107 0.9610747 -7.8728175 1.7721941 25.683298 1.2536708116531372 0.2676071226596832
Pedestrian 0.0 0 -1.2199761867523193 243.765380859375 192.2947540283203 294.66888427734375 244.6191864013672 1.0678687 1.4214207 1.0105644 -9.760176 1.9926078 20.605513 -1.662337303161621 0.2205221951007843
Cyclist 0.0 0 1.7719595432281494 429.559326171875 180.53329467773438 451.1137390136719 232.9411163330078 1.5655593 2.0531793 0.5524427 -6.917524 2.3736906 29.287605 1.5400174856185913 0.2691495418548584
Car 0.0 0 -1.4824349880218506 448.1721496582031 179.25074768066406 519.174072265625 237.42245483398438 4.23969 1.4273338 1.5967888 -3.5051 1.6275146 20.358555 -1.6529319286346436 0.9400760531425476
Car 0.0 0 2.2331624031066895 0.0 210.7158966064453 308.09381103515625 375.0 3.7498577 1.4926461 1.5674497 -2.9848807 1.774247 3.443975 1.519054651260376 0.6708255410194397
Car 0.0 0 -1.7075361013412476 635.9295654296875 167.12608337402344 710.3032836914062 234.71153259277344 3.8000145 1.7529783 1.5914599 1.6642318 1.60477 20.653728 -1.6271320581436157 0.6166437864303589
Car 0.0 0 -1.7202210426330566 614.5780029296875 180.710205078125 666.1473999023438 216.8009796142578 4.024752 1.3828187 1.5910673 1.1800095 1.7395562 30.640123 -1.6817281246185303 0.5076921582221985
Car 0.0 0 1.65916907787323 497.43402099609375 179.135498046875 537.156982421875 211.89195251464844 3.5748076 1.425081 1.5429529 -4.3451333 1.7364043 33.900753 1.5316919088363647 0.30536288022994995
Car 0.0 0 1.6286354064941406 480.8822326660156 176.30426025390625 525.841796875 217.2165069580078 4.1168933 1.5480673 1.5997987 -4.376943 1.7009722 29.777882 1.4826940298080444 0.2333826720714569
Car 0.0 0 1.4969637393951416 595.1054077148438 174.47836303710938 617.9909057617188 192.89004516601562 3.8924577 1.4979851 1.6486374 -0.3444122 1.6403278 61.06137 1.4913233518600464 0.20593886077404022
