Pedestrian 0.0 0 -1.9491827487945557 827.48681640625 136.49317932128906 882.0755004882812 246.33853149414062 0.746008 1.7674998 0.62577957 4.005084 1.1827828 11.997362 -1.62698495388031 0.34736576676368713
Pedestrian 0.0 0 -1.0032325983047485 719.4736328125 150.44223022460938 748.9140014648438 204.6593475341797 0.7868572 1.7808309 0.653656 4.1236687 1.0450456 24.208084 -0.8345094323158264 0.34011101722717285
Pedestrian 0.0 0 1.519709587097168 411.7958984375 176.58749389648438 442.0680236816406 234.88121032714844 0.9422517 1.8368443 0.90216106 -5.987807 1.9612749 23.391693 1.2691105604171753 0.30110812187194824
Pedestrian 0.0 0 -2.167710065841675 968.9860229492188 106.86266326904297 1095.9224853515625 309.9346923828125 0.8482524 1.7125868 0.61764544 3.7333436 1.1564137 6.5290246 -1.6482785940170288 0.21783475577831268
Pedestrian 0.0 0 3.2536277770996094 291.5129699707031 190.53599548339844 331.2008972167969 277.5953063964844 0.68694293 1.7237291 0.6726723 -6.195976 2.0988762 14.872243 2.858881950378418 0.21324363350868225
Pedestrian 0.0 0 1.9420287609100342 245.87525939941406 160.20848083496094 305.4168395996094 259.48797607421875 0.7445399 1.7785131 0.78204495 -6.2089276 1.5523365 13.319896 1.505834698677063 0.1575666069984436
Cyclist 0.0 0 -1.3170363903045654 121.39974212646484 146.78390502929688 181.9185791015625 225.20968627929688 1.7269198 1.7198366 0.78006154 -10.65941 1.1484907 16.76177 -1.8834609985351562 0.3173111081123352
Car 0.0 0 1.7857394218444824 437.5179443359375 179.44989013671875 526.5122680664062 242.72889709472656 4.0270724 1.5938596 1.6772213 -3.587974 1.8016922 20.645704 1.613669991493225 0.9263353943824768
Car 0.0 0 -1.6942567825317383 644.9952392578125 172.12290954589844 718.0559692382812 232.3394012451172 2.8331707 1.4553695 1.5471832 1.7526294 1.4380575 18.875854 -1.6016719341278076 0.9094585180282593
Car 0.0 0 2.1282358169555664 0.0 206.69566345214844 348.5583801269531 375.0 3.98279 1.4173841 1.6212018 -3.692534 1.7853419 5.8382087 1.5642776489257812 0.8918378353118896
Car 0.0 0 -3.203968048095703 679.159423828125 153.3567657470703 749.9034423828125 181.2773895263672 3.7668953 1.5043355 1.6547413 5.6899204 0.45420203 39.847237 -3.062133550643921 0.1866225153207779
