Pedestrian 0.0 0 -2.3165283203125 801.7317504882812 162.5943145751953 823.8477783203125 194.99209594726562 1.037819 1.7493446 0.62979394 11.079372 1.1957227 39.56265 -2.0434768199920654 0.33247870206832886
Pedestrian 0.0 0 1.9225637912750244 308.1763916015625 155.34158325195312 329.405517578125 198.94223022460938 0.77802646 1.9215679 0.6512475 -13.029702 1.1501187 32.19635 1.5380165576934814 0.2737082540988922
Pedestrian 0.0 0 -0.9411666989326477 38.742061614990234 169.23397827148438 80.19237518310547 211.48477172851562 1.622951 1.7790287 0.58201605 -23.82225 1.6269602 31.196426 -1.5933284759521484 0.11144997924566269
Cyclist 0.0 0 -0.9426653981208801 39.32525634765625 169.14088439941406 79.83836364746094 211.31259155273438 1.592628 1.7774382 0.56696564 -23.829544 1.6212972 31.211248 -1.5947457551956177 0.25700443983078003
Cyclist 0.0 0 2.419447898864746 192.07467651367188 179.37591552734375 238.6056671142578 225.48269653320312 1.546111 1.6576114 0.5570677 -14.788225 1.9093984 26.99184 1.9182355403900146 0.24804505705833435
Cyclist 0.0 0 2.1521780490875244 0.0 172.19349670410156 32.60639190673828 214.69259643554688 1.4815866 1.6702112 0.5541832 -24.153847 1.6446115 29.120565 1.459740161895752 0.17879799008369446
Cyclist 0.0 0 -2.3165283203125 801.7317504882812 162.5943145751953 823.8477783203125 194.99209594726562 1.037819 1.7493446 0.62979394 11.079372 1.1957227 39.56265 -2.0434768199920654 0.1487928330898285
Car 0.0 0 1.7965062856674194 544.0248413085938 175.2597198486328 574.1549072265625 194.44049072265625 4.0596924 1.5350895 1.6512394 -4.2465014 1.7439926 60.41226 1.7263296842575073 0.559474527835846
Car 0.0 0 -1.3995801210403442 715.3616333007812 172.87149047851562 744.2996215820312 193.19998168945312 3.6856105 1.5552679 1.6616668 9.507358 1.557061 57.216946 -1.2349212169647217 0.4285517930984497
Car 0.0 0 0.8126030564308167 732.4578857421875 174.59188842773438 778.3892822265625 191.7406768798828 4.1801233 1.4849591 1.6344591 13.064454 1.6475016 65.1288 1.0105698108673096 0.14247965812683105
Car 0.0 0 2.0765466690063477 790.9161987304688 172.7185516357422 829.161376953125 190.3773956298828 3.9548578 1.5131252 1.5345342 17.68311 1.5018771 63.77191 2.3470375537872314 0.14030350744724274
Car 0.0 0 2.3406734466552734 0.0 193.0408477783203 133.53297424316406 240.29188537597656 4.2883954 1.4565326 1.8175873 -19.96716 2.2579641 26.39101 1.6929683685302734 0.13234858214855194
