Pedestrian 0.0 0 -2.0811147689819336 980.9100952148438 120.2734146118164 1093.359619140625 281.6469421386719 0.8314676 1.6770812 0.7480398 4.600778 1.1309932 7.9175577 -1.554719090461731 0.8477107286453247
Cyclist 0.0 0 1.9540250301361084 306.8652648925781 173.53848266601562 409.301025390625 306.4177551269531 1.7486677 1.7127631 0.76955885 -3.5545926 1.723644 10.198524 1.6186516284942627 0.8932791948318481
Cyclist 0.0 0 1.462286114692688 662.1112060546875 169.13133239746094 673.2942504882812 192.1829376220703 1.8034267 1.7289486 0.6566229 4.3676057 1.4500936 55.025997 1.541493535041809 0.6557849049568176
Car 0.0 0 2.0685789585113525 93.4352035522461 193.28890991210938 356.5800476074219 331.0664978027344 3.82539 1.4759436 1.6085367 -5.1729198 1.821127 10.236856 1.600682020187378 0.9447205066680908
Car 0.0 0 -1.9181441068649292 756.4864501953125 167.75575256347656 997.6026611328125 327.6488342285156 3.200487 1.5070467 1.5591923 2.7981226 1.4593519 8.418293 -1.5972464084625244 0.9318983554840088
Car 0.0 0 -1.7797191143035889 692.2728271484375 160.9096221923828 826.37109375 260.6745300292969 3.86399 1.6053562 1.644254 2.5766747 1.4135122 13.556705 -1.5918930768966675 0.9199084043502808
Car 0.0 0 1.7880300283432007 445.6888122558594 177.7535400390625 503.46405029296875 216.72634887695312 3.5967934 1.3929608 1.4672836 -5.2398005 1.5962832 28.06571 1.6034573316574097 0.8777634501457214
Car 0.0 0 1.8497318029403687 377.4957275390625 175.30429077148438 470.5318908691406 233.61428833007812 3.8449607 1.520687 1.6077645 -5.3188243 1.5987175 20.923748 1.6008037328720093 0.8524459004402161
Car 0.0 0 1.8945207595825195 292.7531433105469 184.602783203125 431.02642822265625 266.0103454589844 3.9137073 1.461861 1.6215671 -5.1855807 1.746132 15.476249 1.5712106227874756 0.8193222880363464
Car 0.0 0 -1.6826311349868774 674.9487915039062 158.84481811523438 756.9747924804688 231.30770874023438 3.9363365 1.6864772 1.6498101 2.5967457 1.3607905 18.778704 -1.5452210903167725 0.8160794377326965
Car 0.0 0 2.180473804473877 0.0 199.66880798339844 173.5217742919922 375.0 3.9684303 1.4797621 1.6209755 -5.0312314 1.754717 5.303416 1.4214067459106445 0.7194410562515259
Car 0.0 0 1.6509833335876465 530.3817138671875 167.6285400390625 557.1029663085938 192.6719970703125 3.7785525 1.6918284 1.5718735 -4.64415 1.339177 50.63928 1.5595287084579468 0.7025676965713501
