Pedestrian 0.0 0 1.1009421348571777 1018.4989013671875 140.99745178222656 1063.3936767578125 202.13101196289062 1.3446342 1.7924644 0.6229894 12.980518 0.85877377 21.844551 1.637102484703064 0.141668900847435
Pedestrian 0.0 0 2.007098436355591 196.86807250976562 153.09361267089844 233.52261352539062 210.282470703125 0.95430875 1.8912077 0.75417614 -13.362266 1.2380993 24.358944 1.505363941192627 0.11249485611915588
Cyclist 0.0 0 -1.6758332252502441 978.1638793945312 172.9658660888672 1017.6195678710938 239.81167602539062 1.3494884 1.6139524 0.7340128 9.707475 1.6172483 18.184116 -1.185478687286377 0.1517840027809143
Cyclist 0.0 0 -1.4846060276031494 250.93112182617188 136.2144012451172 284.99371337890625 206.14585876464844 1.3268703 1.8396581 0.7326438 -9.383337 0.8761533 19.72816 -1.9285695552825928 0.13478714227676392
Cyclist 0.0 0 1.0972434282302856 1015.0673828125 145.0821075439453 1063.0213623046875 206.82740783691406 1.5588816 1.8115535 0.60717046 12.988438 0.99710834 21.96292 1.6313008069992065 0.1279078722000122
Car 0.0 0 -1.426041841506958 16.440664291381836 188.87095642089844 71.10050964355469 222.25253295898438 3.630448 1.4388549 1.5757976 -27.394907 2.2588115 34.952045 -2.090817451477051 0.1887751966714859
Car 0.0 0 3.560600996017456 17.271690368652344 168.3560333251953 200.39328002929688 224.08358764648438 4.3343763 1.6272908 1.6995846 -15.380987 1.4963049 22.300274 2.9568064212799072 0.15893994271755219
Car 0.0 0 2.1404824256896973 432.9412536621094 166.3249969482422 473.0703125 184.07325744628906 3.780131 1.4864497 1.6124629 -13.575374 0.9399903 62.479874 1.9265319108963013 0.14648990333080292
Car 0.0 0 2.625807762145996 334.4172058105469 176.6675262451172 389.9541931152344 197.59054565429688 3.6628432 1.5026884 1.571198 -18.67864 1.8005792 54.399963 2.29506254196167 0.13747376203536987
Car 0.0 0 -0.27628272771835327 262.7541809082031 178.0820770263672 326.8291931152344 200.6253662109375 3.7933998 1.4834809 1.580855 -21.906216 1.8602821 50.13587 -0.6882205009460449 0.12301232665777206
Car 0.0 0 -1.3269481658935547 705.444580078125 171.299560546875 736.8135375976562 190.27076721191406 3.8448064 1.4637187 1.6019839 8.902123 1.344143 57.74987 -1.1740022897720337 0.12017608433961868
Car 0.0 0 2.4051878452301025 0.0 193.3658905029297 32.741127014160156 255.47726440429688 3.9037254 1.5193652 1.5955232 -19.313639 2.1739657 20.99516 1.661481499671936 0.11466208845376968
