Pedestrian 0.0 0 1.8775545358657837 669.5814819335938 159.6377410888672 685.6548461914062 192.3998260498047 0.9113386 1.9247373 0.71136403 3.9943156 1.1486539 42.94495 1.9702978134155273 0.16816489398479462
Pedestrian 0.0 0 0.5687023401260376 84.90632629394531 126.21456909179688 147.75454711914062 223.60731506347656 0.83040965 1.8363203 0.5563286 -9.546367 0.95730114 13.893542 -0.0333189032971859 0.1601264923810959
Pedestrian 0.0 0 -3.781691789627075 1162.8096923828125 149.77029418945312 1188.4033203125 198.57904052734375 0.5798927 1.860402 0.5186308 21.719746 0.9808979 27.765615 -3.117866039276123 0.137040913105011
Pedestrian 0.0 0 -0.29772505164146423 967.744873046875 132.17257690429688 1017.2985229492188 243.17047119140625 0.5793645 1.7957093 0.5907556 6.30632 1.1379284 12.013968 0.18565583229064941 0.13360758125782013
Cyclist 0.0 0 1.9924633502960205 312.81085205078125 179.55116271972656 342.4815979003906 219.4883575439453 1.9113199 1.7040585 0.49110225 -12.573455 2.011121 32.074604 1.6188668012619019 0.8487170338630676
Cyclist 0.0 0 -1.6473363637924194 661.3681030273438 167.34262084960938 671.1739501953125 193.0552215576172 1.9100472 1.863612 0.57480496 4.119126 1.4645125 53.24848 -1.5701334476470947 0.17590129375457764
Car 0.0 0 -1.5475155115127563 563.6539916992188 175.30459594726562 615.8768920898438 225.6654815673828 3.293008 1.6282185 1.7001432 -0.7125005 1.7195655 25.136728 -1.575852870941162 0.9511989951133728
Car 0.0 0 1.7592742443084717 470.2436218261719 179.4201202392578 508.48406982421875 205.49301147460938 3.9768643 1.4979298 1.6088575 -7.415705 1.921238 44.46797 1.5940297842025757 0.6595456600189209
Car 0.0 0 1.667978048324585 539.1572875976562 177.1916046142578 564.7193603515625 197.22097778320312 3.938341 1.4992944 1.6349831 -4.565353 1.8533449 56.84943 1.5878440141677856 0.5059226155281067
Car 0.0 0 2.4466230869293213 971.132568359375 169.11178588867188 1051.6318359375 195.9149627685547 3.9325647 1.5009605 1.6130114 23.064539 1.2917567 41.563293 2.953240156173706 0.22338606417179108
Car 0.0 0 2.6941237449645996 668.1632080078125 179.4057159423828 749.2129516601562 209.88473510742188 3.8701932 1.5053184 1.6014662 5.093267 1.8592035 37.5738 2.8288562297821045 0.1360723078250885
