Pedestrian 0.0 0 -2.329341173171997 834.289306640625 144.7113037109375 975.3673706054688 355.49285888671875 0.8504594 1.639777 0.7236187 2.4284618 1.4211985 6.1399 -1.9527016878128052 0.7145775556564331
Pedestrian 0.0 0 -1.8062264919281006 538.756591796875 174.7803192138672 564.0833740234375 221.76817321777344 0.74491465 1.6669917 0.7593598 -2.1677861 1.7383164 26.106613 -1.889072299003601 0.3931632936000824
Pedestrian 0.0 0 -0.32208508253097534 797.3153686523438 175.853515625 829.954345703125 236.7839813232422 0.73487943 1.665039 0.55067635 5.602167 1.7499216 20.036644 -0.04945096746087074 0.29715678095817566
Pedestrian 0.0 0 -1.2197915315628052 304.5719909667969 188.93032836914062 368.5152587890625 296.5003967285156 0.6439604 1.619111 0.76167536 -4.3155994 1.8782147 11.282875 -1.585113525390625 0.23023872077465057
Pedestrian 0.0 0 -0.16667921841144562 712.190185546875 173.9300537109375 724.6087646484375 201.5292205810547 0.70042336 1.7699113 0.6140756 6.9683523 1.8402463 46.60667 -0.018264558166265488 0.21821539103984833
Pedestrian 0.0 0 1.5528753995895386 778.1700439453125 170.2766876220703 804.7786865234375 227.23390197753906 0.83962566 1.74995 0.79327095 5.645689 1.6711229 22.663813 1.7970123291015625 0.17198966443538666
Pedestrian 0.0 0 -0.7885375022888184 941.0917358398438 177.55142211914062 1008.8881225585938 282.7115173339844 0.70146656 1.721301 0.75908077 6.170143 1.8049617 12.321296 -0.32427358627319336 0.16659130156040192
Pedestrian 0.0 0 2.4289121627807617 0.0 86.06714630126953 113.7677230834961 339.2794189453125 0.8885269 1.701454 0.5506544 -4.340914 1.1186497 5.3309717 1.7455230951309204 0.14024992287158966
Pedestrian 0.0 0 0.10507223755121231 687.5176391601562 172.72853088378906 702.1720581054688 195.48524475097656 1.0881728 1.781479 0.6316151 6.6690927 1.7720138 56.909622 0.22172760963439941 0.12732771039009094
Pedestrian 0.0 0 -0.5273757576942444 834.96044921875 148.50469970703125 869.9541625976562 206.81455993652344 0.8257705 1.7757242 0.6239125 7.462956 1.0345669 22.35997 -0.20523753762245178 0.12718448042869568
Pedestrian 0.0 0 -3.116835117340088 713.753173828125 167.052734375 729.3381958007812 191.60731506347656 1.1667613 1.8678689 0.5514961 8.518907 1.4269229 55.259186 -2.963876485824585 0.1256447285413742
Pedestrian 0.0 0 -2.327725887298584 1083.550048828125 169.79193115234375 1193.09033203125 278.70489501953125 1.5833585 1.653136 0.4794619 8.506875 1.6070162 11.765316 -1.7016990184783936 0.10609865933656693
Cyclist 0.0 0 1.7161720991134644 469.6439514160156 162.4493408203125 507.2347717285156 243.53282165527344 1.8157587 1.8401053 0.63548666 -2.9382927 1.6043407 17.286747 1.5478074550628662 0.9465925097465515
Cyclist 0.0 0 1.815255045890808 390.9029235839844 165.80531311035156 454.8171081542969 273.4937438964844 1.902115 1.6959444 0.61661476 -3.2047305 1.585295 12.314608 1.5606639385223389 0.9104048609733582
Cyclist 0.0 0 -2.327725887298584 1083.550048828125 169.79193115234375 1193.09033203125 278.70489501953125 1.5833585 1.653136 0.4794619 8.506875 1.6070162 11.765316 -1.7016990184783936 0.24096907675266266
Cyclist 0.0 0 -1.792784333229065 526.4482421875 172.97718811035156 552.552734375 221.24383544921875 0.9783431 1.7017914 0.73780835 -2.5929477 1.7066921 26.020937 -1.892104983329773 0.12524916231632233
Car 0.0 0 -0.2521395981311798 815.4097900390625 164.76568603515625 996.7918701171875 229.48583984375 3.996824 1.5577956 1.6544936 7.3850846 1.3634702 18.44147 0.12876391410827637 0.3659026622772217
Car 0.0 0 -1.2857890129089355 710.6754150390625 172.72621154785156 753.179443359375 198.64552307128906 4.19132 1.6438247 1.6787964 8.127411 1.6360779 48.0095 -1.118091344833374 0.1458756923675537
Car 0.0 0 -2.4450621604919434 1073.4959716796875 171.0268096923828 1242.0 292.24957275390625 3.7410843 1.5055401 1.6227595 9.195895 1.483205 10.941882 -1.7461496591567993 0.1272691786289215
