Pedestrian 0.0 0 -1.5849173069000244 228.22039794921875 173.05567932128906 255.05819702148438 227.96498107910156 1.1249225 1.6460953 0.7235319 -11.153309 1.3940718 22.197884 -2.0505223274230957 0.15676085650920868
Pedestrian 0.0 0 -1.7958481311798096 921.8763427734375 146.40184020996094 942.3340454101562 191.70497131347656 0.61150223 1.9195002 0.676301 14.159969 0.4333588 30.80175 -1.3649462461471558 0.1522037535905838
Cyclist 0.0 0 -3.2550063133239746 826.8035278320312 138.95623779296875 873.583984375 185.58328247070312 1.7030095 1.8275862 0.60407495 9.882755 0.16105925 28.632895 -2.9226551055908203 0.22243307530879974
Cyclist 0.0 0 -2.2083983421325684 216.05963134765625 173.8998565673828 266.0570373535156 228.6908721923828 1.440971 1.6425004 0.6460184 -11.1394415 1.4157907 22.14416 -2.6744766235351562 0.21047712862491608
Cyclist 0.0 0 -0.20623648166656494 1104.460693359375 122.7150650024414 1156.5152587890625 179.95973205566406 1.3233309 1.9024247 0.6379833 17.975904 -0.05261049 24.465174 0.42743611335754395 0.1508626490831375
Cyclist 0.0 0 -1.929486870765686 929.8177490234375 150.8763885498047 971.3500366210938 217.510498046875 1.4757679 1.7688179 0.54306257 9.584602 0.957073 19.825388 -1.4791659116744995 0.1486821323633194
Car 0.0 0 -1.4041080474853516 498.1357116699219 173.92562866210938 563.899169921875 221.2682647705078 4.0371037 1.4789398 1.5811468 -2.337199 1.243432 24.507435 -1.4991874694824219 0.9579625725746155
Car 0.0 0 -1.4749313592910767 604.6414794921875 168.53982543945312 644.6220703125 200.73187255859375 4.024057 1.5624971 1.6797186 1.2403929 0.9343496 36.966614 -1.441389560699463 0.7690258026123047
Car 0.0 0 -1.511177659034729 538.5292358398438 173.98348999023438 574.9673461914062 204.2788543701172 3.4938793 1.4064533 1.5731462 -2.1476429 1.0584247 35.094 -1.572298288345337 0.719136655330658
Car 0.0 0 -1.5069739818572998 573.8579711914062 169.7523651123047 600.6887817382812 192.15684509277344 3.5504866 1.4245872 1.5519857 -0.8942795 0.67832786 47.48105 -1.525806188583374 0.5967630743980408
Car 0.0 0 -1.373030662536621 511.75103759765625 168.6227569580078 546.0035400390625 191.7281494140625 3.7516284 1.4960568 1.5943576 -4.8410873 0.66296387 48.454014 -1.4726111888885498 0.15455466508865356
