Pedestrian 0.0 0 1.3159209489822388 844.7955932617188 105.0217056274414 911.7162475585938 252.72479248046875 0.72934747 1.6746798 0.57523537 3.1138158 0.90594476 8.568143 1.6644989252090454 0.4562469720840454
Pedestrian 0.0 0 2.7291343212127686 702.9204711914062 131.33407592773438 739.283447265625 200.59591674804688 0.77221334 1.8143156 0.6316304 2.9194822 0.7270582 19.303099 2.8792409896850586 0.4342746436595917
Pedestrian 0.0 0 -0.2224755585193634 354.0164489746094 180.29197692871094 386.6058654785156 255.8415069580078 0.5883951 1.7706038 0.7889295 -5.8655314 1.9563751 17.493792 -0.5459880232810974 0.33941611647605896
Cyclist 0.0 0 1.4892269372940063 778.5239868164062 173.6036834716797 796.9972534179688 221.7310791015625 1.7713267 1.7380643 0.52430654 6.5972066 1.7674292 26.999166 1.7288795709609985 0.37537235021591187
Car 0.0 0 -1.2590479850769043 277.23150634765625 201.14236450195312 437.677978515625 303.83001708984375 3.5370393 1.3628514 1.5508924 -4.1722193 1.916623 12.333367 -1.5852502584457397 0.9673997759819031
Car 0.0 0 -1.736560583114624 687.981689453125 179.91549682617188 782.462158203125 254.2792510986328 3.1709058 1.463094 1.5448158 2.6379716 1.6364183 16.082869 -1.5739845037460327 0.9466811418533325
Car 0.0 0 -2.029886245727539 799.0215454101562 180.26536560058594 1242.0 375.0 3.538689 1.4867618 1.5911926 2.7829077 1.5661958 5.911539 -1.5899041891098022 0.9236167669296265
Car 0.0 0 -1.348292589187622 411.09637451171875 182.67030334472656 499.8385009765625 247.84136962890625 4.0790668 1.690451 1.7037901 -4.5024233 2.0096762 21.383226 -1.5558197498321533 0.907174289226532
Car 0.0 0 -1.643507719039917 652.2236328125 178.3688507080078 694.5391235351562 217.00152587890625 3.623944 1.580861 1.590232 2.7054625 1.8387055 31.864182 -1.5588047504425049 0.8900812268257141
Car 0.0 0 1.692191481590271 487.8442077636719 182.41448974609375 530.9539184570312 218.72573852539062 3.9218154 1.6272655 1.6291317 -4.907834 2.1221592 35.34617 1.5542230606079102 0.8031604290008545
Car 0.0 0 1.6842339038848877 520.4469604492188 183.6880340576172 549.5633544921875 207.2093048095703 4.0607967 1.5417086 1.6076453 -5.310374 2.3415964 51.206886 1.5808990001678467 0.5291196703910828
