Car 0.0 0 -1.664078950881958 650.3419799804688 175.91525268554688 694.6034545898438 211.30157470703125 3.9801369 1.5308849 1.6738366 2.8055098 1.6821017 33.556427 -1.58066725730896 0.9393237233161926
Car 0.0 0 -1.0174826383590698 69.89667510986328 203.57839965820312 156.72018432617188 236.7755126953125 4.4124928 1.4433603 1.6713408 -25.900623 3.147497 37.765438 -1.6186342239379883 0.9369417428970337
Car 0.0 0 -1.0383844375610352 158.37193298339844 198.04051208496094 241.46405029296875 232.3462371826172 4.378763 1.4947773 1.7023697 -20.872019 2.8593824 36.876095 -1.553431749343872 0.9291008114814758
Car 0.0 0 -1.03513765335083 115.48233795166016 200.83737182617188 199.5146026611328 233.86709594726562 4.436151 1.451711 1.6937569 -23.574366 3.0024703 37.736843 -1.5935242176055908 0.9150057435035706
Car 0.0 0 1.8105199337005615 427.7328186035156 188.397705078125 487.4349670410156 228.5989227294922 3.6954215 1.4829777 1.5904616 -6.2901673 2.1686046 29.93474 1.6034038066864014 0.9102404117584229
Car 0.0 0 2.247021436691284 0.0 213.72006225585938 199.22825622558594 375.0 3.6355963 1.4745635 1.5614884 -6.017855 1.9927733 7.313266 1.5584909915924072 0.8919845223426819
Car 0.0 0 -1.1026034355163574 214.21481323242188 196.78097534179688 289.9045104980469 229.87962341308594 4.378184 1.4520609 1.6820294 -18.291376 2.7531369 37.024643 -1.5614656209945679 0.7018956542015076
Car 0.0 0 1.7549089193344116 458.31378173828125 187.21475219726562 505.46331787109375 219.97006225585938 3.9556398 1.4358962 1.5770731 -6.2513514 2.179438 35.352707 1.5798900127410889 0.691356897354126
Car 0.0 0 1.75478196144104 489.4283752441406 180.1807403564453 529.177978515625 208.67893981933594 4.2214847 1.6075453 1.6541048 -6.1097245 2.075992 43.948334 1.616646647453308 0.6314687728881836
Car 0.0 0 -2.2992630004882812 1000.3031616210938 194.6085968017578 1242.0 375.0 3.7550623 1.4749018 1.6269654 2.9477277 1.6113731 2.544472 -1.44057297706604 0.6306561231613159
