Pedestrian 0.0 0 -3.413219928741455 876.7977905273438 157.01707458496094 933.4541015625 248.1680145263672 0.87399083 1.7209201 0.6448491 5.6572742 1.4222784 13.989321 -3.0289266109466553 0.7364131212234497
Pedestrian 0.0 0 -3.1508047580718994 767.0065307617188 169.6591339111328 796.3680419921875 224.66517639160156 0.9331407 1.7892389 0.6503416 5.633309 1.6856741 23.887531 -2.9192099571228027 0.5532209277153015
Pedestrian 0.0 0 -3.2055089473724365 980.6429443359375 166.08599853515625 999.3687744140625 193.08721923828125 1.0467136 1.7506763 0.631189 24.86514 1.3122175 47.281208 -2.7213573455810547 0.5417133569717407
Pedestrian 0.0 0 -1.4007221460342407 577.2781372070312 166.0867919921875 605.8541870117188 215.12945556640625 0.94901216 1.8783591 0.9702704 -0.7545067 1.61953 28.171444 -1.427498459815979 0.4942186176776886
Pedestrian 0.0 0 0.5162344574928284 682.955078125 159.25473022460938 704.2548828125 197.05474853515625 0.8855832 1.8309667 0.544532 4.0665917 1.1726002 35.428246 0.6305181980133057 0.29929691553115845
Pedestrian 0.0 0 2.843106508255005 573.114990234375 175.08985900878906 589.2778930664062 205.749267578125 0.8188119 1.7825205 0.5654001 -1.7284558 1.9155492 42.408653 2.8023719787597656 0.2533986568450928
Pedestrian 0.0 0 -1.6106750965118408 868.5849609375 149.67872619628906 884.678955078125 191.22557067871094 0.82406086 1.9070759 0.66949797 12.377002 0.8436466 33.612236 -1.2578537464141846 0.23648688197135925
Pedestrian 0.0 0 -2.014294147491455 377.2410583496094 178.63523864746094 391.4877014160156 206.30459594726562 0.6108544 1.750914 0.6756434 -14.510855 2.125896 46.299294 -2.31801176071167 0.21257680654525757
Pedestrian 0.0 0 -2.613426923751831 1111.5802001953125 187.8669891357422 1192.366943359375 284.46533203125 1.0096717 1.5277491 0.4222723 9.03653 1.7918545 12.126005 -1.9729926586151123 0.2021620273590088
Pedestrian 0.0 0 -0.23045897483825684 1161.8594970703125 105.91172790527344 1242.0 265.032470703125 0.6746185 1.7894971 0.6275524 6.9750466 1.0370115 8.541757 0.4543116092681885 0.19265301525592804
Pedestrian 0.0 0 -1.9437015056610107 839.9847412109375 191.5027618408203 921.2852172851562 329.9147644042969 0.94229096 1.6655501 0.67813575 3.404091 1.9183716 9.286964 -1.592363953590393 0.18928569555282593
Cyclist 0.0 0 -0.7915583252906799 981.8135986328125 144.15647888183594 1095.710205078125 255.3821563720703 1.7070162 1.7202462 0.5377079 6.8595977 1.2767605 11.6351185 -0.2588508129119873 0.45153099298477173
Cyclist 0.0 0 -1.85133957862854 271.6535949707031 147.9908905029297 300.5616149902344 193.72572326660156 1.918792 1.9038644 0.6220329 -13.953316 0.8692129 30.96632 -2.2746894359588623 0.2513728439807892
Cyclist 0.0 0 -2.774764060974121 1079.1473388671875 184.67323303222656 1205.0125732421875 283.0662841796875 1.6446795 1.5291294 0.50798124 8.92623 1.7435738 12.238249 -2.1445963382720947 0.2424371838569641
Cyclist 0.0 0 -1.976459264755249 841.5903930664062 193.17861938476562 911.6254272460938 326.088623046875 0.922595 1.616117 0.52930653 3.3957996 1.8945312 9.392409 -1.6295346021652222 0.1638556718826294
Cyclist 0.0 0 -3.1631264686584473 764.4379272460938 166.9408416748047 797.6858520507812 221.71995544433594 1.0569162 1.7834492 0.61415464 5.6118035 1.5912921 23.89852 -2.9324870109558105 0.1280275583267212
Cyclist 0.0 0 -1.6265904903411865 867.5745849609375 149.8527069091797 884.9645385742188 191.22142028808594 0.94671696 1.898143 0.70774674 12.376619 0.84312046 33.66006 -1.2742398977279663 0.10507577657699585
Car 0.0 0 -2.1043920516967773 108.7529067993164 193.8159942626953 244.05946350097656 248.6315460205078 4.345249 1.4973594 1.6884053 -13.79723 2.2127333 22.836002 -2.6478848457336426 0.3144388496875763
Car 0.0 0 -0.7049186825752258 274.89788818359375 149.54649353027344 376.9022521972656 185.74314880371094 4.181396 1.5153365 1.6700528 -12.712101 0.53994936 32.440777 -1.0783843994140625 0.2548403739929199
Car 0.0 0 -1.5977836847305298 597.0466918945312 180.45367431640625 633.333251953125 213.2603759765625 3.8326123 1.4134326 1.5907553 0.15709217 1.7913797 33.913177 -1.593151569366455 0.23418810963630676
Car 0.0 0 -0.3698049783706665 520.8443603515625 169.11187744140625 584.1685180664062 190.70947265625 4.255608 1.5132362 1.6644003 -4.181963 1.2514018 52.22628 -0.44970840215682983 0.2291037142276764
Car 0.0 0 0.9158684611320496 0.0 133.05003356933594 54.242740631103516 375.0 3.75012 1.6106875 1.6529095 -6.8643336 1.350544 5.6007347 0.029444217681884766 0.1876189112663269
