Pedestrian 0.0 0 -1.1788026094436646 202.84373474121094 166.2848358154297 254.1016845703125 259.5248107910156 0.8379347 1.7862102 0.6249986 -7.5806346 1.6607217 14.266948 -1.6672086715698242 0.7821580767631531
Pedestrian 0.0 0 2.1511573791503906 767.590576171875 154.34742736816406 825.8941650390625 266.25738525390625 0.6839881 1.7608402 0.65889144 3.0078306 1.4700073 11.824171 2.400254011154175 0.6980370283126831
Pedestrian 0.0 0 -0.8110781908035278 1042.18896484375 154.32748413085938 1123.7542724609375 285.61761474609375 0.68781817 1.6620618 0.58566153 6.161222 1.427884 9.496536 -0.2355567216873169 0.6793148517608643
Pedestrian 0.0 0 -3.1775286197662354 860.6807250976562 147.7488555908203 914.973876953125 255.91941833496094 0.86764735 1.8413603 0.65823734 4.834004 1.4143596 12.730819 -2.814635992050171 0.6367380023002625
Pedestrian 0.0 0 -2.000964641571045 282.218994140625 162.4833984375 328.1030578613281 256.0682678222656 0.50425124 1.8106786 0.6954706 -6.126652 1.6103864 14.384448 -2.403615951538086 0.6354889273643494
Pedestrian 0.0 0 -0.9858524203300476 96.1428451538086 181.81228637695312 163.776123046875 264.7586975097656 0.9340668 1.7677597 0.8751546 -10.637847 1.9719276 15.944441 -1.574211835861206 0.4857120215892792
Pedestrian 0.0 0 1.227124571800232 775.129638671875 156.97727966308594 822.8897094726562 249.14869689941406 0.9426326 1.7936949 0.6480172 3.7434008 1.4850852 14.537678 1.4791462421417236 0.4783344268798828
Pedestrian 0.0 0 1.7523707151412964 827.2141723632812 168.898193359375 844.9981079101562 211.10719299316406 0.57409966 1.6898386 0.5954577 9.134656 1.5318257 29.276657 2.0548105239868164 0.3910183012485504
Pedestrian 0.0 0 -0.8958911299705505 1188.582763671875 157.00758361816406 1242.0 275.5177001953125 0.77655476 1.7409947 0.62706953 9.380893 1.5085578 10.977966 -0.18877877295017242 0.32914844155311584
Pedestrian 0.0 0 -1.2217158079147339 760.892333984375 184.96498107910156 798.6552734375 261.1008605957031 0.7873058 1.6110641 0.577802 3.6980593 1.8866652 15.9079075 -0.9933059215545654 0.3237229287624359
Pedestrian 0.0 0 -2.723236560821533 364.6297302246094 178.01132202148438 410.1190185546875 220.6183624267578 1.5659813 1.6579597 0.7253882 -8.870247 1.8662525 28.636145 -3.02362060546875 0.21174101531505585
Cyclist 0.0 0 1.9390944242477417 491.60797119140625 168.36074829101562 526.2822265625 215.4566192626953 2.0567358 1.7594 0.6386428 -3.9460077 1.5919003 28.026312 1.7992173433303833 0.9102574586868286
Cyclist 0.0 0 -0.4920080900192261 582.7473754882812 169.409912109375 622.796142578125 208.22010803222656 1.824147 1.7981775 0.60845035 -0.3761719 1.6389618 34.1342 -0.5030280351638794 0.8707447052001953
Cyclist 0.0 0 1.8718552589416504 478.1015930175781 166.3333282470703 508.67059326171875 218.8138885498047 1.7406423 1.7651657 0.56451577 -4.094965 1.5462033 25.167082 1.7105576992034912 0.8686127066612244
Cyclist 0.0 0 -1.0020904541015625 18.364879608154297 185.95718383789062 80.95074462890625 259.56231689453125 1.4936464 1.5143315 0.3378385 -12.34508 1.8167549 15.871502 -1.6631563901901245 0.5351860523223877
Cyclist 0.0 0 -1.2095946073532104 966.3701782226562 142.14332580566406 1106.275146484375 336.4622497558594 1.7912916 1.7797273 0.65220535 4.36124 1.4988126 7.4215837 -0.6783108711242676 0.44415122270584106
Cyclist 0.0 0 -1.050065040588379 267.8795471191406 177.53871154785156 310.6941833496094 231.7598876953125 1.6822376 1.6153414 0.44411394 -10.024485 1.7673874 22.50088 -1.4691832065582275 0.4194973409175873
Cyclist 0.0 0 -2.7120463848114014 361.98052978515625 178.445068359375 409.1562805175781 222.2904510498047 1.6514176 1.705436 0.6863593 -8.937946 1.9310408 28.620949 -3.014737129211426 0.3865116536617279
Cyclist 0.0 0 1.227124571800232 775.129638671875 156.97727966308594 822.8897094726562 249.14869689941406 0.9426326 1.7936949 0.6480172 3.7434008 1.4850852 14.537678 1.4791462421417236 0.16437004506587982
Car 0.0 0 -1.2349473237991333 736.9097900390625 174.514892578125 780.4270629882812 200.96511840820312 3.7431378 1.6473807 1.6491318 9.73473 1.7611115 47.22054 -1.0316410064697266 0.433236300945282
Car 0.0 0 -1.3823301792144775 712.7405395507812 160.07528686523438 758.1231689453125 189.94956970214844 3.9782484 1.4820442 1.6356556 6.6090827 0.84845847 37.942078 -1.209871768951416 0.34935101866722107
