Pedestrian 0.0 0 3.551525592803955 225.1747283935547 163.88516235351562 274.25042724609375 240.99850463867188 0.80006486 1.7464848 0.7131101 -8.263015 1.3717976 16.387274 3.0844967365264893 0.7516358494758606
Pedestrian 0.0 0 -2.5085716247558594 149.19674682617188 178.77267456054688 198.5010528564453 248.4600830078125 0.93924314 1.7504427 0.5388876 -11.046662 1.7086489 18.062996 -3.05745005607605 0.7133997082710266
Pedestrian 0.0 0 3.6053624153137207 69.24491882324219 176.27291870117188 137.83653259277344 260.20050048828125 1.032024 1.7169268 0.5600454 -10.534918 1.6320777 14.815327 2.9872372150421143 0.7106976509094238
Pedestrian 0.0 0 -2.522306203842163 126.37672424316406 176.76148986816406 174.36050415039062 249.79551696777344 0.7786127 1.6744093 0.5305665 -10.6357355 1.5903074 16.488194 -3.0951948165893555 0.6761934757232666
Pedestrian 0.0 0 0.16698160767555237 596.5169677734375 156.91856384277344 645.6483764648438 239.04408264160156 1.0031093 1.8008252 0.7279338 0.33235586 1.2853537 15.950212 0.18781566619873047 0.6195593476295471
Pedestrian 0.0 0 0.7554415464401245 385.2529602050781 151.93511962890625 441.86444091796875 246.235595703125 0.84173626 1.7499045 0.6391788 -3.721787 1.2214726 13.595176 0.48823046684265137 0.5248338580131531
Pedestrian 0.0 0 0.4682886302471161 183.0089569091797 153.53164672851562 202.64512634277344 188.9568634033203 0.7289945 2.0077717 0.7108865 -23.582636 0.48069 40.44452 -0.059601325541734695 0.4975275993347168
Pedestrian 0.0 0 2.4979915618896484 1076.5736083984375 94.1212158203125 1183.984130859375 248.04043579101562 0.8050686 1.8255174 0.7010767 6.4178867 0.802727 8.735316 3.1316323280334473 0.478027880191803
Pedestrian 0.0 0 -1.7774876356124878 367.5826416015625 172.61651611328125 397.1121520996094 235.5850830078125 0.6902899 1.7617036 0.67813605 -6.413342 1.5427185 20.243692 -2.084291458129883 0.41985076665878296
Pedestrian 0.0 0 0.5420041680335999 1113.3148193359375 124.13166046142578 1169.2774658203125 215.2698974609375 0.74487805 1.8211907 0.5441801 11.004534 0.6964257 14.570809 1.1888537406921387 0.3258375823497772
Pedestrian 0.0 0 -2.645352363586426 294.4910888671875 159.69923400878906 358.09759521484375 249.98623657226562 0.9726442 1.8043478 0.7668411 -5.769658 1.3902814 14.563567 -3.0225532054901123 0.28155872225761414
Pedestrian 0.0 0 2.3084640502929688 1176.152587890625 145.07569885253906 1224.0 216.4208221435547 1.6718733 1.6882195 0.5196773 14.754856 0.8515879 17.084381 3.020827054977417 0.15787281095981598
Cyclist 0.0 0 -1.5814902782440186 903.0908813476562 147.4277801513672 928.5242309570312 200.7752685546875 1.7552518 1.7472429 0.76721466 10.556076 0.6656013 24.110138 -1.1688051223754883 0.7847388386726379
Cyclist 0.0 0 -3.5499160289764404 894.3456420898438 150.1541748046875 953.4747924804688 192.1951141357422 1.9605975 1.633812 0.82281786 12.54345 0.456003 27.897951 -3.1273789405822754 0.7782434821128845
Cyclist 0.0 0 -0.8912646174430847 1176.6590576171875 145.51004028320312 1224.0 218.1276397705078 1.7204763 1.714543 0.5360609 14.779802 0.89001405 17.105513 -0.17867736518383026 0.6214451193809509
Cyclist 0.0 0 -2.522306203842163 126.37672424316406 176.76148986816406 174.36050415039062 249.79551696777344 0.7786127 1.6744093 0.5305665 -10.6357355 1.5903074 16.488194 -3.0951948165893555 0.15526030957698822
Cyclist 0.0 0 3.5478157997131348 68.7185287475586 175.5811004638672 137.5584716796875 259.5162048339844 1.0447698 1.7135408 0.5498446 -10.537175 1.6147465 14.808266 2.9293642044067383 0.10073844343423843
Car 0.0 0 -1.2239011526107788 213.92242431640625 182.7435302734375 448.1093444824219 317.36505126953125 3.6337266 1.3597996 1.5796717 -3.2434695 1.3958498 9.015357 -1.5692545175552368 0.9684595465660095
Car 0.0 0 1.629143238067627 464.8865661621094 166.44895935058594 491.66656494140625 190.1881561279297 3.816217 1.5950809 1.6277649 -8.830031 0.6522822 49.493713 1.4525935649871826 0.7281548976898193
