Pedestrian 0.0 0 2.2577288150787354 62.82514953613281 123.49054718017578 152.7174530029297 258.3509521484375 0.7658692 1.8253793 0.7183814 -7.114297 1.1575867 10.172815 1.6474432945251465 0.4492056965827942
Cyclist 0.0 0 1.9051014184951782 284.3583068847656 174.87986755371094 309.05596923828125 212.06130981445312 1.6916951 1.6376286 0.502511 -14.239145 1.7323213 32.733315 1.494787335395813 0.6641695499420166
Cyclist 0.0 0 1.8154915571212769 237.2812957763672 176.25083923339844 257.2320556640625 209.9395751953125 1.6420348 1.6888243 0.53913486 -18.729301 1.8683822 37.20177 1.3490862846374512 0.6613379120826721
Car 0.0 0 -1.5509055852890015 554.9459838867188 184.2948455810547 610.5079956054688 230.1115264892578 3.4502888 1.342726 1.69559 -0.91027826 1.7473515 23.752666 -1.589210033416748 0.9490728378295898
Car 0.0 0 -2.3702876567840576 395.1325988769531 182.12461853027344 493.6842041015625 223.7718048095703 3.5440915 1.4373314 1.5405122 -6.29835 1.8071421 27.176258 -2.5980262756347656 0.885367214679718
Car 0.0 0 -2.303509473800659 935.0667114257812 213.80641174316406 1242.0 375.0 3.7034235 1.4721242 1.6292838 3.1720324 1.7770803 3.5105522 -1.5687249898910522 0.8634229302406311
Car 0.0 0 -2.4773919582366943 236.23269653320312 177.33409118652344 431.8951721191406 258.9195861816406 3.8176544 1.6338309 1.6813954 -6.1219263 1.7417761 15.960575 -2.8436508178710938 0.7991793751716614
Car 0.0 0 -1.5723198652267456 574.5008544921875 181.7963104248047 613.0731811523438 219.009521484375 3.5235975 1.5566792 1.660063 -0.78294873 1.9858997 32.81901 -1.5961718559265137 0.7619273066520691
Car 0.0 0 -1.5118547677993774 524.4363403320312 182.20620727539062 561.0632934570312 213.148681640625 3.6379123 1.417918 1.6106828 -3.3486354 1.9091214 36.021664 -1.6045501232147217 0.5059964656829834
Car 0.0 0 -2.1277613639831543 426.8651428222656 182.14881896972656 507.8212890625 219.9264678955078 3.7902308 1.447823 1.5887042 -6.1231484 1.8661873 30.521673 -2.325749635696411 0.4691794216632843
Car 0.0 0 1.8391754627227783 242.96926879882812 178.0603790283203 304.3488464355469 212.7064666748047 3.8868062 1.5015504 1.6436198 -15.773215 1.7616273 33.93824 1.4041131734848022 0.466924250125885
