Car 0.0 0 1.2937617301940918 782.4461669921875 169.19700622558594 916.9550170898438 244.24302673339844 4.3392115 1.486277 1.7422707 5.221964 1.4142088 16.481813 1.6005882024765015 0.9487307667732239
Car 0.0 0 -1.5502897500991821 662.2833251953125 178.47149658203125 708.2557983398438 221.08743286132812 3.3087044 1.5176781 1.66425 2.8967586 1.7488369 27.897799 -1.4468258619308472 0.9416177272796631
Car 0.0 0 1.9209139347076416 247.04830932617188 190.05894470214844 447.5753479003906 314.3643798828125 3.892814 1.4939432 1.6319817 -3.8531797 1.8075277 11.172497 1.5888068675994873 0.9207503795623779
Car 0.0 0 2.215060234069824 0.0 197.47352600097656 313.135986328125 375.0 4.241624 1.5166817 1.7494029 -4.110499 1.7798247 5.5706215 1.5793554782867432 0.8773877024650574
Car 0.0 0 1.746138095855713 475.8424072265625 187.79937744140625 542.089111328125 236.9128875732422 3.6289954 1.406793 1.5363654 -3.2724476 1.9347794 23.628098 1.6085153818130493 0.8307421803474426
Car 0.0 0 -3.4467689990997314 759.2640380859375 170.9535675048828 925.9734497070312 221.97608947753906 4.3079996 1.4212795 1.6208571 6.6006618 1.3686992 20.90812 -3.140972852706909 0.8065773844718933
Car 0.0 0 1.8271303176879883 400.358154296875 182.725830078125 506.9441223144531 260.7542724609375 3.7237992 1.6255096 1.6092285 -3.6871428 1.8900291 17.406874 1.6183946132659912 0.7230738401412964
Car 0.0 0 1.7315912246704102 503.082275390625 181.8696746826172 559.969482421875 222.59954833984375 4.1077933 1.4416574 1.5991282 -3.0694308 1.8250389 28.557333 1.6245192289352417 0.603439211845398
Car 0.0 0 -0.8240873217582703 704.0905151367188 176.0411376953125 771.6600341796875 209.1169891357422 3.2373435 1.57262 1.5551407 6.3968077 1.73999 36.209312 -0.6492295265197754 0.47696951031684875
Car 0.0 0 -1.2062982320785522 675.2415771484375 179.17794799804688 736.5014038085938 214.8740997314453 3.5390916 1.478212 1.5774677 4.327778 1.7803068 32.492733 -1.073885440826416 0.4585094451904297
