Pedestrian 0.0 0 0.48105382919311523 907.0807495117188 156.3992462158203 934.1854858398438 194.33221435546875 0.9350621 1.8923609 0.9424446 15.742068 1.0718411 36.652718 0.886723518371582 0.49595412611961365
Pedestrian 0.0 0 -1.0763487815856934 340.6832275390625 173.27191162109375 375.3025207519531 222.87522888183594 0.9412716 1.8718216 0.92279994 -9.733922 1.8885778 27.77124 -1.4134721755981445 0.29362598061561584
Pedestrian 0.0 0 3.5632004737854004 138.47842407226562 149.06307983398438 189.5347442626953 242.1262664794922 0.7077665 1.8109583 0.5348312 -8.911879 1.3483579 14.350317 3.0074660778045654 0.251478374004364
Pedestrian 0.0 0 -1.8746914863586426 997.7611694335938 138.05419921875 1059.9285888671875 223.78689575195312 1.6254262 1.7277093 0.6866719 8.856556 1.0267719 15.405593 -1.352938175201416 0.21003159880638123
Pedestrian 0.0 0 2.015745162963867 116.23623657226562 154.17550659179688 176.00833129882812 230.02052307128906 1.3636422 1.725671 0.6743658 -11.036339 1.3010448 17.133223 1.4434945583343506 0.1561671942472458
Pedestrian 0.0 0 2.4189605712890625 0.0 189.35086059570312 41.34317398071289 273.54205322265625 0.7399293 1.7007673 0.62851006 -12.609323 2.0570116 15.149175 1.7248066663742065 0.15164728462696075
Pedestrian 0.0 0 1.360437273979187 959.8766479492188 160.96450805664062 987.1229248046875 217.5931854248047 0.84445095 1.7758344 0.6148538 11.58903 1.4033463 23.110172 1.8252592086791992 0.14953288435935974
Pedestrian 0.0 0 1.3459844589233398 1154.85888671875 135.30535888671875 1191.8963623046875 212.4927520751953 0.66987413 1.8890699 0.59606254 14.063516 0.97046936 18.085516 2.0069243907928467 0.1438550353050232
Pedestrian 0.0 0 -3.344083309173584 881.0895385742188 132.52027893066406 934.7646484375 215.59115600585938 0.99315727 1.8178346 0.6989554 6.633066 0.93557227 16.221758 -2.9559288024902344 0.14245514571666718
Pedestrian 0.0 0 0.37843573093414307 433.9343566894531 193.5144500732422 463.4175109863281 245.97415161132812 0.77648306 1.6875408 0.6256445 -5.377457 2.382015 23.86868 0.15684199333190918 0.14101417362689972
Pedestrian 0.0 0 -1.459143877029419 961.8828735351562 147.13031005859375 1003.9774780273438 228.52346801757812 1.7186512 1.6846801 0.6359664 8.1453 1.1526077 15.823273 -0.9837524890899658 0.10518696159124374
Cyclist 0.0 0 -1.8478106260299683 993.2523803710938 134.59498596191406 1058.0728759765625 221.28652954101562 1.782484 1.7420561 0.73568803 8.808635 0.9736037 15.449768 -1.3296313285827637 0.48468971252441406
Cyclist 0.0 0 -1.2350956201553345 501.0038146972656 169.43240356445312 515.0852661132812 191.86610412597656 1.9746163 1.8996115 0.5840123 -8.791127 1.6102393 62.119907 -1.375680685043335 0.23960167169570923
Cyclist 0.0 0 -1.5588747262954712 799.7601928710938 188.7895965576172 819.8141479492188 249.6703643798828 1.6183497 1.6972303 0.55275303 5.890214 2.1894388 21.41339 -1.2904419898986816 0.16663961112499237
Cyclist 0.0 0 2.249638557434082 918.3739624023438 161.37008666992188 954.1035766601562 201.27098083496094 1.6377974 1.7853007 0.58817804 14.845694 1.2718301 32.9133 2.6733691692352295 0.15448488295078278
Cyclist 0.0 0 -1.7005289793014526 664.6788330078125 184.025390625 683.5645141601562 234.6239776611328 1.5274849 1.6091743 0.42906997 2.0831697 1.9940088 24.057499 -1.6141531467437744 0.14970822632312775
Cyclist 0.0 0 3.1589863300323486 451.6617126464844 167.46917724609375 477.7349548339844 193.6280517578125 1.8799781 1.9173722 0.5990685 -10.762907 1.5230373 53.3484 2.9599111080169678 0.13745498657226562
Cyclist 0.0 0 2.0156445503234863 118.16187286376953 153.82815551757812 174.85092163085938 229.25465393066406 1.258585 1.7220503 0.65685725 -11.032902 1.2880323 17.136429 1.4436208009719849 0.1297784149646759
Car 0.0 0 1.7196003198623657 481.4914855957031 183.30490112304688 551.2615356445312 232.11138916015625 4.367566 1.4695007 1.7497662 -3.167121 1.8619912 24.867727 1.592923641204834 0.9345539808273315
Car 0.0 0 -0.9514178037643433 904.2745971679688 150.84153747558594 991.5667114257812 185.83413696289062 4.0590477 1.5708846 1.7001666 15.9604435 0.58306116 34.12646 -0.5139545202255249 0.19777457416057587
Car 0.0 0 0.0899520069360733 363.8115539550781 187.7327423095703 447.4445495605469 219.4100799560547 3.8838854 1.4817468 1.6011547 -10.16013 2.2474637 35.96821 -0.18535055220127106 0.16291256248950958
