Pedestrian 0.0 0 -1.3891935348510742 700.4825439453125 166.17189025878906 717.1083984375 203.23255920410156 0.6872765 1.7461375 0.67373574 4.6776185 1.4316634 34.424416 -1.2541399002075195 0.5187491774559021
Cyclist 0.0 0 -1.5201215744018555 177.0058135986328 166.17349243164062 214.31488037109375 238.24374389648438 1.778684 1.776241 0.75424427 -10.788626 1.6119514 18.74384 -2.042393445968628 0.3118141293525696
Car 0.0 0 -1.7703229188919067 703.1144409179688 189.778564453125 834.4985961914062 281.48895263671875 3.8236275 1.3366432 1.5501193 2.6648512 1.6899391 13.1315565 -1.5701069831848145 0.9648357629776001
Car 0.0 0 -1.7429163455963135 680.2823486328125 179.54476928710938 774.0343017578125 248.66053771972656 3.8860703 1.5166878 1.6543242 2.7768662 1.7037289 18.16974 -1.5912606716156006 0.9128288626670837
Car 0.0 0 -1.677398681640625 664.5469970703125 180.37905883789062 716.56005859375 220.17185974121094 3.841724 1.4177908 1.6153826 3.0539236 1.7339181 28.353277 -1.570102572441101 0.7814005613327026
Car 0.0 0 -1.7041089534759521 648.8037109375 179.24374389648438 695.2653198242188 215.82403564453125 3.7515755 1.5315359 1.6067051 2.7204592 1.8392389 32.78907 -1.6213300228118896 0.6765238046646118
Car 0.0 0 -2.486868381500244 0.0 0.0 1242.0 375.0 3.7445529 1.4904839 1.5948267 2.4991145 1.4963857 1.4269352 -1.4348770380020142 0.48217862844467163
Car 0.0 0 -1.564054250717163 592.6672973632812 180.71031188964844 615.635498046875 202.80418395996094 3.9563518 1.5007756 1.6050036 -0.44104874 2.0932257 52.39659 -1.5724716186523438 0.45092281699180603
Car 0.0 0 0.13394692540168762 454.8545227050781 182.25148010253906 497.3952331542969 199.00599670410156 3.6643336 1.4965715 1.6183037 -12.3048115 2.3728843 66.35432 -0.049411214888095856 0.29017049074172974
Car 0.0 0 1.5249824523925781 562.2625732421875 178.82850646972656 583.0115966796875 197.06512451171875 4.098072 1.5040959 1.6181881 -3.3126888 2.0437887 63.013973 1.472460150718689 0.23472879827022552
