Car 0.0 0 1.9920710325241089 168.3231201171875 194.9789581298828 427.1741638183594 342.4735412597656 3.9865544 1.4409294 1.6243553 -3.8911736 1.8001368 9.676646 1.6097383499145508 0.9588928818702698
Car 0.0 0 1.2616181373596191 796.3782348632812 166.5233612060547 955.5498657226562 251.71607971191406 4.4338775 1.4990659 1.7587197 5.207664 1.388029 14.932913 1.5971676111221313 0.9285816550254822
Car 0.0 0 -1.520539402961731 664.4263305664062 178.9268035888672 714.0125122070312 224.619384765625 3.471286 1.5270355 1.6349007 2.9144347 1.7655054 26.444687 -1.4107736349105835 0.9063441157341003
Car 0.0 0 1.8500686883926392 375.6119689941406 184.95870971679688 498.9273376464844 269.95111083984375 3.825639 1.5704535 1.6222477 -3.6823497 1.8692827 15.836962 1.6216118335723877 0.8711543083190918
Car 0.0 0 1.7572898864746094 463.3944396972656 187.32595825195312 536.8184814453125 242.20314025878906 3.7064848 1.4593775 1.5544704 -3.3136692 1.9399495 22.058582 1.60818350315094 0.8672600388526917
Car 0.0 0 1.691986322402954 494.1597900390625 183.1416015625 551.8377685546875 227.91897583007812 4.1833763 1.4862733 1.6463598 -3.2161121 1.9015281 27.002882 1.5734422206878662 0.7868712544441223
Car 0.0 0 -0.2955608367919922 770.3447875976562 170.63015747070312 952.2910766601562 227.01817321777344 4.2781315 1.4289064 1.5961121 6.513003 1.372911 19.148174 0.032300472259521484 0.77629154920578
Car 0.0 0 2.3316736221313477 0.0 187.96070861816406 233.7068328857422 375.0 4.006954 1.4875375 1.6451435 -4.1184254 1.6187911 4.2373514 1.5605072975158691 0.7719072699546814
Car 0.0 0 -1.229525089263916 677.7420654296875 180.31741333007812 739.2119140625 217.75643920898438 3.3863223 1.4665058 1.5631263 4.220811 1.8054323 30.865993 -1.0936217308044434 0.7248343825340271
Car 0.0 0 -0.8907825350761414 710.2657470703125 176.96630859375 780.481689453125 210.01771545410156 3.411765 1.4950856 1.5158987 6.5051775 1.7030385 34.73826 -0.7056639194488525 0.6973095536231995
