Cyclist 0.0 0 -2.097162961959839 895.4592895507812 189.60398864746094 934.5921630859375 239.41278076171875 1.7801855 1.7143486 0.48447385 11.077829 2.3479111 26.359955 -1.6993205547332764 0.8497276306152344
Car 0.0 0 -1.5562121868133545 568.96240234375 178.7501220703125 620.7696533203125 230.8680419921875 4.2345996 1.6525133 1.67738 -0.5502643 1.8784453 25.478704 -1.5778058767318726 0.899137556552887
Car 0.0 0 1.931577444076538 239.03883361816406 179.9978790283203 293.3858337402344 207.39544677734375 4.195099 1.5846432 1.688542 -21.40136 2.0521262 45.01704 1.4877980947494507 0.8504349589347839
Car 0.0 0 1.6528337001800537 510.4852600097656 181.44163513183594 544.0033569335938 209.85137939453125 3.625773 1.45564 1.5519508 -4.571017 1.9529438 39.91415 1.5388091802597046 0.8452444076538086
Car 0.0 0 1.9577631950378418 287.00494384765625 183.39500427246094 333.7939758300781 207.06500244140625 3.8696764 1.5260392 1.669219 -20.804865 2.28791 50.18344 1.564754605293274 0.777047336101532
Car 0.0 0 1.8223950862884521 172.78591918945312 179.37423706054688 225.87335205078125 209.64796447753906 3.6809676 1.476378 1.5640482 -21.604433 1.838229 38.019405 1.305650234222412 0.6288253664970398
Car 0.0 0 2.4318857192993164 1060.40087890625 195.6990509033203 1168.33837890625 231.41064453125 3.95717 1.5274426 1.6382087 23.104492 2.6103156 33.17233 3.0402581691741943 0.6011828184127808
Car 0.0 0 1.7425634860992432 90.18270874023438 182.7344970703125 152.9431915283203 220.19091796875 4.012566 1.4928988 1.6464188 -21.654911 1.9620829 32.066483 1.1485989093780518 0.5906214118003845
Car 0.0 0 -0.708635687828064 1166.7259521484375 198.49114990234375 1242.0 233.9376983642578 3.684122 1.5569645 1.6368154 28.45582 2.7853978 33.727703 -0.007814712822437286 0.570915699005127
Car 0.0 0 1.1000828742980957 810.4267578125 187.22433471679688 853.010498046875 208.331298828125 3.7101922 1.4972357 1.640441 17.08118 2.6487901 55.830086 1.396988868713379 0.45383813977241516
