Pedestrian 0.0 0 0.32820114493370056 388.6416931152344 160.2383575439453 479.2704162597656 301.8529968261719 1.0150474 1.7255626 0.4566397 -2.186979 1.4803559 8.881801 0.08677244186401367 0.6224570274353027
Pedestrian 0.0 0 0.35002633929252625 665.0489501953125 162.5568084716797 724.0414428710938 254.74493408203125 1.0205356 1.8183349 0.7055951 1.7971957 1.4660503 14.4876375 0.4734461307525635 0.19324705004692078
Pedestrian 0.0 0 3.738417148590088 15.592170715332031 176.30035400390625 82.07603454589844 263.9879150390625 0.831566 1.7468108 0.6782645 -11.392953 1.6647788 14.447776 3.070690155029297 0.12501750886440277
Pedestrian 0.0 0 1.7092341184616089 397.67718505859375 156.23452758789062 438.11126708984375 240.28314208984375 0.947729 1.7364881 0.7147688 -4.0277987 1.2367746 15.116849 1.4488393068313599 0.11257468163967133
Pedestrian 0.0 0 -3.545011281967163 931.621826171875 145.93211364746094 1014.39404296875 260.0623474121094 0.96352583 1.8133005 0.82506156 6.00767 1.2657415 11.674659 -3.0697593688964844 0.10907403379678726
Pedestrian 0.0 0 -3.474271774291992 858.7100830078125 143.53700256347656 912.1975708007812 251.10284423828125 0.6528787 1.7733833 0.6893558 4.7072096 1.1656445 12.009509 -3.1007182598114014 0.1054389551281929
Pedestrian 0.0 0 0.4040733575820923 624.2909545898438 172.4732666015625 686.1439819335938 272.31585693359375 0.9225813 1.7535839 0.7191962 0.8808324 1.6142505 12.943288 0.47202181816101074 0.10247396677732468
Cyclist 0.0 0 0.8202283978462219 1136.90576171875 152.54885864257812 1224.0 265.8169250488281 1.572261 1.8325115 0.5490294 10.065247 1.3819563 12.235714 1.50860595703125 0.17753031849861145
Cyclist 0.0 0 1.373185157775879 670.8161010742188 158.1367950439453 717.2321166992188 249.75091552734375 0.9785913 1.8076178 0.7607214 1.7648573 1.3680042 14.462478 1.494614839553833 0.10299608111381531
Cyclist 0.0 0 -1.092246174812317 193.78050231933594 151.7950439453125 264.5096130371094 247.1844024658203 1.6094543 1.7912651 0.5690344 -7.489057 1.2538666 14.079927 -1.5810837745666504 0.10281743109226227
Car 0.0 0 -1.550110101699829 785.3875732421875 142.22503662109375 814.0718994140625 174.22715759277344 4.3951044 2.0106742 1.776721 13.178825 -0.44291463 47.704468 -1.2805731296539307 0.12490518391132355
Car 0.0 0 -2.175553560256958 596.4921875 130.76657104492188 699.3681030273438 194.60572814941406 5.054609 2.5236702 1.8861634 1.7161024 0.5591222 30.59406 -2.1195197105407715 0.1076061874628067
