Pedestrian 0.0 0 1.7118339538574219 478.19586181640625 186.31288146972656 491.9545593261719 217.28643798828125 1.2292985 1.7144141 0.60705715 -7.1453567 2.493116 41.100914 1.5397052764892578 0.12617427110671997
Cyclist 0.0 0 1.7124886512756348 478.15655517578125 186.67160034179688 491.7744140625 217.80104064941406 1.2703869 1.7204969 0.5923159 -7.149871 2.5201516 41.09161 1.540215015411377 0.5904566645622253
Car 0.0 0 -1.9916149377822876 814.3359375 186.36146545410156 1197.82177734375 375.0 3.5504563 1.4966618 1.6355585 3.1232698 1.6551565 6.654916 -1.5528130531311035 0.9382870197296143
Car 0.0 0 -1.8986866474151611 649.6820678710938 185.8151092529297 717.409423828125 227.4061737060547 3.4711468 1.4453232 1.578202 2.751626 1.9842021 28.106565 -1.8010978698730469 0.9202097058296204
Car 0.0 0 -3.245448350906372 799.8215942382812 185.3190460205078 947.1133422851562 242.89208984375 3.7276192 1.4767588 1.6048952 7.224578 1.8481477 20.253819 -2.902815341949463 0.9182287454605103
Car 0.0 0 2.101793050765991 0.0 212.64901733398438 356.0043640136719 375.0 3.7622628 1.3858526 1.5800617 -3.6972988 1.8343105 6.237591 1.566725492477417 0.8915140628814697
Car 0.0 0 -1.8985378742218018 587.3806762695312 187.20713806152344 632.473388671875 214.83201599121094 3.6281252 1.4859728 1.5863765 -0.08362764 2.3776915 42.833138 -1.9004902839660645 0.7350841760635376
Car 0.0 0 -3.630345344543457 973.1207885742188 181.0765380859375 1137.9241943359375 241.32467651367188 3.4537191 1.5284452 1.5425676 11.840138 1.7599807 19.411678 -3.0826423168182373 0.6385529637336731
Car 0.0 0 2.3458433151245117 549.4537353515625 184.1934814453125 594.265380859375 204.6984405517578 3.5218663 1.534166 1.5750932 -3.0583308 2.4728434 57.86124 2.2930362224578857 0.5986585021018982
Car 0.0 0 2.7812156677246094 314.303955078125 163.39291381835938 413.22467041015625 204.0115509033203 3.7620118 1.67748 1.6585238 -10.798155 1.2871113 31.631807 2.452249526977539 0.435028612613678
Car 0.0 0 -2.6817383766174316 0.0 0.0 1242.0 375.0 3.8218067 1.463497 1.5897306 3.3875408 1.6875912 1.6172948 -1.5563666820526123 0.4032805860042572
