Pedestrian 0.0 0 0.517763614654541 86.28447723388672 197.15618896484375 152.97494506835938 289.3413391113281 0.9341722 1.8015128 0.62065524 -9.978066 2.3063326 14.627805 -0.0808681920170784 0.1761966496706009
Pedestrian 0.0 0 1.5319020748138428 1130.794189453125 114.97288513183594 1185.87353515625 250.6490478515625 0.6552856 1.8678755 0.6024395 7.8137336 1.0713747 10.371696 2.1775569915771484 0.17466707527637482
Pedestrian 0.0 0 2.497206687927246 944.9002075195312 158.07313537597656 964.7677001953125 189.7662353515625 0.95278925 1.947883 0.5814364 21.339857 1.0397977 44.722775 2.9424147605895996 0.14827774465084076
Pedestrian 0.0 0 -0.037617459893226624 741.814697265625 148.01849365234375 771.5394287109375 206.3327178955078 0.9148122 1.8494434 0.6162826 4.675183 1.0621401 23.258299 0.1607503890991211 0.14199493825435638
Pedestrian 0.0 0 0.24727314710617065 0.0 184.9381866455078 143.3466033935547 309.1625671386719 1.5161201 1.563856 0.68784696 -7.360368 1.7387599 9.809304 -0.39644908905029297 0.14121082425117493
Pedestrian 0.0 0 2.299428701400757 802.117919921875 164.9143829345703 825.653076171875 204.26097106933594 0.9123683 1.8119255 0.6050987 9.490997 1.4466608 33.724747 2.573758602142334 0.12888240814208984
Pedestrian 0.0 0 1.276273250579834 296.92010498046875 179.8191375732422 316.63568115234375 215.99961853027344 0.97241193 1.8032693 0.67223954 -15.495123 2.1643312 36.77482 0.8774969577789307 0.12819239497184753
Cyclist 0.0 0 1.2681903839111328 741.708984375 147.81027221679688 772.4441528320312 207.66334533691406 1.5215288 1.8652879 0.5382185 4.6823344 1.0851722 23.268179 1.4667716026306152 0.24355491995811462
Cyclist 0.0 0 0.1439090371131897 0.0 184.27182006835938 142.99819946289062 311.38494873046875 1.5633556 1.5973339 0.6608122 -7.3871765 1.7640915 9.848188 -0.49965935945510864 0.17023113369941711
Cyclist 0.0 0 0.517763614654541 86.28447723388672 197.15618896484375 152.97494506835938 289.3413391113281 0.9341722 1.8015128 0.62065524 -9.978066 2.3063326 14.627805 -0.0808681920170784 0.1044808030128479
Car 0.0 0 1.703890085220337 519.69580078125 182.2169189453125 561.4927368164062 213.3863067626953 3.9944413 1.5113845 1.689872 -3.6572783 2.034175 38.230003 1.6085151433944702 0.8934231400489807
Car 0.0 0 -1.4018597602844238 656.3499755859375 177.8957977294922 686.7207641601562 199.45083618164062 3.6601646 1.4853262 1.6159458 4.492764 1.8671533 52.61544 -1.3166776895523071 0.5474278330802917
Car 0.0 0 -0.318309485912323 699.8015747070312 160.14601135253906 824.0957641601562 207.49957275390625 3.8258133 1.5438478 1.5996398 5.0727506 1.1298926 24.534225 -0.1144203469157219 0.20814216136932373
Car 0.0 0 -3.082373857498169 759.59619140625 166.9370574951172 831.8926391601562 197.83360290527344 3.5631049 1.5550543 1.6143141 9.661059 1.2576067 37.62594 -2.8310375213623047 0.19882985949516296
Car 0.0 0 -1.3813025951385498 467.3457336425781 186.18820190429688 510.7912292480469 216.69834899902344 3.6905072 1.4286474 1.546944 -6.229987 2.1523447 37.27527 -1.5469064712524414 0.13210876286029816
Car 0.0 0 -2.407104253768921 402.76300048828125 179.93136596679688 474.7266540527344 208.60220336914062 3.9025214 1.5383832 1.6395289 -9.821393 1.9589813 41.185314 -2.641200542449951 0.1245545893907547
