Pedestrian 0.0 0 2.9329795837402344 706.7155151367188 130.26016235351562 801.2020263671875 276.3192443847656 1.0466998 1.7581979 0.60687464 1.7889645 1.1551125 8.813986 3.133228063583374 0.85378098487854
Pedestrian 0.0 0 -1.8028901815414429 747.888671875 177.6458740234375 796.3892822265625 266.0269775390625 0.91105187 1.722003 0.7570618 3.3069763 1.6680254 14.227986 -1.5745173692703247 0.2612386643886566
Pedestrian 0.0 0 -1.8083490133285522 751.7636108398438 129.9870147705078 809.590576171875 237.7703399658203 0.99462837 1.8143809 0.76664835 3.0162444 0.96571493 12.394958 -1.5696440935134888 0.16696985065937042
Pedestrian 0.0 0 1.3197475671768188 486.5415344238281 166.6822509765625 542.2357177734375 265.529541015625 0.9363922 1.7605962 0.8192778 -1.7435874 1.516127 13.175748 1.1881788969039917 0.15882597863674164
Pedestrian 0.0 0 -2.0478296279907227 826.3990478515625 176.50709533691406 879.185791015625 247.60867309570312 0.9425793 1.7447194 0.9288217 6.214852 1.6483376 17.87734 -1.7132601737976074 0.15281778573989868
Pedestrian 0.0 0 -2.4739034175872803 663.141357421875 165.7333221435547 726.6506958007812 256.6626892089844 1.0014877 1.7815294 0.8157902 1.7982764 1.4938449 14.490727 -2.350436210632324 0.1471695601940155
Pedestrian 0.0 0 -0.8442900776863098 749.4840087890625 168.63949584960938 805.4191284179688 246.36782836914062 0.9624514 1.8830698 0.9751287 4.3001876 1.5973337 17.799202 -0.6072380542755127 0.14299508929252625
Pedestrian 0.0 0 -3.381073474884033 838.2393798828125 141.88937377929688 891.7337036132812 242.6324920654297 0.75102824 1.7375221 0.6756976 4.564124 1.0732489 12.5662 -3.032682180404663 0.14091672003269196
Pedestrian 0.0 0 -3.4238479137420654 892.2841186523438 150.28610229492188 956.4346313476562 260.8045349121094 0.79732037 1.7711543 0.7266232 5.241255 1.2886046 11.740669 -3.0039761066436768 0.106408029794693
Car 0.0 0 -2.08121395111084 600.7733154296875 133.637939453125 695.612060546875 195.0792694091797 4.9867196 2.4232333 1.8696555 1.7218776 0.5765025 30.531641 -2.0248770713806152 0.11943143606185913
