Car 0.0 0 2.0480518341064453 139.57666015625 194.06153869628906 333.0708312988281 291.1229248046875 3.877373 1.4502836 1.6014689 -6.8257775 1.9070337 13.57725 1.5822175741195679 0.9459845423698425
Car 0.0 0 -1.581019401550293 591.4955444335938 174.26519775390625 643.34326171875 223.22467041015625 3.5926316 1.5828334 1.6838751 0.19071376 1.6360525 25.22641 -1.573459506034851 0.9296980500221252
Car 0.0 0 1.8922536373138428 356.6094665527344 175.2578887939453 422.3751220703125 210.95321655273438 4.478655 1.6630404 1.8295215 -10.9949045 1.7914879 36.18109 1.5972360372543335 0.9209961295127869
Car 0.0 0 -1.2482783794403076 843.564208984375 161.5358123779297 1101.571044921875 315.4412841796875 4.143444 1.4760013 1.5938984 4.5933266 1.3678143 8.934527 -0.7734068632125854 0.9028535485267639
Car 0.0 0 1.805060863494873 403.1045227050781 176.83506774902344 448.3997802734375 205.0997314453125 4.180645 1.5613954 1.6632451 -10.834241 1.8081462 42.551353 1.5557427406311035 0.804241955280304
Car 0.0 0 -1.1799771785736084 730.0635375976562 174.1809844970703 873.72802734375 250.00489807128906 4.0111227 1.4165789 1.588923 4.2161837 1.4494935 15.624819 -0.9164155721664429 0.6232157349586487
Car 0.0 0 1.7234628200531006 483.2214660644531 176.17752075195312 508.0942077636719 192.4461212158203 4.3978343 1.4113563 1.5880636 -10.392914 1.7244722 65.695114 1.5665638446807861 0.6096752882003784
Car 0.0 0 -0.97401362657547 713.9329223632812 176.8358917236328 840.7432861328125 237.41375732421875 3.5615666 1.4393929 1.5444587 4.4502063 1.5552498 19.15067 -0.7456873059272766 0.5561628937721252
Car 0.0 0 -1.0753211975097656 704.9776611328125 171.30516052246094 802.8726196289062 221.6759490966797 3.6336474 1.5141146 1.6049465 4.7219796 1.4679154 23.59664 -0.8778176307678223 0.5178913474082947
Car 0.0 0 1.6991305351257324 71.74800872802734 179.01611328125 118.30353546142578 208.79336547851562 3.8560762 1.4971071 1.57884 -27.95171 1.8500022 39.204166 1.0797474384307861 0.4593093991279602
Car 0.0 0 1.8625556230545044 340.629638671875 177.36924743652344 384.35760498046875 202.55914306640625 3.7021863 1.4517825 1.5306892 -15.116227 1.7401016 44.13461 1.5325753688812256 0.4575653672218323
