Pedestrian 0.0 0 2.272129535675049 1025.469970703125 150.71742248535156 1079.3424072265625 241.50390625 0.7191544 1.7905551 0.6122589 8.915804 1.3543198 14.632173 2.819380283355713 0.13595151901245117
Pedestrian 0.0 0 -0.7600170969963074 1100.449462890625 141.0736846923828 1191.4708251953125 245.7142791748047 0.98151207 1.807326 0.87146026 9.548134 1.2587821 12.952899 -0.12479561567306519 0.12615461647510529
Cyclist 0.0 0 -1.8552088737487793 780.5089721679688 158.83868408203125 821.1826171875 227.71510314941406 2.0477605 1.8612243 0.5592794 5.3541007 1.4828514 20.526756 -1.600058674812317 0.9343270659446716
Car 0.0 0 -1.6316715478897095 581.9786376953125 177.37266540527344 645.166748046875 232.72598266601562 3.4233897 1.5904005 1.7708591 -0.0055751055 1.7444663 22.778679 -1.6319162845611572 0.9299075603485107
Car 0.0 0 -1.547500729560852 585.1615600585938 171.737548828125 607.3580322265625 192.6975555419922 3.6467836 1.5346141 1.5986537 -1.0392686 1.4532293 54.652367 -1.5665143728256226 0.28070828318595886
Car 0.0 0 1.9076119661331177 363.2317199707031 155.29806518554688 501.458251953125 244.51727294921875 4.6243434 1.9368365 1.9101944 -4.2852907 1.556077 18.059645 1.6746352910995483 0.18221180140972137
Car 0.0 0 1.6135460138320923 521.014892578125 176.8857879638672 544.3441772460938 197.17160034179688 4.0179596 1.4563655 1.5894554 -5.852084 1.7737119 54.67083 1.5069098472595215 0.17706039547920227
Car 0.0 0 -1.4817540645599365 500.4081115722656 177.07989501953125 544.9873046875 213.9114532470703 4.123665 1.5500566 1.659378 -3.9597604 1.7555032 32.9282 -1.6014337539672852 0.1622813194990158
Car 0.0 0 2.0088577270507812 247.34548950195312 185.0076446533203 298.6249084472656 209.373291015625 4.045799 1.5418202 1.6392256 -23.172232 2.413455 49.69889 1.5725706815719604 0.11442635208368301
Car 0.0 0 1.8276067972183228 480.3243103027344 180.7957763671875 515.7464599609375 201.11419677734375 3.8551502 1.4354389 1.7247981 -8.446297 2.0582833 54.54628 1.673980474472046 0.10896314680576324
