Car 0.0 0 -1.7270499467849731 728.2848510742188 188.38858032226562 818.0006103515625 253.9754638671875 4.1051135 1.4073349 1.5954449 4.0198755 1.8525851 18.566593 -1.5138298273086548 0.9588847756385803
Car 0.0 0 1.2921099662780762 778.88134765625 191.47486877441406 951.0211181640625 298.4705505371094 4.2463603 1.4272636 1.6309403 4.11754 1.8064979 12.524979 1.6097264289855957 0.9420313239097595
Car 0.0 0 1.6427814960479736 556.9193725585938 177.19700622558594 594.6436157226562 208.53111267089844 3.8161814 1.4739045 1.6319659 -1.7146338 1.7049745 36.39942 1.5957101583480835 0.8829273581504822
Car 0.0 0 -1.7277551889419556 716.8822631835938 181.4693145751953 780.2183227539062 231.86483764648438 3.3203902 1.4968281 1.5248868 4.4291167 1.8000754 23.683596 -1.5428787469863892 0.8726171255111694
Car 0.0 0 -2.055180072784424 906.0960083007812 180.605224609375 1242.0 375.0 3.4520056 1.4120148 1.53663 3.696766 1.4941856 5.8306623 -1.490119457244873 0.8662117123603821
Car 0.0 0 1.7279781103134155 427.950439453125 161.3503875732422 546.0626831054688 268.06976318359375 4.3308535 1.8709519 1.7036501 -2.399197 1.6696339 14.815182 1.5674301385879517 0.750776469707489
Car 0.0 0 -1.7244068384170532 697.5640258789062 181.28875732421875 746.0440063476562 218.96542358398438 3.3583362 1.4687576 1.5217264 4.63816 1.8460422 30.559395 -1.573781132698059 0.7375151515007019
Car 0.0 0 2.266028881072998 0.0 206.76760864257812 318.0681457519531 375.0 3.525703 1.4611847 1.4885492 -2.9290602 1.7090936 3.5000622 1.5692132711410522 0.681020200252533
Car 0.0 0 -1.6998333930969238 683.1605224609375 179.94444274902344 725.132568359375 213.60813903808594 3.4667187 1.5184215 1.5763525 4.4793997 1.8798739 35.00818 -1.5725719928741455 0.6508220434188843
Car 0.0 0 1.7250779867172241 486.3918151855469 177.57083129882812 562.6262817382812 240.76318359375 3.701875 1.5909255 1.5767045 -2.3596628 1.7364497 20.323347 1.6094895601272583 0.5770332217216492
