Pedestrian 0.0 0 -1.402835488319397 406.2373352050781 159.49746704101562 431.10308837890625 213.70765686035156 0.8328458 1.8854244 0.72329646 -6.809775 1.4212439 25.54034 -1.6634019613265991 0.22663186490535736
Pedestrian 0.0 0 -2.6617660522460938 1032.73486328125 156.92539978027344 1144.161865234375 320.89080810546875 1.0039958 2.0153499 0.7156459 6.2127686 1.8199242 9.478748 -2.0815746784210205 0.18210874497890472
Pedestrian 0.0 0 0.05111128091812134 304.5782165527344 192.6470184326172 349.8050842285156 280.6539001464844 0.7860605 1.6276741 0.5539224 -5.490147 2.0201716 13.904431 -0.32494646310806274 0.16863718628883362
Pedestrian 0.0 0 -1.2381677627563477 256.3021240234375 167.21766662597656 303.46820068359375 234.97219848632812 0.9992155 1.8825736 0.95128816 -9.450528 1.7263252 20.588947 -1.6684889793395996 0.15993261337280273
Pedestrian 0.0 0 1.3781254291534424 898.4883422851562 143.49925231933594 935.5990600585938 226.77130126953125 0.90702707 1.832711 0.61008346 6.910275 1.1870087 16.383791 1.7772613763809204 0.15445545315742493
Cyclist 0.0 0 -2.324869155883789 1019.0389404296875 156.2556610107422 1158.786376953125 323.65155029296875 1.579896 2.0204268 0.6184446 6.2085757 1.8204466 9.5380945 -1.7478446960449219 0.38721898198127747
Cyclist 0.0 0 -1.6160497665405273 1042.487060546875 141.6750946044922 1078.61767578125 212.2294158935547 1.920701 1.7460972 0.7090037 11.708157 0.9748316 18.865232 -1.060605764389038 0.19470307230949402
Cyclist 0.0 0 -2.3392574787139893 1046.5250244140625 176.1109161376953 1157.3773193359375 311.7030029296875 1.5562543 2.0479977 0.56334394 7.9054556 2.105087 11.750072 -1.7470202445983887 0.18070685863494873
Car 0.0 0 1.728232502937317 634.4928588867188 176.70762634277344 660.1337890625 194.08290100097656 4.0300546 1.4723979 1.670137 3.3333921 1.8273035 64.23689 1.7800781726837158 0.4138088822364807
Car 0.0 0 -0.19096970558166504 747.749755859375 168.515625 800.8348999023438 185.3041229248047 4.462119 1.5022618 1.6503649 14.852426 1.1144139 65.45811 0.03215217590332031 0.22875405848026276
Car 0.0 0 1.7829687595367432 811.1707153320312 181.399169921875 866.7147827148438 216.75491333007812 3.826358 1.4562325 1.6371273 10.411072 1.8693442 32.782257 2.090477228164673 0.2235383242368698
