Pedestrian 0.0 0 -2.2976088523864746 1006.2908325195312 131.05006408691406 1150.880126953125 313.3323059082031 0.87252295 1.709862 0.85705173 4.627675 1.3180865 7.264313 -1.7303967475891113 0.4634004831314087
Pedestrian 0.0 0 -3.1777243614196777 675.3265991210938 162.98861694335938 691.9058227539062 193.92286682128906 0.9773612 1.8585145 0.5704672 4.4182787 1.266165 43.663136 -3.0768775939941406 0.39439743757247925
Pedestrian 0.0 0 1.12544846534729 798.4022827148438 124.22883605957031 872.499267578125 268.7550048828125 0.8957527 1.7615216 0.5753687 2.8249223 1.1692237 9.277327 1.4210262298583984 0.36461612582206726
Pedestrian 0.0 0 1.8406360149383545 379.6980895996094 174.49058532714844 406.7161560058594 216.67051696777344 2.0095818 1.8296847 0.6516804 -9.752818 1.9058037 32.386627 1.5481362342834473 0.12786056101322174
Cyclist 0.0 0 1.837342619895935 380.4623718261719 174.26173400878906 406.9725036621094 215.5150604248047 1.971955 1.7958971 0.64860153 -9.755517 1.8615487 32.469933 1.5454751253128052 0.7194992899894714
Car 0.0 0 2.3259880542755127 82.27588653564453 185.090087890625 354.8316650390625 303.44537353515625 3.7717197 1.459031 1.5871968 -5.9058013 1.6862189 11.342432 1.8459320068359375 0.9366953372955322
Car 0.0 0 1.8007382154464722 418.6912536621094 178.49282836914062 469.29248046875 209.38232421875 3.8997068 1.5035399 1.7392101 -8.662595 1.8144796 37.7851 1.5753731727600098 0.9152970910072327
Car 0.0 0 1.8568165302276611 338.7346496582031 181.9824981689453 397.7550354003906 217.6678466796875 4.079382 1.6019822 1.6701196 -11.8540535 2.0778644 35.515247 1.5346697568893433 0.7583402395248413
Car 0.0 0 1.4838792085647583 506.0577697753906 169.68167114257812 537.6650390625 196.1468963623047 4.1713734 1.6768044 1.7205467 -5.9267607 1.4761673 47.93218 1.3608547449111938 0.6942370533943176
Car 0.0 0 1.9670284986495972 260.4259033203125 186.65713500976562 344.6037902832031 228.96319580078125 3.935185 1.4420056 1.5891925 -11.796641 2.012866 27.848269 1.5663408041000366 0.6463944911956787
Car 0.0 0 3.2915055751800537 297.3890686035156 177.98451232910156 358.28533935546875 196.3221893310547 4.4747868 1.4588166 1.660376 -23.210287 1.8910416 59.430275 2.919175148010254 0.4772089421749115
Car 0.0 0 0.06161642074584961 943.2806396484375 156.11805725097656 1179.5726318359375 244.1907958984375 4.2933865 1.7351248 1.6361306 9.882391 1.4057672 16.114815 0.6117208003997803 0.4136585295200348
