Pedestrian 0.0 0 -1.9045610427856445 860.9315795898438 150.1717987060547 908.8367309570312 240.52035522460938 0.81358355 1.6710674 0.61451226 5.3539395 1.0928915 13.701936 -1.5320600271224976 0.8384987115859985
Pedestrian 0.0 0 2.451399803161621 485.2552795410156 165.9015655517578 511.3402099609375 211.2906951904297 0.74269336 1.8204684 0.7569018 -4.2293105 1.1958463 29.337727 2.3082268238067627 0.5506492853164673
Pedestrian 0.0 0 -1.4746172428131104 188.1509552001953 156.89324951171875 262.2093200683594 299.8912658691406 0.85021013 1.800376 0.8003899 -5.040253 1.4919075 9.586266 -1.958674430847168 0.5156241059303284
Pedestrian 0.0 0 -0.46723252534866333 219.77249145507812 160.21133422851562 328.21282958984375 330.4508361816406 0.8093156 1.645299 0.67155087 -3.444977 1.4409239 7.4655185 -0.8995688557624817 0.4948008358478546
Pedestrian 0.0 0 -1.3508992195129395 950.3818969726562 128.12464904785156 1136.1103515625 374.0 0.7454881 1.6471277 0.7682802 2.4804194 1.3822114 4.116769 -0.8086317777633667 0.4511701166629791
Pedestrian 0.0 0 -1.7798172235488892 802.2925415039062 154.1139678955078 869.3944091796875 293.5760803222656 0.9788319 1.4950491 0.5298076 2.6085496 1.2028267 8.211125 -1.4722158908843994 0.3493676483631134
Pedestrian 0.0 0 -1.285233974456787 338.1813049316406 203.24508666992188 424.392822265625 339.208251953125 0.8161583 1.5418046 0.80246645 -2.6860723 1.8187795 8.689234 -1.5850425958633423 0.3238801956176758
Pedestrian 0.0 0 1.8359017372131348 477.51849365234375 171.42648315429688 498.8045349121094 215.65672302246094 0.9253893 1.8175249 0.6606016 -4.7426233 1.4045689 30.01117 1.6791692972183228 0.24387513101100922
Pedestrian 0.0 0 1.6263020038604736 565.8516845703125 167.4793243408203 578.4410400390625 197.7566680908203 0.82907116 1.8111045 0.71595883 -1.7620878 0.97318757 43.38597 1.585710048675537 0.2401694506406784
Pedestrian 0.0 0 -2.88433837890625 533.7896728515625 175.9601287841797 557.3482666015625 219.39637756347656 0.7828094 1.7333206 0.7704937 -2.2765415 1.5132549 29.111343 -2.9623806476593018 0.224981427192688
Cyclist 0.0 0 -1.7575948238372803 804.5657958984375 151.54135131835938 874.0087890625 296.2232666015625 1.1639402 1.5301726 0.5359688 2.6404438 1.214687 8.205326 -1.4462631940841675 0.3628593385219574
Cyclist 0.0 0 1.8359017372131348 477.51849365234375 171.42648315429688 498.8045349121094 215.65672302246094 0.9253893 1.8175249 0.6606016 -4.7426233 1.4045689 30.01117 1.6791692972183228 0.12679140269756317
Car 0.0 0 -1.706344723701477 670.6138305664062 159.88157653808594 730.759521484375 213.59288024902344 3.86919 1.8173543 1.649429 3.5233006 1.0869585 26.238989 -1.5728658437728882 0.5365148186683655
Car 0.0 0 -1.6721141338348389 652.1744384765625 175.0456085205078 687.3582763671875 204.89170837402344 3.292736 1.518807 1.5294251 3.5900881 1.1912249 38.204124 -1.5784180164337158 0.41530945897102356
Car 0.0 0 -1.3013044595718384 558.3410034179688 166.25515747070312 593.5164794921875 188.4223175048828 3.734725 1.5635748 1.6441405 -1.8136765 0.488898 52.67305 -1.335723638534546 0.27078697085380554
Car 0.0 0 -1.7786784172058105 608.2528076171875 169.2036895751953 637.7227172851562 188.74839782714844 3.7191143 1.5380015 1.6618623 1.7462382 0.5709155 58.501545 -1.7488378286361694 0.25883689522743225
