Pedestrian 0.0 0 2.2775750160217285 254.64877319335938 188.08473205566406 417.0793762207031 366.21624755859375 0.95478994 1.4478424 0.99995315 -2.423604 1.5145149 6.501593 1.920760154724121 0.8150998950004578
Pedestrian 0.0 0 1.972556471824646 530.4158935546875 175.2197265625 561.0202026367188 234.4541778564453 0.7721372 1.7159132 0.65537643 -1.6736902 1.5351217 21.2764 1.8940539360046387 0.7094434499740601
Pedestrian 0.0 0 -1.5407081842422485 574.7284545898438 174.87060546875 609.638427734375 243.97930908203125 0.9416858 1.7493427 0.88128823 -0.26166716 1.5827143 18.6584 -1.5547313690185547 0.6410795450210571
Pedestrian 0.0 0 -1.8939753770828247 777.3077392578125 171.62112426757812 832.0394897460938 266.79351806640625 0.9647307 1.8564254 0.7952261 4.0501747 1.6649802 14.511182 -1.6217948198318481 0.6322704553604126
Pedestrian 0.0 0 1.631809949874878 554.8577270507812 176.7167205810547 578.8955688476562 231.67918395996094 0.8818391 1.8258812 0.7620233 -1.1865549 1.6680628 24.306396 1.5830321311950684 0.6055352091789246
Pedestrian 0.0 0 -0.6996356248855591 901.5541381835938 169.7057647705078 977.984619140625 287.3340759277344 0.7883734 1.6386007 0.6185585 4.8471036 1.4756227 10.40536 -0.2636977732181549 0.5798823237419128
Pedestrian 0.0 0 1.5862107276916504 694.572265625 169.34461975097656 717.8152465820312 223.0111541748047 0.8987379 1.7022594 0.7312995 3.375194 1.3178031 23.2841 1.7301651239395142 0.49247583746910095
Pedestrian 0.0 0 -1.239506483078003 272.0387878417969 184.78440856933594 341.1434326171875 322.10394287109375 0.81440336 1.55941 0.5322386 -3.556934 1.6020012 8.5976515 -1.6317756175994873 0.47247135639190674
Pedestrian 0.0 0 -1.634922742843628 484.2179260253906 193.30528259277344 517.4422607421875 269.14959716796875 0.81559783 1.6412307 0.6863257 -2.3070612 1.915724 16.157093 -1.7767534255981445 0.46917468309402466
Pedestrian 0.0 0 1.6432307958602905 440.80499267578125 174.61508178710938 500.52777099609375 285.1736145019531 1.2437301 1.7530867 0.9019391 -2.2094824 1.6452109 12.054934 1.4619582891464233 0.4491395354270935
Pedestrian 0.0 0 1.4726696014404297 599.567626953125 176.0781707763672 615.4778442382812 219.7025604248047 0.7215422 1.7816267 0.5890263 0.23171924 1.5611894 29.720156 1.4804661273956299 0.37043455243110657
Pedestrian 0.0 0 -3.290764331817627 789.9425048828125 145.9114532470703 833.7191772460938 221.2459259033203 0.95278984 1.8257426 0.6472244 5.1659155 0.96444273 17.790459 -3.0081605911254883 0.27258312702178955
Pedestrian 0.0 0 2.83851957321167 770.1065673828125 189.75143432617188 800.212158203125 249.01559448242188 0.679933 1.6379032 0.57524586 5.1416397 1.87509 20.240889 3.087280511856079 0.26231077313423157
Pedestrian 0.0 0 1.4181023836135864 623.0288696289062 177.40426635742188 639.194091796875 218.965576171875 0.7086033 1.7002782 0.5668619 1.2098981 1.5337114 29.768322 1.458723783493042 0.25644516944885254
Pedestrian 0.0 0 2.5731513500213623 514.2764892578125 192.13101196289062 547.6553955078125 248.5484161376953 0.8127161 1.6757817 0.6190044 -2.1874628 2.0100608 22.015102 2.474114418029785 0.2513951361179352
Pedestrian 0.0 0 2.068939208984375 543.1007690429688 176.722900390625 565.9141845703125 208.0372314453125 1.6134423 1.7080833 0.5684663 -2.6070993 1.4483337 40.031483 2.0039048194885254 0.17329052090644836
Cyclist 0.0 0 1.6432307958602905 440.80499267578125 174.61508178710938 500.52777099609375 285.1736145019531 1.2437301 1.7530867 0.9019391 -2.2094824 1.6452109 12.054934 1.4619582891464233 0.5059579014778137
Cyclist 0.0 0 2.068939208984375 543.1007690429688 176.722900390625 565.9141845703125 208.0372314453125 1.6134423 1.7080833 0.5684663 -2.6070993 1.4483337 40.031483 2.0039048194885254 0.2897622883319855
Cyclist 0.0 0 -1.239506483078003 272.0387878417969 184.78440856933594 341.1434326171875 322.10394287109375 0.81440336 1.55941 0.5322386 -3.556934 1.6020012 8.5976515 -1.6317756175994873 0.2132941037416458
