Pedestrian 0.0 0 2.4315197467803955 458.4351501464844 173.43174743652344 484.04052734375 224.94985961914062 0.54585636 1.7606709 0.70644414 -4.8720827 1.7814757 25.099245 2.2397913932800293 0.5778692960739136
Pedestrian 0.0 0 -1.5654710531234741 908.078369140625 160.6676483154297 936.51416015625 228.22128295898438 0.9389993 1.7378001 0.676066 8.229061 1.4246676 19.124168 -1.1591228246688843 0.3909418284893036
Pedestrian 0.0 0 -2.9920003414154053 786.182861328125 169.46910095214844 803.1749877929688 206.82662963867188 0.68452275 1.7162858 0.5999788 8.5516815 1.5611345 33.555695 -2.742461919784546 0.3275010585784912
Cyclist 0.0 0 -1.5654710531234741 908.078369140625 160.6676483154297 936.51416015625 228.22128295898438 0.9389993 1.7378001 0.676066 8.229061 1.4246676 19.124168 -1.1591228246688843 0.14739105105400085
Car 0.0 0 -1.9182566404342651 789.2377319335938 182.54701232910156 1034.8388671875 322.9526062011719 4.2485394 1.4240597 1.5802102 3.6628695 1.5840136 9.743718 -1.5586786270141602 0.9701512455940247
Car 0.0 0 2.8253698348999023 743.1732788085938 169.00949096679688 819.8380126953125 196.11256408691406 4.067497 1.5563468 1.671192 10.018006 1.3359402 42.434322 3.0572075843811035 0.8387724757194519
Car 0.0 0 0.9884393811225891 230.512939453125 181.72422790527344 297.8778076171875 209.31825256347656 3.8535159 1.4764613 1.6312151 -19.882381 2.0063717 41.382183 0.5405476093292236 0.6469767093658447
Car 0.0 0 3.122750759124756 414.15570068359375 180.67343139648438 480.3049011230469 207.72689819335938 3.5225577 1.4350398 1.5573434 -9.085312 1.8830688 40.128777 2.9001004695892334 0.5318166017532349
Car 0.0 0 2.6334149837493896 519.9496459960938 174.72145080566406 607.7011108398438 205.0874481201172 4.157788 1.4463066 1.6138138 -2.3393252 1.5455238 36.389706 2.5692179203033447 0.48546308279037476
Car 0.0 0 -3.3608522415161133 926.8385620117188 166.39129638671875 1021.3101196289062 194.23728942871094 4.566143 1.5400494 1.6772867 20.70187 1.1829813 41.271313 -2.8959219455718994 0.46579012274742126
Car 0.0 0 2.3849430084228516 0.0 183.77035522460938 89.56631469726562 219.404052734375 4.3845873 1.7997433 1.688794 -31.617243 2.4420607 40.136566 1.7177214622497559 0.40114739537239075
