Pedestrian 0.0 0 -1.6869984865188599 760.060791015625 171.18846130371094 774.6393432617188 205.4384307861328 0.7161944 1.7815996 0.66897815 8.229169 1.6953204 37.918842 -1.4732918739318848 0.30282601714134216
Pedestrian 0.0 0 0.13995860517024994 692.8609008789062 168.8907470703125 709.5343017578125 195.47787475585938 1.0639935 1.805212 0.56957656 6.2163796 1.5364722 49.402424 0.26513218879699707 0.29672160744667053
Pedestrian 0.0 0 2.382516860961914 1163.6256103515625 134.9370574951172 1234.1387939453125 249.44430541992188 0.65823245 1.7219698 0.53177786 9.028175 1.1521294 11.138508 3.063650131225586 0.2528035640716553
Pedestrian 0.0 0 2.6001291275024414 944.7265014648438 132.70530700683594 1000.6326904296875 206.89694213867188 1.0958346 1.835301 0.6224566 9.090107 0.8424887 18.199253 3.0633583068847656 0.18660634756088257
Pedestrian 0.0 0 -3.5673224925994873 1186.0966796875 174.62892150878906 1228.10205078125 223.24732971191406 1.0208868 1.8949628 0.8647708 23.703394 1.967309 28.711048 -2.8771748542785645 0.13589049875736237
Cyclist 0.0 0 -1.8380241394042969 694.5381469726562 169.22666931152344 707.1109008789062 195.35159301757812 1.2835313 1.7661177 0.53346527 6.189879 1.5212579 49.448402 -1.7134933471679688 0.3543463349342346
Cyclist 0.0 0 1.1462327241897583 850.0194702148438 128.24026489257812 885.5689697265625 183.00811767578125 1.5843176 1.8880856 0.5879945 9.11509 0.35041437 25.685726 1.4872393608093262 0.17868536710739136
Cyclist 0.0 0 2.28387188911438 1140.758056640625 171.9862060546875 1188.617919921875 223.77268981933594 1.6356926 2.0487893 0.60291004 22.25216 2.0148153 29.003265 2.9383089542388916 0.13254626095294952
Car 0.0 0 2.1126365661621094 133.107177734375 190.7349395751953 233.6024932861328 235.9890594482422 3.5389943 1.5296603 1.7249215 -16.22379 2.257365 27.569395 1.5807373523712158 0.9022793769836426
Car 0.0 0 1.883750081062317 377.0753173828125 183.4819793701172 414.7640686035156 204.832275390625 3.7975135 1.5068729 1.6541518 -16.222921 2.3420007 54.751366 1.5956896543502808 0.7602187991142273
