Pedestrian 0.0 0 -0.8445298671722412 1142.0740966796875 144.2158660888672 1234.507568359375 259.96124267578125 0.9509532 1.7567128 0.6758812 9.040174 1.3224185 11.362845 -0.17248332500457764 0.6886106133460999
Pedestrian 0.0 0 1.162469506263733 786.5972290039062 175.39830017089844 812.1104736328125 231.81202697753906 0.6656027 1.6903933 0.53141916 5.7280874 1.7697132 22.020489 1.4169549942016602 0.6053781509399414
Pedestrian 0.0 0 2.656189203262329 871.8587646484375 160.1223907470703 907.4451293945312 217.57470703125 0.8672342 1.7906382 0.60604817 8.800305 1.3941853 22.837502 3.0239980220794678 0.4043510854244232
Pedestrian 0.0 0 -0.5080345273017883 1117.5201416015625 186.0265655517578 1138.2806396484375 212.1395721435547 1.019189 1.8766582 0.69935507 37.770935 2.8459563 52.66633 0.11412501335144043 0.13169685006141663
Cyclist 0.0 0 -1.609457015991211 677.7838134765625 172.1378631591797 688.8353881835938 200.67832946777344 2.0301805 1.9281313 0.6778535 5.020338 1.880108 49.77686 -1.5089401006698608 0.5966928005218506
Cyclist 0.0 0 -0.32152259349823 1193.91162109375 189.28375244140625 1223.011962890625 219.2885284423828 1.263476 1.8459433 0.6772559 37.721268 2.8954494 45.527905 0.3703746795654297 0.16208820044994354
Cyclist 0.0 0 -0.5039673447608948 869.9164428710938 160.24041748046875 907.13037109375 217.39254760742188 0.9411376 1.7816168 0.5682992 8.764526 1.3887687 22.835882 -0.1374996155500412 0.15230175852775574
Cyclist 0.0 0 2.325387477874756 1142.6424560546875 145.8560028076172 1236.857666015625 261.42718505859375 0.9988984 1.7586881 0.65089184 9.068965 1.3482078 11.370423 2.9986586570739746 0.10647151619195938
Car 0.0 0 2.198906898498535 0.0 185.84288024902344 143.50038146972656 255.2630615234375 3.930334 1.5508869 1.7272981 -14.33404 1.9262135 18.84306 1.5485886335372925 0.8973938226699829
Car 0.0 0 -3.429781675338745 1194.46240234375 189.5039825439453 1242.0 216.20631408691406 3.8050985 1.5501294 1.68262 39.366848 2.6334145 45.373672 -2.7151501178741455 0.22439119219779968
Car 0.0 0 -3.6148276329040527 1110.569580078125 189.74632263183594 1181.3675537109375 211.4144287109375 3.7940178 1.5009605 1.7443078 39.268456 2.769055 52.976044 -2.9769506454467773 0.18701061606407166
