Pedestrian 0.0 0 1.1263737678527832 700.4140625 170.53321838378906 751.4737548828125 267.0379638671875 0.7288735 1.7370435 0.6905415 2.098385 1.6956283 13.432446 1.2813389301300049 0.7195059657096863
Pedestrian 0.0 0 0.36521345376968384 321.05059814453125 169.0792236328125 414.82513427734375 309.4317932128906 0.941494 1.7059463 0.69303614 -3.097333 1.6604228 9.13159 0.03820228576660156 0.6946606636047363
Pedestrian 0.0 0 0.050875745713710785 538.010986328125 173.82196044921875 555.597412109375 212.96310424804688 0.74016136 1.7086362 0.7117036 -2.8285356 1.7522644 31.882477 -0.03761015087366104 0.4409814774990082
Pedestrian 0.0 0 -0.203059583902359 617.5453491210938 188.8616943359375 639.9764404296875 229.4853515625 0.8374425 1.6832625 0.6428085 0.7506068 2.371071 30.593071 -0.17852932214736938 0.3884306848049164
Pedestrian 0.0 0 1.273919701576233 999.280517578125 149.33641052246094 1049.6455078125 237.463134765625 0.83025515 1.7752477 0.6938925 8.557952 1.301861 15.013235 1.7920087575912476 0.32055923342704773
Pedestrian 0.0 0 2.6722917556762695 950.7552490234375 140.93667602539062 1005.9137573242188 225.4286651611328 0.8936182 1.8458251 0.65837204 8.152214 1.1489123 16.08941 3.141270637512207 0.258493036031723
Pedestrian 0.0 0 -0.14222626388072968 719.1190795898438 155.64300537109375 735.9139404296875 193.8955535888672 0.7246791 1.8141361 0.5229458 5.5749874 0.9982586 34.484325 0.01805424690246582 0.21218499541282654
Pedestrian 0.0 0 0.7496030926704407 580.8840942382812 173.6785125732422 596.165771484375 200.54039001464844 0.81745833 1.7618572 0.6084952 -1.4553249 1.8174667 47.85128 0.7191989421844482 0.20551078021526337
Pedestrian 0.0 0 -2.7687268257141113 396.6357421875 186.00164794921875 441.4648742675781 257.5491943359375 0.8933875 1.7623785 0.74416226 -4.894138 2.1047003 18.344358 -3.029446601867676 0.19408898055553436
Pedestrian 0.0 0 0.7544452548027039 603.3703002929688 179.1033172607422 614.5277099609375 199.74545288085938 0.75680435 1.7973245 0.6309351 -0.11387169 2.3528485 63.607025 0.752655029296875 0.18499556183815002
Cyclist 0.0 0 1.680509090423584 499.7419128417969 168.31922912597656 520.9918823242188 215.17478942871094 1.9556098 1.8102994 0.63474286 -4.0133057 1.6354532 28.860836 1.5423380136489868 0.8779275417327881
Cyclist 0.0 0 1.7947582006454468 464.99420166015625 173.0902862548828 498.760498046875 234.56268310546875 1.8283501 1.7215203 0.5857352 -3.7797964 1.7291048 21.137802 1.6178114414215088 0.8203429579734802
Cyclist 0.0 0 1.129541277885437 700.5162353515625 170.62191772460938 753.9818115234375 266.4784240722656 0.8325298 1.7184134 0.690537 2.1197374 1.6787567 13.428694 1.2861008644104004 0.11820821464061737
Car 0.0 0 0.7852975130081177 1134.755859375 158.02073669433594 1242.0 208.2239990234375 3.7549717 1.506196 1.5622337 19.377924 1.061527 23.589584 1.4729881286621094 0.30524134635925293
Car 0.0 0 2.8829567432403564 731.4137573242188 174.75579833984375 859.287353515625 220.3694610595703 4.186281 1.5901669 1.6702248 6.5848145 1.6615404 26.081635 3.130258083343506 0.19477780163288116
