Pedestrian 0.0 0 -1.0770516395568848 930.9024658203125 154.3941192626953 998.7478637695312 272.8783874511719 0.6878969 1.7370297 0.6842369 5.5214467 1.3409564 11.00611 -0.6120681166648865 0.5894153714179993
Pedestrian 0.0 0 -1.2534871101379395 471.1040344238281 171.9601593017578 500.7509460449219 224.31072998046875 0.802633 1.8502203 0.84644073 -4.1720805 1.5141131 25.848074 -1.4135147333145142 0.5823456645011902
Pedestrian 0.0 0 3.771669864654541 0.0 150.72108459472656 110.47061157226562 360.1396789550781 0.90237635 1.6865228 0.69210744 -4.940048 1.4400405 6.1491394 3.0948760509490967 0.540255069732666
Pedestrian 0.0 0 1.6626592874526978 563.4942626953125 175.20391845703125 580.0396728515625 208.201171875 0.9131772 1.8090372 0.83825904 -1.6429538 1.464682 39.856544 1.6214609146118164 0.3587150573730469
Pedestrian 0.0 0 -0.8714539408683777 16.18498992919922 159.4810791015625 199.6617889404297 374.0 0.7400129 1.6565053 0.70524645 -3.3225791 1.5224464 4.819017 -1.4750794172286987 0.2591051459312439
Pedestrian 0.0 0 3.1953279972076416 526.2622680664062 186.16448974609375 549.1741333007812 233.91583251953125 0.77701735 1.6703844 0.70417696 -2.2843344 1.8398125 25.562243 3.106201171875 0.21207551658153534
Pedestrian 0.0 0 -2.02158784866333 936.2698974609375 148.5653533935547 1132.5635986328125 374.0 1.4850552 1.5632995 0.45287895 2.63691 1.3869183 4.631456 -1.5040115118026733 0.11040849983692169
Cyclist 0.0 0 -2.011890172958374 934.2949829101562 148.6544952392578 1137.020751953125 374.0 1.5784639 1.5590786 0.45363036 2.6327488 1.3855333 4.6281867 -1.4946893453598022 0.7172012329101562
Cyclist 0.0 0 0.6887826323509216 0.0 159.04611206054688 119.7838134765625 362.7967529296875 1.0539417 1.6800754 0.6349282 -4.979376 1.4963154 6.2463255 0.015770435333251953 0.12525369226932526
Car 0.0 0 -2.0194363594055176 625.9252319335938 167.9093780517578 668.290283203125 190.28465270996094 3.696825 1.5496844 1.5957392 3.265164 0.6090581 51.76118 -1.956438422203064 0.502438485622406
Car 0.0 0 -1.692979097366333 684.1249389648438 169.08876037597656 754.113525390625 229.380126953125 3.8305902 1.7319123 1.6922926 3.5774171 1.3765299 22.575775 -1.535823106765747 0.39078056812286377
Car 0.0 0 1.430959939956665 659.0471801757812 185.11099243164062 701.5543823242188 216.35665893554688 3.6791098 1.4167218 1.5416255 3.764928 1.6022074 34.8604 1.5385431051254272 0.2300628274679184
