Pedestrian 0.0 0 -2.0534110069274902 51.3582649230957 121.2525634765625 132.21434020996094 258.0548095703125 0.6281736 1.7839204 0.6828327 -7.1222067 1.1113882 9.85186 -2.67936110496521 0.1692948043346405
Pedestrian 0.0 0 -1.5042959451675415 685.7621459960938 152.17483520507812 701.9525756835938 191.08949279785156 1.0018027 1.7237781 0.66111827 3.7436295 0.80812377 32.511017 -1.3896512985229492 0.160384401679039
Pedestrian 0.0 0 -0.94731605052948 0.0 94.0871810913086 75.70555877685547 218.8947296142578 1.1649582 1.8376865 0.6579115 -9.1037245 0.678269 11.221885 -1.6288776397705078 0.1482066810131073
Pedestrian 0.0 0 2.0989785194396973 260.6185302734375 100.12862396240234 342.966064453125 237.86424255371094 0.94440615 1.7776124 0.6442743 -4.2239957 0.8393785 9.817262 1.6926592588424683 0.1312485635280609
Cyclist 0.0 0 3.3899927139282227 247.76776123046875 174.73582458496094 288.663330078125 222.63174438476562 1.5744032 2.1246011 0.5593857 -15.407061 2.210748 32.46399 2.9468796253204346 0.13828620314598083
Car 0.0 0 -1.688300371170044 651.8199462890625 174.66329956054688 720.6669921875 230.83082580566406 3.4567997 1.4484301 1.5244725 2.032967 1.5044643 20.458443 -1.5892549753189087 0.9407435059547424
Car 0.0 0 1.6636321544647217 528.1973266601562 169.92758178710938 570.6563720703125 204.19302368164062 3.9786942 1.5500519 1.6697425 -2.8881972 1.4180284 34.63445 1.58043372631073 0.8603527545928955
Car 0.0 0 -1.672791600227356 644.7239379882812 170.95216369628906 687.4107666015625 206.987060546875 3.4448042 1.5450227 1.5739788 2.4491951 1.4638383 32.676884 -1.5979795455932617 0.4886344373226166
Car 0.0 0 -1.6511718034744263 644.1178588867188 176.1293182373047 695.6658325195312 219.16307067871094 3.504967 1.4736333 1.6114426 2.1125584 1.6032829 26.725973 -1.5722906589508057 0.39896249771118164
Car 0.0 0 -1.5731830596923828 635.7039794921875 170.69943237304688 666.13916015625 199.7645721435547 3.6023817 1.4575703 1.5254921 2.111449 1.34988 38.02033 -1.5177053213119507 0.3132637143135071
Car 0.0 0 0.013702154159545898 0.0 209.45590209960938 80.43339538574219 240.85447692871094 3.9618554 1.518708 1.6608931 -32.69982 3.700024 41.12216 -0.6580973267555237 0.15358376502990723
Car 0.0 0 1.6049935817718506 547.651123046875 167.46197509765625 575.9282836914062 194.36277770996094 3.984469 1.6057656 1.6296324 -3.0053575 1.284262 45.084934 1.5384321212768555 0.13772955536842346
