Pedestrian 0.0 0 -3.5789480209350586 1112.32861328125 141.78004455566406 1242.0 375.0 0.84826344 1.6569949 0.6341487 4.013496 1.4616263 4.952087 -2.897858142852783 0.3199669122695923
Pedestrian 0.0 0 -2.2957136631011963 0.0 156.27662658691406 42.00049591064453 239.34864807128906 0.71515995 1.8560288 0.61536586 -13.61954 1.4860086 16.477386 -2.986440896987915 0.13104872405529022
Pedestrian 0.0 0 2.4361672401428223 11.647754669189453 188.6521759033203 78.32258605957031 262.58673095703125 0.96561074 1.8612345 0.9963507 -14.894185 2.289705 18.977947 1.7707539796829224 0.130774587392807
Pedestrian 0.0 0 -1.2114341259002686 297.23785400390625 166.2637939453125 338.2310485839844 226.5439910888672 0.9362515 1.8280821 0.9074994 -9.090392 1.6285827 22.359015 -1.5975871086120605 0.11634799093008041
Cyclist 0.0 0 -2.3677802085876465 1102.7530517578125 140.55410766601562 1242.0 375.0 1.0653528 1.648218 0.5624405 4.011923 1.4516317 4.9585376 -1.6875187158584595 0.18447408080101013
Car 0.0 0 -1.5214297771453857 405.78240966796875 169.1967010498047 456.7884826660156 215.19512939453125 3.2655048 1.5721815 1.6539726 -6.525923 1.4475365 26.419666 -1.7635923624038696 0.9298258423805237
Car 0.0 0 -1.5601462125778198 424.13128662109375 160.2678985595703 459.7235412597656 191.3572998046875 3.9517202 1.4529058 1.6287489 -8.358969 0.8650758 35.822437 -1.7893887758255005 0.2883455753326416
Car 0.0 0 -0.47315287590026855 769.7652587890625 124.58293914794922 961.4697265625 181.9425811767578 4.787245 1.5363754 1.9993222 7.1796117 0.24379548 20.644054 -0.13845619559288025 0.13334162533283234
Car 0.0 0 -1.9624897241592407 593.0087280273438 125.60063934326172 702.11572265625 199.13824462890625 4.81977 2.190952 1.9104775 1.0621684 0.78346115 24.085632 -1.9184186458587646 0.10306704789400101
Car 0.0 0 1.5954712629318237 771.2948608398438 183.782958984375 844.2716674804688 240.37159729003906 4.753842 1.58888 2.1031249 6.5320964 1.9893169 23.831665 1.8629941940307617 0.10166461020708084
