Pedestrian 0.0 0 -3.1729817390441895 742.3904418945312 155.4393310546875 755.6177368164062 195.55567932128906 0.62545997 1.9816023 0.7145047 6.9022202 1.1217387 36.040577 -2.983760356903076 0.4532659351825714
Pedestrian 0.0 0 -1.7334468364715576 778.1619262695312 141.9386444091797 799.1093139648438 193.9303436279297 0.60585064 1.9060787 0.6641432 6.581951 0.77304214 26.777702 -1.4924253225326538 0.3525679111480713
Pedestrian 0.0 0 -1.064507246017456 49.80350112915039 153.7933349609375 81.90725708007812 206.76197814941406 0.65600985 1.9068675 0.7072198 -19.906927 1.2210433 26.346933 -1.711562991142273 0.3359726667404175
Cyclist 0.0 0 1.0045924186706543 982.5248413085938 121.9816665649414 1110.6241455078125 258.7471618652344 1.8913906 1.7040223 0.57122564 5.880062 1.0705389 9.9415865 1.5387096405029297 0.5267662405967712
Car 0.0 0 1.802011251449585 338.4789123535156 185.52102661132812 480.7855529785156 277.3365173339844 4.1826973 1.3666742 1.6001208 -3.5745637 1.6400281 13.434077 1.5419549942016602 0.956670343875885
Car 0.0 0 -1.9915237426757812 778.0864868164062 197.61965942382812 1142.3614501953125 375.0 3.7716036 1.3882073 1.6032523 2.86699 1.6939852 6.9856024 -1.60207200050354 0.9353459477424622
Car 0.0 0 1.42678964138031 663.1258544921875 182.19775390625 738.03369140625 237.43092346191406 4.4488564 1.471774 1.6362718 2.6302593 1.7890952 22.22848 1.5445703268051147 0.9295337796211243
Car 0.0 0 1.7568862438201904 453.54669189453125 175.520751953125 528.8536987304688 232.37290954589844 3.6321383 1.5375128 1.5665582 -3.4963036 1.6241916 21.517809 1.595809817314148 0.8609303832054138
Car 0.0 0 1.69126296043396 502.7327880859375 175.47715759277344 552.4353637695312 213.0441436767578 4.115922 1.4919451 1.6382345 -3.5120397 1.6125368 31.005047 1.5784705877304077 0.6626829504966736
Car 0.0 0 1.5586575269699097 534.9953002929688 176.54913330078125 563.5902709960938 203.80259704589844 3.7959032 1.5003415 1.5930145 -3.6118073 1.7269942 42.218636 1.4733152389526367 0.38748425245285034
Car 0.0 0 -1.6416854858398438 651.1954345703125 184.486083984375 694.04931640625 220.79702758789062 3.7933276 1.4088677 1.563119 2.6037571 1.9417069 31.12071 -1.558213472366333 0.3799368739128113
