Pedestrian 0.0 0 -1.3364958763122559 827.791748046875 176.1540985107422 846.5396728515625 214.84506225585938 0.7547872 1.7339325 0.6592629 10.324377 1.8870789 32.91003 -1.0325043201446533 0.1723821461200714
Cyclist 0.0 0 -1.8157998323440552 678.6583251953125 164.6971893310547 698.5960693359375 200.55987548828125 1.5864785 1.6880192 0.5854486 3.742 1.3044449 34.785213 -1.7086374759674072 0.21131348609924316
Car 0.0 0 2.0860519409179688 45.86219024658203 200.35018920898438 120.14904022216797 232.31141662597656 3.2172866 1.4121538 1.6642939 -26.599504 2.867471 36.48405 1.4560797214508057 0.6401281356811523
Car 0.0 0 -3.415487051010132 926.1549682617188 176.5062713623047 997.0499267578125 201.24972534179688 3.671952 1.487896 1.5523052 21.74423 1.7205281 44.79593 -2.9635822772979736 0.6030810475349426
Car 0.0 0 -3.2493762969970703 806.0302124023438 173.84666442871094 867.8765258789062 196.7362518310547 4.046278 1.5899217 1.6711247 16.098442 1.6627122 51.43358 -2.946040630340576 0.33961591124534607
Car 0.0 0 1.5695931911468506 529.2720336914062 179.84593200683594 546.6349487304688 196.41278076171875 3.826363 1.4834144 1.5891116 -6.8376284 2.164503 68.26236 1.4697593450546265 0.13023242354393005
Car 0.0 0 2.087528944015503 268.05291748046875 191.68243408203125 317.4090576171875 212.85061645507812 4.221285 1.4734095 1.6561908 -24.709558 2.9997492 56.290836 1.6738917827606201 0.12914636731147766
Car 0.0 0 2.025660276412964 231.79103088378906 196.41525268554688 271.8616638183594 215.7644805908203 3.8916035 1.5412378 1.6513878 -31.822287 3.7008069 64.170456 1.5652961730957031 0.12141735106706619
Car 0.0 0 2.2316927909851074 104.70219421386719 203.4556427001953 197.49612426757812 237.76060485839844 4.1835666 1.4501079 1.7667055 -23.144327 3.0918024 36.530396 1.6669591665267944 0.11894308030605316
Car 0.0 0 1.5841026306152344 0.0 190.54612731933594 29.534719467163086 221.58885192871094 4.352296 1.6548728 1.7200125 -35.933235 2.7702928 43.24001 0.8907322883605957 0.11036833375692368
