Pedestrian 0.0 0 2.0001392364501953 453.4072570800781 148.52955627441406 478.4383544921875 197.89671325683594 0.96173924 1.8682631 0.60284954 -5.595665 0.948081 27.840414 1.8017913103103638 0.2898121178150177
Pedestrian 0.0 0 2.1130800247192383 703.0523071289062 177.6268768310547 718.9767456054688 202.33851623535156 1.0996027 1.7441515 0.660087 7.2270675 2.0914018 51.803715 2.2516939640045166 0.24216946959495544
Pedestrian 0.0 0 0.33498817682266235 508.36175537109375 186.8714141845703 528.2662353515625 230.11492919921875 0.6020418 1.6775854 0.6557539 -3.6758344 2.2414284 28.619501 0.20724940299987793 0.20096533000469208
Cyclist 0.0 0 2.0060219764709473 703.185791015625 178.19247436523438 719.1598510742188 202.23272705078125 1.4131366 1.6930678 0.5990438 7.254938 2.0830655 51.904278 2.1448974609375 0.3771969974040985
Cyclist 0.0 0 1.9053599834442139 452.4279479980469 147.86203002929688 479.89556884765625 197.46153259277344 1.5184379 1.8654394 0.57827795 -5.5967846 0.92584825 27.925869 1.7075647115707397 0.244066059589386
Car 0.0 0 1.8537907600402832 597.41162109375 186.08059692382812 653.8594970703125 219.90016174316406 3.7988048 1.4281231 1.6765345 0.76195765 2.0922515 34.143753 1.8761032819747925 0.9050251841545105
Car 0.0 0 1.8636260032653809 0.0 198.29615783691406 99.19408416748047 251.0660858154297 3.9919922 1.4609436 1.6312475 -18.755806 2.3909929 24.207521 1.2044456005096436 0.7733069658279419
Car 0.0 0 2.8627769947052 81.52339172363281 196.17135620117188 186.94522094726562 234.69976806640625 3.6644604 1.5142212 1.6646069 -21.492567 2.631458 32.625896 2.2802696228027344 0.3618199825286865
Car 0.0 0 1.8460066318511963 0.0 193.2352752685547 35.97697067260742 265.5188903808594 3.4781537 1.5247269 1.5989463 -16.029465 2.093605 18.210184 1.1242125034332275 0.2987285554409027
Car 0.0 0 -1.7372283935546875 794.6090087890625 175.63673400878906 820.0140991210938 192.10397338867188 3.62627 1.4324219 1.6344656 17.800097 1.69184 65.28387 -1.4710417985916138 0.2664875090122223
Car 0.0 0 2.1489837169647217 682.3263549804688 184.6075897216797 722.6975708007812 203.0757293701172 3.8598053 1.4635842 1.5695798 7.912556 2.5008514 61.673965 2.276583194732666 0.24445311725139618
Car 0.0 0 1.6201510429382324 1.9206711053848267 185.4519805908203 40.23164367675781 212.20199584960938 4.363402 1.5840683 1.7262805 -38.441025 2.4469702 47.130157 0.9359488487243652 0.22579501569271088
