Pedestrian 0.0 0 -1.8171436786651611 1090.2943115234375 120.25703430175781 1242.0 372.4835205078125 0.83631176 1.6344365 0.8415579 4.009518 1.2939643 5.223696 -1.1624964475631714 0.6381709575653076
Cyclist 0.0 0 -2.0976736545562744 1084.1513671875 121.525634765625 1242.0 375.0 0.8888797 1.7091725 0.7883138 3.998534 1.3766042 5.169574 -1.439317226409912 0.15891684591770172
Car 0.0 0 -1.794256567955017 719.2179565429688 177.48977661132812 873.238037109375 285.683349609375 3.8431678 1.4987898 1.6174358 2.8619454 1.5892133 12.086718 -1.5617543458938599 0.9508910775184631
Car 0.0 0 -1.6671801805496216 662.4762573242188 174.3249053955078 715.3917846679688 217.22010803222656 4.017713 1.4970907 1.5949556 2.8734329 1.557284 27.333399 -1.5624395608901978 0.9088834524154663
Car 0.0 0 0.30646565556526184 293.6045227050781 187.88385009765625 394.34893798828125 222.66720581054688 3.9260986 1.4741014 1.5898107 -11.860412 2.164201 32.224953 -0.046198464930057526 0.9083951115608215
Car 0.0 0 -1.7398951053619385 689.6793823242188 175.09344482421875 787.8573608398438 248.9871063232422 3.830528 1.5502177 1.6411875 2.884846 1.6098199 17.168045 -1.5734145641326904 0.8725975155830383
Car 0.0 0 -2.6041388511657715 158.93017578125 187.87533569335938 275.3752746582031 223.13409423828125 4.3466325 1.4948999 1.6432463 -17.550678 2.1859493 32.267662 -3.1022937297821045 0.8118079304695129
Car 0.0 0 -1.5672658681869507 601.135009765625 173.13372802734375 626.5421142578125 197.2103271484375 3.8090734 1.5578785 1.6457487 0.23307344 1.5778351 48.64016 -1.5624741315841675 0.8091362714767456
Car 0.0 0 0.7094295620918274 30.82998275756836 192.17430114746094 148.10459899902344 227.2398681640625 4.2164526 1.4648991 1.605758 -23.218824 2.353634 32.196426 0.08464193344116211 0.6213016510009766
Car 0.0 0 -1.6510400772094727 644.210205078125 175.30044555664062 674.9430541992188 200.02719116210938 4.1035686 1.4847108 1.613283 3.0712128 1.6473336 45.792225 -1.5840719938278198 0.6001992225646973
Car 0.0 0 1.7061867713928223 483.4689025878906 179.32504272460938 515.3699340820312 203.76727294921875 3.9071705 1.514585 1.5738642 -7.3003607 1.960532 47.715347 1.554365873336792 0.40163201093673706
