Pedestrian 0.0 0 0.4749338626861572 315.8770446777344 182.94149780273438 335.03680419921875 214.05389404296875 0.82955426 1.8005254 0.6770905 -16.742592 2.3986514 42.376564 0.09866666793823242 0.22720809280872345
Pedestrian 0.0 0 -3.4860260486602783 1023.137939453125 42.18169403076172 1212.2698974609375 355.2091979980469 0.8036851 1.8317806 0.6992901 3.1653023 1.0674677 4.658476 -2.8892107009887695 0.1718161702156067
Pedestrian 0.0 0 -0.3816453814506531 829.6026000976562 132.45460510253906 896.9049682617188 237.35491943359375 0.9502053 1.7924016 0.62084115 4.378707 1.1024666 12.65911 -0.048633355647325516 0.13463714718818665
Cyclist 0.0 0 -0.578854501247406 946.9248046875 229.54331970214844 1070.43212890625 341.0876159667969 1.6806809 1.7190297 0.70729667 6.533666 2.6922889 11.961479 -0.07891371846199036 0.3239719867706299
Cyclist 0.0 0 -3.5194733142852783 1003.4771118164062 160.79835510253906 1160.6463623046875 272.5238952636719 1.7962639 1.5834789 0.80471057 6.947003 1.4129727 10.791582 -2.947509527206421 0.2775445282459259
Cyclist 0.0 0 1.9286680221557617 317.1479797363281 183.6005401611328 334.303466796875 214.2897186279297 0.9440339 1.7677935 0.64875853 -16.723473 2.4064028 42.372543 1.5527586936950684 0.19064344465732574
Cyclist 0.0 0 1.8417421579360962 392.3379821777344 176.28128051757812 414.13592529296875 213.7425537109375 1.6642288 1.699341 0.5561711 -9.688865 1.8638226 33.715332 1.5619099140167236 0.18528395891189575
Cyclist 0.0 0 1.9934122562408447 151.99696350097656 183.51211547851562 188.1770782470703 229.26712036132812 1.61944 1.6741588 0.57060534 -16.868088 2.0950556 27.628021 1.4452768564224243 0.17620380222797394
Cyclist 0.0 0 1.652603268623352 467.9972839355469 175.92054748535156 479.0037841796875 200.6908721923828 1.8492326 1.7860217 0.6504839 -10.0872345 2.016598 53.21238 1.465260624885559 0.1371486335992813
Cyclist 0.0 0 2.004659652709961 368.3416442871094 171.81723022460938 386.1634826660156 195.88027954101562 1.8178718 1.8281394 0.6037787 -18.000437 1.7497299 55.753376 1.6923662424087524 0.12712138891220093
Cyclist 0.0 0 -1.0936052799224854 181.47764587402344 194.7092742919922 207.78469848632812 230.34759521484375 1.4990119 1.73945 0.5394789 -21.272383 2.8809063 36.908833 -1.6164530515670776 0.1172252893447876
Cyclist 0.0 0 -3.4363009929656982 823.0732421875 135.068115234375 912.28369140625 239.5010986328125 1.3522726 1.7850118 0.62008 4.4523387 1.1395175 12.669055 -3.098349094390869 0.11602591723203659
Car 0.0 0 1.8336176872253418 421.315185546875 180.19151306152344 476.32861328125 211.9395294189453 3.8246574 1.4120564 1.6626081 -7.7717447 1.7875159 34.936043 1.6147255897521973 0.9356606006622314
Car 0.0 0 2.015622615814209 128.3678741455078 199.17599487304688 211.47959899902344 233.7482452392578 4.2613688 1.461147 1.8962256 -21.918228 2.858677 36.081028 1.469726800918579 0.16783981025218964
Car 0.0 0 -0.5644227266311646 840.5387573242188 182.17794799804688 1137.068359375 293.8968505859375 3.8895895 1.5835499 1.609484 5.791 1.7435832 11.37123 -0.09338846802711487 0.12577202916145325
Car 0.0 0 -2.025538682937622 53.40593338012695 180.11090087890625 138.20022583007812 212.8321990966797 4.593647 1.5699465 1.722269 -26.630985 1.9639566 37.287037 -2.6457417011260986 0.10963794589042664
