Car 0.0 0 -1.3436777591705322 888.9844360351562 163.57394409179688 1159.041259765625 348.945068359375 4.2372794 1.5166615 1.6430781 4.719764 1.4410923 8.00234 -0.8107935786247253 0.9120996594429016
Car 0.0 0 -1.0772467851638794 714.7041015625 173.77903747558594 850.6932373046875 237.13980102539062 4.1977477 1.4506743 1.624286 4.520264 1.4776872 18.683537 -0.8398698568344116 0.905879557132721
Car 0.0 0 1.8409653902053833 408.47760009765625 176.66680908203125 456.0959777832031 203.99424743652344 4.5006084 1.6218408 1.7938789 -11.222511 1.8758905 45.730263 1.6003144979476929 0.8960846066474915
Car 0.0 0 -1.5927808284759521 587.8092041015625 177.04820251464844 635.6491088867188 221.8540802001953 3.640876 1.5664692 1.6972212 -0.02385462 1.7368475 27.40683 -1.5936511754989624 0.8891194462776184
Car 0.0 0 1.726918339729309 439.3155822753906 182.42404174804688 487.61541748046875 215.0594024658203 4.1950874 1.504758 1.773008 -7.4100404 2.0195818 36.65162 1.5274323225021362 0.8520756363868713
Car 0.0 0 -0.861003041267395 668.9633178710938 178.01715087890625 774.7362060546875 221.37619018554688 3.7686179 1.3895048 1.6137154 3.9375253 1.5847541 25.395233 -0.7071781158447266 0.6689556241035461
Car 0.0 0 1.7846003770828247 387.2556457519531 177.79238891601562 419.8476257324219 199.52330017089844 3.6897225 1.5372145 1.5908188 -15.375663 1.9186965 53.790276 1.5061801671981812 0.5631186366081238
Car 0.0 0 1.9224389791488647 428.3633117675781 172.9478302001953 471.849609375 194.9429931640625 4.5138335 1.5296116 1.6373789 -11.607497 1.5371068 52.54139 1.7050102949142456 0.4721021354198456
Car 0.0 0 2.350910186767578 0.0 185.24282836914062 66.48436737060547 375.0 3.7432857 1.4646101 1.5587089 -6.2690034 1.5919985 5.472097 1.4977426528930664 0.43587976694107056
Car 0.0 0 -1.522306203842163 1111.4044189453125 179.783203125 1242.0 375.0 3.5365453 1.5134853 1.6123127 4.6193695 1.5758915 4.6689906 -0.7422502040863037 0.4289329946041107
