Pedestrian 0.0 0 0.6085588932037354 60.5284538269043 183.53924560546875 106.86943054199219 244.49293518066406 1.0106372 1.8030472 0.5202188 -15.873715 2.1289346 21.707567 -0.022835571318864822 0.6118608713150024
Pedestrian 0.0 0 -3.045474052429199 864.1127319335938 160.4058380126953 901.6192626953125 226.34495544433594 0.920694 1.8328239 0.9474734 7.7805805 1.4871769 20.68094 -2.6856343746185303 0.27690818905830383
Pedestrian 0.0 0 -0.5406918525695801 669.4044799804688 159.98619079589844 709.9581909179688 225.9181365966797 0.8922219 1.7377838 0.62859523 2.1016657 1.3989822 19.48754 -0.43326041102409363 0.27323418855667114
Pedestrian 0.0 0 -2.253614902496338 686.5030517578125 161.00035095214844 733.3297729492188 222.04232788085938 1.5549905 1.6725541 0.43325984 2.7800684 1.3481214 20.543875 -2.1191084384918213 0.16281208395957947
Cyclist 0.0 0 -1.8053758144378662 661.7864379882812 176.8232421875 687.4529418945312 231.62330627441406 1.5960193 1.5530149 0.39245433 1.8548826 1.675514 21.382135 -1.7188432216644287 0.6746711134910583
Cyclist 0.0 0 -2.2551989555358887 685.573974609375 160.82928466796875 734.098388671875 222.57962036132812 1.6273104 1.689047 0.43350825 2.77564 1.3604951 20.540297 -2.1208810806274414 0.4232008755207062
Cyclist 0.0 0 -2.5933399200439453 679.248291015625 159.31167602539062 749.7080078125 231.37655639648438 1.7123927 1.7193947 0.5226719 2.5351477 1.3966465 17.958218 -2.453097343444824 0.3758324682712555
Cyclist 0.0 0 -1.3754558563232422 674.6237182617188 159.68167114257812 704.2239990234375 226.2957000732422 0.8794729 1.7529116 0.6386069 2.1053972 1.4066472 19.499084 -1.267898440361023 0.14025501906871796
Cyclist 0.0 0 0.6024338006973267 60.9902229309082 183.75086975097656 106.34355163574219 243.37144470214844 1.0062104 1.7621166 0.4791571 -15.847753 2.0936136 21.669613 -0.029014457017183304 0.10739902406930923
Car 0.0 0 2.1078860759735107 66.85511779785156 196.20401000976562 219.02191162109375 264.3023681640625 3.8234396 1.5328956 1.7298087 -12.472177 2.227326 19.506521 1.5390093326568604 0.8792605400085449
Car 0.0 0 -1.573416829109192 588.7963256835938 176.22647094726562 615.7274780273438 203.1525115966797 3.6478605 1.6577356 1.6755825 -0.5395167 1.8850323 46.715065 -1.584965467453003 0.861013650894165
Car 0.0 0 -1.3360435962677002 347.8111267089844 176.48252868652344 509.3985900878906 300.3200378417969 4.083025 1.6707006 1.6318191 -2.8152392 1.7411659 11.894744 -1.5684462785720825 0.8427030444145203
Car 0.0 0 1.7869549989700317 465.0630798339844 182.81129455566406 495.32061767578125 202.4979705810547 3.8579574 1.4681826 1.5945408 -10.37422 2.2925115 57.746746 1.6092008352279663 0.28987178206443787
Car 0.0 0 -0.07948949933052063 818.9933471679688 170.24571228027344 949.2879028320312 218.35215759277344 3.8933043 1.4998116 1.6204789 8.881791 1.4188515 23.805323 0.2776153087615967 0.2884114980697632
Car 0.0 0 2.0898144245147705 0.0 193.7008514404297 67.22611236572266 222.43418884277344 3.6150498 1.483048 1.5195928 -33.460377 2.749152 41.90338 1.4159810543060303 0.2545633018016815
