Pedestrian 0.0 0 2.594332218170166 236.4828643798828 198.95668029785156 309.9537353515625 255.45164489746094 1.1657988 1.2350837 1.1576275 -8.126912 1.8913088 17.321354 2.155639410018921 0.32800787687301636
Pedestrian 0.0 0 2.1711103916168213 184.782470703125 147.49258422851562 255.17803955078125 273.959716796875 0.67887866 1.713618 0.59164065 -5.5221453 1.370331 10.141745 1.6725022792816162 0.16683731973171234
Pedestrian 0.0 0 -2.3729512691497803 326.9351806640625 197.15577697753906 389.7967529296875 310.22174072265625 0.652438 1.6558523 0.6490196 -3.946116 2.047371 11.180247 -2.7122554779052734 0.1426842212677002
Pedestrian 0.0 0 -1.2704381942749023 201.47874450683594 163.9370880126953 231.3861846923828 213.9224090576172 0.8406989 1.8854718 0.7962255 -15.146162 1.5494792 27.70507 -1.7707387208938599 0.13733354210853577
Pedestrian 0.0 0 -1.3668339252471924 645.5833740234375 197.64193725585938 673.5845336914062 240.79978942871094 0.99742216 1.3049078 0.7069537 1.5458448 2.1169584 23.04922 -1.299867033958435 0.1253844052553177
Cyclist 0.0 0 2.5222461223602295 701.383056640625 164.27369689941406 730.16015625 202.01513671875 1.5810033 2.1038573 0.5588239 5.9528484 1.6259155 40.828384 2.667027711868286 0.15009468793869019
Cyclist 0.0 0 0.027465462684631348 232.13633728027344 164.6138916015625 276.0171203613281 212.1500244140625 1.5338849 1.8316721 0.6024323 -14.03214 1.5145206 28.394075 -0.4315253794193268 0.12824605405330658
Cyclist 0.0 0 0.19049420952796936 247.16799926757812 192.85009765625 298.3107604980469 270.5009765625 0.95117635 1.7624279 0.918808 -8.082245 2.2558162 17.225557 -0.24821186065673828 0.1201346293091774
Car 0.0 0 2.1932058334350586 810.0089721679688 179.32252502441406 946.8870849609375 238.58396911621094 3.9832141 1.4967893 1.6049575 7.5810204 1.6958793 20.387236 2.549213171005249 0.8802464604377747
Car 0.0 0 -1.303391933441162 1131.849853515625 179.0409698486328 1242.0 272.01702880859375 3.8693876 1.5527308 1.6025747 11.835281 1.6885512 14.038099 -0.6029273867607117 0.6974670886993408
Car 0.0 0 1.9827561378479004 1022.4590454101562 182.39743041992188 1128.824462890625 228.05776977539062 4.2259912 1.4903255 1.697523 16.90486 1.8621626 26.207518 2.555635690689087 0.6679403781890869
Car 0.0 0 2.8314757347106934 296.6594543457031 168.6014404296875 538.0070190429688 279.446044921875 4.1209474 1.8270305 1.6507552 -3.6398833 1.7572942 13.696827 2.571732521057129 0.40221503376960754
