Car 0.0 0 -1.8229444026947021 732.1165771484375 190.62266540527344 906.7452392578125 310.731201171875 3.4890716 1.3840754 1.5681167 2.8064919 1.6881388 10.579831 -1.5636481046676636 0.9638819694519043
Car 0.0 0 0.6024201512336731 62.60660171508789 182.6769256591797 343.44403076171875 298.4263610839844 3.3425508 1.5389555 1.5258151 -5.9507027 1.6969525 10.661214 0.09333086013793945 0.905954897403717
Car 0.0 0 0.5529435873031616 142.72830200195312 178.34608459472656 407.87249755859375 276.0143127441406 4.1149316 1.6115013 1.6495237 -6.021349 1.7196616 13.091364 0.12184762954711914 0.885827362537384
Car 0.0 0 -0.32209113240242004 802.4222412109375 175.48501586914062 1013.465087890625 254.649169921875 3.9137714 1.6107821 1.6553338 6.28922 1.6717739 15.683437 0.059285879135131836 0.8585643172264099
Car 0.0 0 0.6351762413978577 0.0 186.58526611328125 310.8912658691406 338.48077392578125 3.7437358 1.5306923 1.5803616 -5.68427 1.704782 8.274387 0.03324770927429199 0.8539085388183594
Car 0.0 0 -1.6847951412200928 636.5194702148438 178.6567840576172 670.1263427734375 204.47222900390625 4.0896225 1.483423 1.6041816 2.59185 1.8583248 44.48301 -1.6265949010849 0.8397650718688965
Car 0.0 0 0.76762455701828 0.0 201.9183349609375 181.9868621826172 375.0 3.8511732 1.4861284 1.6174204 -6.0888486 1.7663413 6.1044416 -0.016494810581207275 0.8273853659629822
Car 0.0 0 3.3714044094085693 360.5997619628906 176.31689453125 480.09442138671875 223.912353515625 3.7340777 1.5851742 1.6343985 -6.5499988 1.7097808 25.020065 3.1153604984283447 0.7737162709236145
Car 0.0 0 3.45747709274292 266.0047607421875 183.4233856201172 441.55963134765625 245.75294494628906 3.8255675 1.4552906 1.5275613 -6.316887 1.7300928 17.925219 3.118663787841797 0.7720894813537598
Car 0.0 0 -2.7134368419647217 193.44854736328125 180.26577758789062 393.0235595703125 249.88034057617188 3.6715417 1.4189796 1.5120995 -6.8260317 1.5883117 15.659584 -3.124504566192627 0.7124506831169128
Car 0.0 0 -2.79435396194458 295.5889587402344 178.2298126220703 456.1634521484375 237.78097534179688 4.007613 1.5986574 1.6242355 -6.587711 1.7576547 20.407936 -3.106595993041992 0.6373207569122314
Car 0.0 0 0.20115642249584198 365.1332092285156 164.79515075683594 490.1724548339844 220.51109313964844 4.3579555 2.04977 1.7796625 -6.9154115 1.7536459 27.529224 -0.04495372995734215 0.5960913896560669
Car 0.0 0 2.891608238220215 718.4194946289062 179.85594177246094 836.763671875 225.5720977783203 3.887838 1.5825547 1.6125444 5.955232 1.8444513 26.092587 3.115999221801758 0.5916258692741394
