Cyclist 0.0 0 1.7410207986831665 399.6626281738281 181.27748107910156 452.9710388183594 283.07940673828125 1.7737762 1.7042418 0.65304077 -3.363266 1.8686267 13.137227 1.4903934001922607 0.9469209313392639
Car 0.0 0 -1.7135975360870361 631.0093994140625 181.25054931640625 696.8569946289062 229.94313049316406 4.1414814 1.4457995 1.6127484 1.6784415 1.7534442 24.278692 -1.6445751190185547 0.9498734474182129
Car 0.0 0 -2.7501416206359863 220.8151092529297 185.5972900390625 419.1547546386719 246.3075714111328 4.409842 1.449558 1.6398674 -7.3471894 1.7903574 18.426933 -3.129544258117676 0.9222944974899292
Car 0.0 0 -0.631705641746521 879.5150756835938 189.12306213378906 1242.0 324.3232421875 4.044994 1.41687 1.572863 5.5099764 1.6342257 8.700756 -0.06717744469642639 0.9126065373420715
Car 0.0 0 -0.4846588969230652 842.2931518554688 169.12081909179688 1146.1036376953125 292.1327209472656 3.790303 1.7430338 1.6363156 5.6696763 1.6904937 11.060063 -0.010961564257740974 0.8205800652503967
Car 0.0 0 2.190580368041992 1024.9019775390625 190.58775329589844 1242.0 375.0 3.9003677 1.5566869 1.6960585 5.725434 1.7333219 5.973938 2.9547410011291504 0.7295721769332886
Car 0.0 0 -1.6394624710083008 617.0781860351562 179.31993103027344 650.6510009765625 208.07583618164062 3.6413472 1.4641268 1.5778965 1.2263294 1.8342938 39.415405 -1.6083595752716064 0.7263187766075134
Car 0.0 0 0.19722320139408112 420.5023193359375 177.90765380859375 498.74786376953125 209.47604370117188 3.5241425 1.5061395 1.6017637 -7.39268 1.7608551 35.49818 -0.008097284473478794 0.5842768549919128
Car 0.0 0 0.8040518164634705 0.0 142.5350799560547 172.56858825683594 342.1625671386719 3.9190724 1.7427198 1.7275581 -6.913964 1.4783978 7.2409964 0.041753292083740234 0.5401511192321777
Car 0.0 0 -2.7764711380004883 298.4420471191406 185.41586303710938 438.7976379394531 240.34454345703125 3.5694504 1.5088646 1.5421154 -7.0232368 1.89054 21.052368 -3.098468780517578 0.43122124671936035
