Car 0.0 0 -2.2372326850891113 289.4124450683594 176.13992309570312 469.27777099609375 255.256591796875 3.8317847 1.4625272 1.5592664 -4.9590626 1.5398723 15.189994 -2.55279278755188 0.9312441349029541
Car 0.0 0 -1.5562632083892822 585.367919921875 179.6001434326172 638.9979248046875 221.62574768066406 3.4370162 1.2925311 1.691947 0.050943095 1.537965 24.477205 -1.5541819334030151 0.9045242071151733
Car 0.0 0 -2.1125693321228027 431.21124267578125 170.60079956054688 528.785400390625 218.46119689941406 3.9408016 1.573757 1.6124817 -4.7447352 1.5000249 25.733156 -2.2949037551879883 0.5483437776565552
Car 0.0 0 -1.4929083585739136 0.0 151.82623291015625 52.09117889404297 375.0 3.3037817 1.5193981 1.551827 -4.7951746 1.4339137 4.6974416 -2.288601875305176 0.4813331067562103
Car 0.0 0 -1.6154730319976807 589.9981079101562 174.63717651367188 624.6619873046875 205.42613220214844 3.5811079 1.5039953 1.6234438 -0.21702223 1.6010237 37.284443 -1.6212936639785767 0.46479469537734985
Car 0.0 0 -2.3034121990203857 488.6533203125 169.1419219970703 557.0121459960938 203.64816284179688 3.6912718 1.7935627 1.6517454 -4.8161583 1.6009749 39.336082 -2.4252419471740723 0.43107184767723083
Car 0.0 0 -2.2609102725982666 440.8463439941406 166.28750610351562 538.947021484375 210.3055419921875 4.0744433 1.6544337 1.6862643 -4.9313293 1.4079876 29.08656 -2.4288530349731445 0.4281209409236908
Car 0.0 0 0.016324996948242188 1008.5297241210938 165.60369873046875 1103.151611328125 198.34803771972656 4.256424 1.6798016 1.885724 23.974981 1.308215 38.952263 0.568061113357544 0.40656372904777527
Car 0.0 0 -2.3104491233825684 344.44146728515625 157.5835723876953 514.9276123046875 246.28317260742188 4.2203403 1.9824857 1.7215823 -4.600059 1.6415412 18.001715 -2.5606298446655273 0.3594268560409546
Car 0.0 0 1.3774466514587402 54.79526138305664 98.1856689453125 357.21185302734375 350.1418762207031 4.4018626 1.771667 1.7392731 -4.3592153 1.2469836 7.2889395 0.8384556770324707 0.35762178897857666
Car 0.0 0 2.2405810356140137 0.0 171.08688354492188 152.02963256835938 288.6521301269531 3.465828 1.4020911 1.5013055 -8.452514 1.3813741 10.346489 1.555592656135559 0.3299095332622528
