Pedestrian 0.0 0 -2.703857421875 663.3466796875 163.811279296875 758.1060180664062 318.857421875 0.8272201 1.6539131 0.7667414 1.1023967 1.5578103 8.240124 -2.5708630084991455 0.7062309980392456
Pedestrian 0.0 0 1.8776599168777466 403.1272277832031 196.69810485839844 436.1787109375 256.3728942871094 0.8012714 1.6924826 0.7332528 -5.6348553 2.4077206 21.212471 1.6180174350738525 0.2035728394985199
Pedestrian 0.0 0 -2.623072624206543 351.9936828613281 188.38580322265625 391.0912170410156 274.5970458984375 0.59858304 1.8418306 0.6029868 -5.297396 2.1920087 15.894125 -2.944786548614502 0.20036233961582184
Pedestrian 0.0 0 -2.5582075119018555 159.4826202392578 163.32188415527344 233.70205688476562 277.3883056640625 0.7885896 1.7134415 0.61590225 -6.4381742 1.5706131 11.166975 -3.0811960697174072 0.18599581718444824
Pedestrian 0.0 0 -2.47990345954895 155.43521118164062 157.36151123046875 234.02427673339844 266.61181640625 0.99993503 1.8509127 0.6545175 -7.299599 1.5887975 12.6140175 -3.0045061111450195 0.16000299155712128
Pedestrian 0.0 0 -1.2183775901794434 439.74322509765625 202.41844177246094 492.2120361328125 247.59716796875 1.1723398 1.2150954 1.1622294 -4.2107816 2.1012144 20.946383 -1.4167600870132446 0.15284021198749542
Pedestrian 0.0 0 1.9662127494812012 337.0865173339844 201.16246032714844 381.2696228027344 286.20977783203125 0.79162633 1.7038516 0.62045467 -5.3033667 2.314568 15.141054 1.629302740097046 0.14599217474460602
Car 0.0 0 -1.6698862314224243 684.6672973632812 181.33010864257812 742.8400268554688 225.21714782714844 4.2413435 1.406696 1.6496648 3.6237586 1.7390352 26.106445 -1.5319604873657227 0.852912187576294
Car 0.0 0 -1.6382858753204346 733.2444458007812 178.85694885253906 912.5897216796875 359.42144775390625 2.9954247 1.5569103 1.5509943 2.1259444 1.6368645 7.9454384 -1.3768422603607178 0.7170825004577637
Car 0.0 0 -2.656562089920044 255.65223693847656 195.5142059326172 423.2991027832031 263.478271484375 3.394466 1.456811 1.5384368 -6.3956237 2.0248013 17.093586 -3.014590263366699 0.662480890750885
Car 0.0 0 1.8353668451309204 483.77166748046875 186.99307250976562 551.257568359375 226.81378173828125 4.243476 1.5209516 1.8622636 -3.9697561 2.1797853 31.370148 1.7094902992248535 0.23789918422698975
Car 0.0 0 -2.9612369537353516 509.2611999511719 177.798095703125 580.3321533203125 206.15380859375 3.9756444 1.6331868 1.6756905 -3.8803585 1.934618 42.922153 -3.051396369934082 0.19890214502811432
Car 0.0 0 -1.552019715309143 680.0126953125 168.80096435546875 711.0198364257812 198.48373413085938 3.927298 1.6648562 1.7322525 5.040538 1.4378868 42.530483 -1.4340541362762451 0.17791509628295898
Car 0.0 0 -0.852938175201416 0.0 0.0 220.96109008789062 375.0 4.032214 1.9239222 1.7210207 -3.086231 1.1402264 2.5297666 -1.737099528312683 0.16677485406398773
Car 0.0 0 -2.8515310287475586 522.7152709960938 183.2818145751953 570.7713012695312 201.5343017578125 3.8326197 1.511501 1.6043856 -5.4668174 2.428586 62.25769 -2.9391160011291504 0.16213835775852203
Car 0.0 0 -2.6745293140411377 393.3738708496094 160.06292724609375 487.3336486816406 193.04933166503906 4.093442 1.531489 1.6786102 -8.197139 0.93798447 34.790733 -2.9059219360351562 0.15115100145339966
