Pedestrian 0.0 0 -2.9788436889648438 551.7929077148438 155.59742736816406 569.5621337890625 196.95877075195312 0.77429473 1.9867043 0.5949676 -2.4270945 1.1581794 34.987106 -3.0481038093566895 0.38270923495292664
Pedestrian 0.0 0 -1.2254823446273804 539.031005859375 163.87258911132812 569.4332885742188 212.97557067871094 1.6752224 1.7070735 0.55922145 -2.03545 1.3951912 25.963343 -1.303719401359558 0.3554234802722931
Pedestrian 0.0 0 2.1098179817199707 996.6116333007812 141.42816162109375 1084.5145263671875 289.4938049316406 0.70869243 1.7183169 0.65400064 5.2076097 1.3539746 8.827437 2.642803430557251 0.2936054766178131
Pedestrian 0.0 0 2.2326836585998535 1075.779052734375 141.54019165039062 1176.885009765625 295.6402587890625 0.7172038 1.734423 0.6768753 6.047331 1.3823385 8.545894 2.8485121726989746 0.2584555149078369
Pedestrian 0.0 0 2.6243629455566406 861.9083862304688 141.59494018554688 932.2063598632812 259.81195068359375 0.7775299 1.7358127 0.63857675 4.2969728 1.2771852 10.963458 2.9978983402252197 0.2565000355243683
Pedestrian 0.0 0 -2.6177802085876465 1118.615966796875 122.87873077392578 1191.5269775390625 241.74032592773438 0.6905896 1.7850796 0.6230966 8.45543 1.0349021 11.27329 -1.9742529392242432 0.23248744010925293
Pedestrian 0.0 0 -0.4626261591911316 827.2078247070312 143.17303466796875 893.78662109375 240.46815490722656 0.969752 1.7042911 0.5925235 4.4496117 1.1847358 12.9940405 -0.13270677626132965 0.17981430888175964
Cyclist 0.0 0 2.23339581489563 0.0 165.69325256347656 287.03399658203125 375.0 1.6006582 1.6582074 0.6330621 -2.6008646 1.6265858 4.045435 1.6620185375213623 0.6793605089187622
Cyclist 0.0 0 -1.2254823446273804 539.031005859375 163.87258911132812 569.4332885742188 212.97557067871094 1.6752224 1.7070735 0.55922145 -2.03545 1.3951912 25.963343 -1.303719401359558 0.5140745043754578
Car 0.0 0 1.3974778652191162 609.8387451171875 165.15234375 647.9419555664062 193.4947967529297 3.9583535 1.6231735 1.6237574 1.0544088 1.1824571 43.397522 1.421769618988037 0.865916907787323
Car 0.0 0 -1.3869620561599731 570.7074584960938 170.04380798339844 615.9590454101562 200.9613800048828 4.242472 1.589453 1.7190014 -0.8828874 1.4453408 39.322834 -1.4094105958938599 0.19890151917934418
Car 0.0 0 -1.8924561738967896 703.2301635742188 161.4257049560547 744.4352416992188 183.6540985107422 4.3192673 1.5404755 1.6602405 8.161779 0.7488278 52.268837 -1.737557053565979 0.13121090829372406
