Pedestrian 0.0 0 -1.8066468238830566 697.3781127929688 163.25238037109375 714.7830200195312 197.56948852539062 1.1477692 1.868629 0.70362186 5.270728 1.3461612 39.893745 -1.675288438796997 0.3874664306640625
Cyclist 0.0 0 -1.8066468238830566 697.3781127929688 163.25238037109375 714.7830200195312 197.56948852539062 1.1477692 1.868629 0.70362186 5.270728 1.3461612 39.893745 -1.675288438796997 0.1900450736284256
Car 0.0 0 2.0995187759399414 22.18389892578125 198.19117736816406 304.1255798339844 342.6927795410156 3.6117122 1.4660631 1.5894853 -5.7468843 1.8727715 9.760514 1.5673832893371582 0.9483654499053955
Car 0.0 0 1.254562497138977 731.8500366210938 178.4256134033203 881.3358154296875 270.4285583496094 3.694372 1.4254999 1.5341444 3.3873312 1.5432115 13.300549 1.5039372444152832 0.9436986446380615
Car 0.0 0 -1.7411036491394043 664.8751220703125 175.91836547851562 721.6696166992188 218.19976806640625 3.5437565 1.5003303 1.5719062 3.084032 1.6259634 27.679113 -1.6301404237747192 0.9379885792732239
Car 0.0 0 -1.786759614944458 692.0357055664062 180.0321502685547 785.22509765625 242.80172729492188 3.9347322 1.4533979 1.5985235 3.2447095 1.664387 19.165987 -1.6190545558929443 0.9302526116371155
Car 0.0 0 1.9921278953552246 328.7289733886719 185.1423797607422 454.11993408203125 251.10806274414062 4.0543303 1.4530559 1.592293 -5.576909 1.809547 18.793556 1.7036592960357666 0.9287590980529785
Car 0.0 0 -2.2916383743286133 933.7745971679688 190.1529541015625 1242.0 375.0 3.7397373 1.4794012 1.6233186 3.23745 1.6126232 3.6671913 -1.568399429321289 0.8555519580841064
Car 0.0 0 1.7442011833190918 466.8357238769531 181.1704864501953 512.4129028320312 214.0491943359375 3.606751 1.4174477 1.5087866 -5.626674 1.8286129 33.82909 1.5793834924697876 0.7197890877723694
Car 0.0 0 -1.7502299547195435 658.4578247070312 176.26205444335938 704.9806518554688 210.05203247070312 3.5073247 1.4485734 1.5115923 3.1968992 1.6138613 33.105095 -1.6539602279663086 0.4550383388996124
