Pedestrian 0.0 0 -1.877650260925293 645.0958862304688 168.27816772460938 681.2031860351562 234.7863311767578 0.93432856 1.7722126 0.7351658 1.6500874 1.4210612 19.675463 -1.7939808368682861 0.7439305782318115
Pedestrian 0.0 0 -1.7389816045761108 599.3140258789062 163.81736755371094 673.5549926757812 317.548828125 0.85883564 1.6561621 0.7066293 0.33249795 1.4670236 8.206983 -1.6984896659851074 0.7345044612884521
Pedestrian 0.0 0 -1.3343433141708374 186.99844360351562 164.24929809570312 274.50103759765625 322.269775390625 1.0272336 1.6102991 0.6343458 -4.0872126 1.435872 7.8920856 -1.812198281288147 0.7206287980079651
Pedestrian 0.0 0 -1.8565272092819214 738.810791015625 166.8334197998047 776.2584838867188 245.84568786621094 0.835318 1.7580591 0.6236954 3.522729 1.432939 16.420355 -1.6451961994171143 0.6800364851951599
Pedestrian 0.0 0 -0.5413587093353271 722.515625 167.42189025878906 755.5744018554688 232.59774780273438 0.65648764 1.6730928 0.55723435 3.5685997 1.3128781 18.812468 -0.3538927733898163 0.583682119846344
Pedestrian 0.0 0 -1.6643894910812378 660.8010864257812 160.50091552734375 731.906982421875 311.6709899902344 0.8077592 1.6839225 0.7467445 1.0440991 1.4513618 8.413954 -1.5409291982650757 0.4985515773296356
Pedestrian 0.0 0 1.6304001808166504 788.13134765625 139.50726318359375 827.27294921875 240.91134643554688 0.5987311 1.817747 0.6622782 3.7743213 1.0662652 13.266073 1.9075853824615479 0.493461012840271
Pedestrian 0.0 0 -2.0673465728759766 801.0951538085938 144.01673889160156 848.2385864257812 233.6908721923828 0.7581422 1.8496853 0.6745369 4.6930914 1.0777655 15.2523155 -1.768843412399292 0.3987506628036499
Pedestrian 0.0 0 2.8306541442871094 0.0 184.10333251953125 191.70587158203125 374.0 0.9476491 1.6804684 0.6552168 -2.4783285 1.6952063 3.0942771 2.1553406715393066 0.38495105504989624
Pedestrian 0.0 0 -0.37697702646255493 709.896728515625 163.86782836914062 734.58984375 206.7832794189453 0.82236606 1.7124404 0.59514815 4.862989 1.0098726 29.037971 -0.21104681491851807 0.3775077760219574
Pedestrian 0.0 0 -0.1158917173743248 594.112060546875 173.96820068359375 617.02880859375 208.5159454345703 1.1330453 1.790241 0.6334088 0.20742002 1.4008055 37.598206 -0.11037501692771912 0.36306965351104736
Pedestrian 0.0 0 -0.5425164699554443 734.8417358398438 166.11485290527344 757.1981201171875 215.3164825439453 0.5912301 1.8323406 0.62197703 5.4403286 1.2604107 27.141825 -0.34469711780548096 0.28126204013824463
Cyclist 0.0 0 1.675525426864624 411.5454406738281 164.43397521972656 460.2454833984375 269.31719970703125 1.8170182 1.7599175 0.6762409 -3.00391 1.474838 12.993893 1.4483379125595093 0.9451003074645996
Cyclist 0.0 0 1.8886350393295288 313.8044128417969 167.16624450683594 435.91558837890625 333.47344970703125 1.7720516 1.6943123 0.81647396 -2.5627437 1.5496475 8.207798 1.5859936475753784 0.8947347402572632
Cyclist 0.0 0 -1.7513401508331299 712.8569946289062 163.88267517089844 731.494140625 207.10098266601562 1.0928826 1.716594 0.5545231 4.8637805 1.0178541 29.07952 -1.5856162309646606 0.2617802321910858
Cyclist 0.0 0 -0.1158917173743248 594.112060546875 173.96820068359375 617.02880859375 208.5159454345703 1.1330453 1.790241 0.6334088 0.20742002 1.4008055 37.598206 -0.11037501692771912 0.16653229296207428
Cyclist 0.0 0 -1.74626886844635 600.2840576171875 163.28347778320312 674.0606689453125 317.127197265625 0.90558195 1.6517836 0.6867767 0.3398076 1.4575557 8.204607 -1.7048758268356323 0.1088099330663681
Car 0.0 0 1.6872555017471313 481.71783447265625 169.7457275390625 524.16748046875 207.72137451171875 4.5830154 2.0452344 1.8799686 -5.5528092 1.413023 40.992584 1.5526161193847656 0.65876704454422
Car 0.0 0 -2.0337882041931152 379.53814697265625 161.96597290039062 446.24371337890625 196.70175170898438 4.255092 1.7612269 1.7430032 -10.181396 0.7716532 38.592976 -2.2917261123657227 0.30494385957717896
