Car 0.0 0 -1.7588269710540771 676.1240844726562 179.82272338867188 781.3369140625 253.34353637695312 4.280034 1.4746287 1.6345919 2.6026988 1.6606171 17.048874 -1.6073355674743652 0.9635656476020813
Car 0.0 0 -2.015681743621826 782.0053100585938 194.0103302001953 1113.8284912109375 375.0 3.5666766 1.3891333 1.5397415 2.9813929 1.6581198 7.333391 -1.6295413970947266 0.9560414552688599
Car 0.0 0 -2.481563091278076 2.666133403778076 193.82669067382812 319.7767639160156 313.5538024902344 3.676469 1.4965651 1.5656322 -6.3569703 1.8258585 10.33632 -3.0329484939575195 0.9388091564178467
Car 0.0 0 -1.6894232034683228 662.6384887695312 179.19345092773438 715.8778686523438 218.3143768310547 4.0219445 1.3677619 1.563426 2.9484274 1.6310343 27.900223 -1.5841363668441772 0.8770101070404053
Car 0.0 0 0.3360699415206909 325.3577880859375 182.9453582763672 480.82196044921875 236.48004150390625 4.020951 1.4535688 1.576059 -5.949481 1.7579468 20.831831 0.05787992477416992 0.8486228585243225
Car 0.0 0 -2.6471855640411377 101.64562225341797 184.59214782714844 358.1425476074219 278.923095703125 3.70124 1.532479 1.5893286 -6.631368 1.7535945 12.74539 -3.1269373893737793 0.8132157325744629
Car 0.0 0 -2.404750347137451 0.0 194.8970947265625 229.98428344726562 337.5049743652344 3.6722603 1.3720144 1.5299709 -6.53286 1.6456561 8.074994 -3.0849692821502686 0.795194149017334
Car 0.0 0 0.4692033529281616 192.9033660888672 178.0015106201172 401.9189758300781 260.59869384765625 3.7420294 1.6243662 1.5536284 -6.537643 1.7394868 15.191076 0.06280088424682617 0.7584310173988342
Car 0.0 0 0.8662693500518799 0.0 200.3944091796875 121.96714782714844 375.0 3.7269015 1.4642524 1.5748879 -6.3379693 1.7173309 5.7682867 0.03384900093078613 0.6587240695953369
Car 0.0 0 0.2637007534503937 368.7120056152344 168.91932678222656 475.6093444824219 222.40525817871094 3.4020104 1.8552358 1.6234877 -6.7161403 1.7191137 25.85274 0.009534597396850586 0.6084350347518921
Car 0.0 0 3.411803722381592 338.3929748535156 180.6317138671875 470.55426025390625 228.43585205078125 3.8316736 1.4759219 1.5638055 -6.618098 1.7363108 23.326433 3.1353518962860107 0.5200783014297485
Car 0.0 0 -1.6485275030136108 642.9806518554688 172.72311401367188 673.072021484375 199.7989959716797 3.975921 1.6962639 1.6521857 3.0695446 1.6884224 47.198944 -1.5835847854614258 0.5194805860519409
