Pedestrian 0.0 0 -1.7662298679351807 858.505859375 136.09072875976562 900.2654418945312 216.65061950683594 1.0079815 1.8290329 0.7330936 6.2579646 0.99471724 16.934595 -1.4122569561004639 0.22461402416229248
Pedestrian 0.0 0 -3.0992143154144287 801.0076293945312 141.8767852783203 822.9893188476562 194.49703979492188 0.73124963 1.8505418 0.6426592 7.17986 0.76149756 25.790705 -2.827699661254883 0.19393381476402283
Pedestrian 0.0 0 -2.6328165531158447 463.0991516113281 161.3212890625 486.4905700683594 198.1121063232422 1.0435469 1.8690186 0.5550392 -6.984519 1.2835007 37.080883 -2.8189942836761475 0.16508187353610992
Pedestrian 0.0 0 -1.840004801750183 832.7636108398438 165.40533447265625 874.740966796875 231.1527862548828 0.97203064 1.8239905 0.9029244 6.872298 1.6177049 20.524057 -1.5168979167938232 0.12012264132499695
Pedestrian 0.0 0 -3.4642221927642822 880.8972778320312 140.8448486328125 915.9810180664062 209.85108947753906 0.75983375 1.9219811 0.63309705 8.112876 1.0308114 20.43081 -3.08622670173645 0.11823491007089615
Pedestrian 0.0 0 -1.3723886013031006 495.78460693359375 183.4706573486328 512.7568969726562 219.9096221923828 0.842571 1.7543564 0.6728988 -5.2254353 2.282506 35.429268 -1.5188220739364624 0.10548710823059082
Pedestrian 0.0 0 -0.4914141595363617 777.093994140625 176.22900390625 799.4067993164062 217.73231506347656 0.781141 1.7911812 0.5477112 7.753681 1.9408591 31.558071 -0.2504907250404358 0.1039898544549942
Cyclist 0.0 0 -1.7033116817474365 737.693359375 162.68678283691406 750.6121215820312 193.23667907714844 1.8089803 1.8146865 0.53359914 8.097918 1.2111039 43.77396 -1.5203857421875 0.16871972382068634
Cyclist 0.0 0 1.3684732913970947 866.6654663085938 139.9856414794922 912.5977172851562 221.99790954589844 1.3625785 1.8416396 0.7413396 6.490405 1.1039171 16.932455 1.7345107793807983 0.1644313484430313
Car 0.0 0 -0.401624470949173 672.0292358398438 180.32778930664062 751.9692993164062 213.54774475097656 3.5835822 1.5640659 1.5975472 5.00086 1.9476883 35.761887 -0.26268771290779114 0.3450632095336914
Car 0.0 0 1.6653475761413574 451.1984558105469 164.8810272216797 474.56964111328125 182.55686950683594 3.9187274 1.4946338 1.6401409 -12.843211 0.8208119 63.044434 1.4643807411193848 0.13436630368232727
