Car 0.0 0 1.9418591260910034 148.03677368164062 189.10232543945312 391.6070251464844 332.09832763671875 4.1958833 1.5428137 1.6937121 -4.598329 1.8255134 10.401117 1.5255945920944214 0.9521412253379822
Car 0.0 0 1.834152102470398 343.0937194824219 185.71591186523438 469.7657775878906 266.4831237792969 4.445519 1.5374223 1.6890583 -4.557261 1.8745974 16.666527 1.567238688468933 0.9402888417243958
Car 0.0 0 1.3932828903198242 695.70458984375 171.08253479003906 761.6085815429688 215.41831970214844 4.4121804 1.5940036 1.7645571 4.4890037 1.5306717 28.161499 1.551355242729187 0.9307116270065308
Car 0.0 0 -0.46732819080352783 929.109130859375 137.32833862304688 1146.801025390625 207.4713897705078 4.53448 1.7135674 1.7570479 10.854327 0.84604746 18.637148 0.060051679611206055 0.908744215965271
Car 0.0 0 -1.4841095209121704 627.2185668945312 177.96920776367188 661.8523559570312 207.5919189453125 3.533684 1.522062 1.5990967 1.8979067 1.816143 39.5709 -1.436184048652649 0.8913729190826416
Car 0.0 0 -0.15791386365890503 688.7120361328125 173.61465454101562 792.7642211914062 207.47509765625 4.3760552 1.4736298 1.6400086 5.7504926 1.5089455 32.29757 0.018286943435668945 0.8737003207206726
Car 0.0 0 1.7731863260269165 424.8334655761719 182.8760223388672 503.7148132324219 238.06564331054688 3.9158049 1.5186778 1.6543483 -4.4896545 1.859236 22.52747 1.5764669179916382 0.8562393188476562
Car 0.0 0 -2.6639912128448486 1139.19580078125 148.40841674804688 1242.0 198.16827392578125 3.3371637 1.7827015 1.5589612 22.541521 0.90726966 27.688137 -1.9806983470916748 0.6425067782402039
Car 0.0 0 -2.2073707580566406 1092.7816162109375 139.9760284423828 1206.853515625 190.93873596191406 3.4980543 1.8319457 1.7614912 20.532978 0.6504459 27.684637 -1.5692194700241089 0.581131637096405
Car 0.0 0 1.7225817441940308 474.6456298828125 180.50418090820312 527.1145629882812 220.46029663085938 3.6730955 1.4565485 1.5357035 -4.3378553 1.7822329 28.842442 1.5733022689819336 0.5478600263595581
Car 0.0 0 -1.2739838361740112 637.9773559570312 177.0662841796875 681.7042236328125 204.1587371826172 3.8050838 1.5534151 1.6241349 3.0570412 1.8231839 44.07846 -1.2047401666641235 0.5079419612884521
