Pedestrian 0.0 0 -1.7452459335327148 0.632797360420227 113.37439727783203 67.97856903076172 275.65472412109375 0.37447453 1.7918406 0.54762334 -6.6703124 1.1354463 8.293566 -2.422588586807251 0.2318406105041504
Pedestrian 0.0 0 1.1612492799758911 789.5839233398438 136.999267578125 882.9475708007812 307.27545166015625 0.90584606 1.7770704 0.6800554 2.4331753 1.403234 8.016418 1.4559359550476074 0.18884418904781342
Pedestrian 0.0 0 -1.464582085609436 321.76715087890625 149.78948974609375 358.041259765625 230.518310546875 1.111715 1.6221095 0.5999053 -5.6919403 1.159025 15.108746 -1.8248698711395264 0.15348421037197113
Pedestrian 0.0 0 1.1116399765014648 605.77197265625 165.10171508789062 621.4365844726562 205.1148681640625 0.45871708 1.9388438 0.6280077 0.13734302 1.5635637 35.30355 1.115530252456665 0.14262153208255768
Cyclist 0.0 0 -1.6899644136428833 635.2447509765625 168.29092407226562 659.8401489257812 223.72891235351562 1.8156984 1.7228124 0.5774879 1.1541705 1.5813664 23.345802 -1.6405665874481201 0.1368730217218399
Cyclist 0.0 0 -1.4618620872497559 320.9202575683594 149.90504455566406 357.7732238769531 231.1802520751953 1.2044483 1.6274607 0.5980324 -5.700134 1.1682869 15.103129 -1.8227475881576538 0.1359243392944336
Car 0.0 0 1.8064429759979248 226.8502655029297 200.51206970214844 428.0306701660156 343.29364013671875 4.4544716 1.4236927 1.6175063 -3.8021204 1.9108114 10.390359 1.455649733543396 0.9338672161102295
Car 0.0 0 -1.5851277112960815 580.6995239257812 186.434326171875 622.3284912109375 224.80335998535156 3.6844945 1.4926151 1.6971588 -0.43941802 2.1163511 31.252409 -1.5991871356964111 0.5310506820678711
Car 0.0 0 -1.6244001388549805 563.3927612304688 185.7345733642578 588.3045043945312 208.2920379638672 3.7685294 1.6157385 1.7219838 -2.701672 2.6487534 55.88212 -1.6727083921432495 0.3759078085422516
Car 0.0 0 0.1929376721382141 432.1809997558594 167.73751831054688 488.43426513671875 187.8494415283203 4.051952 1.5444841 1.665583 -11.665252 1.1519239 56.26338 -0.011498749256134033 0.1822996437549591
