Pedestrian 0.0 0 -2.210827350616455 853.7837524414062 148.6422119140625 915.4761352539062 273.98236083984375 0.5413144 1.8255317 0.6788082 4.074386 1.473254 10.860369 -1.8519155979156494 0.6228958368301392
Car 0.0 0 1.8186500072479248 328.1407775878906 189.8780975341797 493.4405517578125 303.3402404785156 3.7513783 1.4170854 1.6193851 -3.000916 1.7322197 11.456146 1.5624580383300781 0.9208430051803589
Car 0.0 0 -1.75019371509552 671.3903198242188 180.67071533203125 762.8958129882812 247.87310791015625 4.0181036 1.5017905 1.6114355 2.5941799 1.7261832 18.636782 -1.611885666847229 0.918877899646759
Car 0.0 0 -2.06425142288208 812.8456420898438 180.92637634277344 1242.0 375.0 3.8103445 1.500299 1.6325699 2.6739056 1.5771123 4.9225793 -1.566650152206421 0.90497225522995
Car 0.0 0 0.247056782245636 335.37213134765625 188.46827697753906 419.7774353027344 217.2042236328125 4.013755 1.4542542 1.5913703 -12.365124 2.30645 38.438015 -0.06417841464281082 0.7527695298194885
Car 0.0 0 -1.5303878784179688 590.3421020507812 178.63381958007812 615.9576416015625 201.79214477539062 3.9044516 1.5008621 1.6107916 -0.46736243 1.9153646 49.72191 -1.5397871732711792 0.7260707020759583
Car 0.0 0 -1.6746141910552979 640.7288208007812 177.8120574951172 685.4886474609375 214.06619262695312 4.124737 1.5702895 1.6653416 2.3939245 1.8180323 33.909843 -1.6041343212127686 0.7100750803947449
Car 0.0 0 -1.9664175510406494 740.375 166.53750610351562 952.4945068359375 320.8591613769531 2.657997 1.5793427 1.4985603 2.6408012 1.5150571 8.780825 -1.6742761135101318 0.7080126404762268
Car 0.0 0 -1.6942826509475708 661.1612548828125 177.40423583984375 722.1930541992188 226.72625732421875 3.506046 1.4602287 1.5324072 2.5356362 1.6196142 23.449646 -1.5865700244903564 0.5315463542938232
Car 0.0 0 -1.6992684602737427 633.0148315429688 176.1737823486328 663.0199584960938 200.1670684814453 4.0851693 1.6480535 1.6522747 2.6836612 1.8984395 52.239635 -1.6479414701461792 0.3796198070049286
