Pedestrian 0.0 0 3.408151626586914 207.63865661621094 151.7824249267578 321.9942321777344 316.6695861816406 1.0377078 1.7856827 0.67757666 -3.9635146 1.5578411 8.23835 2.959733724594116 0.216144859790802
Pedestrian 0.0 0 2.2433769702911377 713.9415893554688 172.00692749023438 747.2063598632812 231.44705200195312 0.73529893 1.789011 0.7066948 3.6673605 1.763874 22.222532 2.4069316387176514 0.20016302168369293
Pedestrian 0.0 0 -0.2283814251422882 887.9263916015625 146.0340118408203 940.1024169921875 256.170166015625 0.6600196 1.783649 0.70528793 5.0259748 1.3496585 12.08478 0.16575026512145996 0.1765841245651245
Pedestrian 0.0 0 1.9488317966461182 1146.43017578125 154.22830200195312 1242.0 355.6827697753906 0.67616916 1.7224776 0.65406466 5.4102645 1.563582 6.6166506 2.6342570781707764 0.16940827667713165
Pedestrian 0.0 0 0.4117293655872345 340.63580322265625 126.8192367553711 435.6287841796875 279.3132629394531 0.9404163 1.7784784 0.6059285 -2.733989 1.2419508 8.764742 0.10936355590820312 0.14937010407447815
Pedestrian 0.0 0 -2.7428994178771973 438.5409851074219 156.65936279296875 481.4194030761719 241.69430541992188 0.67436093 1.6830016 0.5956948 -3.087392 1.3628373 14.634223 -2.9508211612701416 0.1313292533159256
Pedestrian 0.0 0 0.12310141324996948 34.7880973815918 89.69866943359375 188.6949462890625 324.3557434082031 0.92213863 1.6821263 0.6864822 -3.9304378 1.0863898 5.6873274 -0.4816175699234009 0.11108328402042389
Cyclist 0.0 0 1.0685070753097534 873.2479248046875 146.05850219726562 952.7775268554688 258.63818359375 1.4653635 1.7702585 0.5907655 4.99348 1.3492707 12.103965 1.4597846269607544 0.14886631071567535
Cyclist 0.0 0 -2.324751377105713 0.0 112.61713409423828 120.39208221435547 262.6783752441406 1.67293 1.7018116 0.5081019 -6.8125668 1.0190363 8.551632 -2.9974398612976074 0.13353678584098816
Cyclist 0.0 0 2.1391849517822266 209.1204376220703 152.4864959716797 322.01580810546875 317.8888244628906 1.0261178 1.7759401 0.7371045 -3.9809844 1.5576102 8.298289 1.6918798685073853 0.11782397329807281
Cyclist 0.0 0 1.8205952644348145 492.2205810546875 169.55795288085938 517.9238891601562 216.73165893554688 1.6837882 1.7158022 0.55936694 -3.9713311 1.5962766 27.107477 1.6751269102096558 0.10818290710449219
Car 0.0 0 1.5729331970214844 512.3125610351562 180.18910217285156 563.104736328125 226.81410217285156 4.383019 1.4096003 1.5833262 -2.5254612 1.6848799 24.781424 1.4713743925094604 0.9384781122207642
Car 0.0 0 -0.6032207608222961 0.0 152.82179260253906 106.64476776123047 320.780029296875 3.6984284 1.571563 1.6195542 -8.450624 1.3844821 8.720925 -1.3728790283203125 0.21583537757396698
