Pedestrian 0.0 0 -3.4379515647888184 829.617431640625 142.6640167236328 873.424072265625 210.188232421875 1.0119267 1.8394228 0.62060165 6.6297355 1.0173775 19.975021 -3.117490530014038 0.3121491074562073
Pedestrian 0.0 0 -2.194904327392578 1105.758056640625 126.84044647216797 1194.190185546875 252.3022003173828 0.95776737 1.7741822 0.5993533 7.9143467 1.1238523 10.683555 -1.5573190450668335 0.17103324830532074
Pedestrian 0.0 0 2.077526330947876 769.2876586914062 155.21478271484375 798.10546875 194.89788818359375 1.7662876 1.8787558 0.57597417 8.397668 1.0440036 35.00323 2.3129873275756836 0.10432834178209305
Pedestrian 0.0 0 1.3717362880706787 560.696044921875 154.97425842285156 598.336181640625 225.7911376953125 1.5450953 1.6903152 0.64196825 -0.828912 1.2639048 18.046835 1.3258373737335205 0.10211066156625748
Cyclist 0.0 0 2.0553386211395264 769.9227294921875 156.13438415527344 797.8074340820312 194.58311462402344 1.7252142 1.8179619 0.5777187 8.393318 1.0277704 34.952465 2.2910115718841553 0.49907010793685913
Cyclist 0.0 0 -1.8960589170455933 547.2656860351562 153.60414123535156 595.09326171875 226.23162841796875 1.6856732 1.7337664 0.6918799 -1.0461425 1.2745911 18.132885 -1.953688144683838 0.3109789788722992
Cyclist 0.0 0 -1.2604376077651978 666.3781127929688 157.6454620361328 690.265869140625 206.6483612060547 1.6532044 1.9744673 0.5081869 2.8036804 1.3620298 29.930046 -1.167035698890686 0.17334036529064178
Cyclist 0.0 0 -1.9893630743026733 831.5302124023438 142.18626403808594 871.2335815429688 210.31747436523438 1.1640822 1.8298728 0.6206304 6.6242957 1.0065547 19.986105 -1.6693129539489746 0.16803443431854248
Cyclist 0.0 0 -2.057206630706787 1105.746826171875 128.2443389892578 1198.1192626953125 251.4082489013672 1.3602775 1.7495308 0.5432877 8.135136 1.116213 10.96007 -1.4186824560165405 0.1233162134885788
Car 0.0 0 -1.920053482055664 871.7163696289062 125.63969421386719 1166.6868896484375 306.3506774902344 3.9172819 1.629578 1.6696329 4.37781 1.2041765 8.550604 -1.4468612670898438 0.9509009718894958
Car 0.0 0 -0.5902113914489746 864.5289916992188 158.54827880859375 966.2332153320312 193.98463439941406 3.884881 1.4982344 1.5855907 13.328096 0.89375275 31.651861 -0.19166222214698792 0.5114478468894958
