Pedestrian 0.0 0 -1.605079174041748 757.1377563476562 159.47714233398438 770.7012329101562 200.590087890625 0.623238 1.8631005 0.5838506 7.4295745 0.8660354 32.910545 -1.3830504417419434 0.32172414660453796
Pedestrian 0.0 0 2.342689037322998 73.98816680908203 194.3540802001953 318.93414306640625 374.0 1.122062 1.6671567 0.7389569 -2.4675484 1.7590127 4.4145746 1.8329967260360718 0.3049945831298828
Pedestrian 0.0 0 2.22023868560791 1139.7481689453125 87.01192474365234 1238.0 292.7543029785156 0.68344873 1.837287 0.6922982 5.674189 0.99488556 6.826542 2.9137136936187744 0.2753300666809082
Pedestrian 0.0 0 1.3960493803024292 581.2483520507812 132.7202911376953 618.1522216796875 217.44183349609375 0.8198599 1.7493627 0.6499657 -0.08329594 0.7433782 15.291376 1.3906022310256958 0.2260969579219818
Pedestrian 0.0 0 0.569934070110321 55.91006088256836 167.6038360595703 105.46453857421875 226.4037322998047 0.9880669 1.898178 0.9108765 -17.169655 1.450678 23.669811 -0.0576244555413723 0.1500118523836136
Pedestrian 0.0 0 -0.8844814300537109 1103.6085205078125 153.88941955566406 1130.3831787109375 201.14198303222656 0.6375791 1.8591819 0.59803665 20.529768 0.77383554 28.632208 -0.2624260485172272 0.14109468460083008
Pedestrian 0.0 0 -2.3530685901641846 1113.9117431640625 160.05148315429688 1153.0980224609375 214.71083068847656 0.94358605 1.8697146 0.6107643 18.54415 1.1371046 25.080349 -1.7163928747177124 0.13901938498020172
Cyclist 0.0 0 -2.1306519508361816 1121.4029541015625 154.88064575195312 1174.1484375 205.4078369140625 1.9217443 1.7998053 0.6236415 20.15271 0.85266507 26.56965 -1.4817417860031128 0.24119073152542114
Cyclist 0.0 0 -2.1811487674713135 812.3248901367188 147.60369873046875 881.0324096679688 227.2952880859375 1.8590516 1.7571034 0.5477897 5.663896 1.0109513 16.804846 -1.8560664653778076 0.18474993109703064
Cyclist 0.0 0 2.810898780822754 777.183837890625 145.38299560546875 810.9552612304688 183.62643432617188 1.4139954 1.7962008 0.6489971 9.130917 0.100789994 34.108376 3.0724685192108154 0.1421356499195099
Cyclist 0.0 0 3.30605149269104 190.58767700195312 163.26609802246094 240.9725799560547 222.84515380859375 1.4826531 2.0471554 0.5862867 -13.533539 1.4217031 25.196217 2.8131461143493652 0.13500572741031647
Cyclist 0.0 0 2.364635705947876 63.63767623901367 191.9355010986328 321.4259948730469 374.0 1.1491851 1.723812 0.78085893 -2.4684308 1.7984743 4.3799314 1.8514281511306763 0.11711277067661285
Car 0.0 0 -0.9426381587982178 993.3950805664062 183.90846252441406 1232.32958984375 275.6398010253906 3.6288898 1.4045596 1.5139955 8.740808 1.4516404 12.3643055 -0.3272704482078552 0.8762837052345276
Car 0.0 0 -0.7648956775665283 763.9144897460938 145.8456573486328 851.6956787109375 181.6503448486328 3.991733 1.6737095 1.8323774 10.146122 0.007947389 35.31756 -0.4851466119289398 0.18004047870635986
Car 0.0 0 2.432220220565796 0.0 157.18411254882812 282.585205078125 374.0 3.8205938 1.501324 1.5761491 -3.0470984 1.4708313 2.8885527 1.6201176643371582 0.15928032994270325
Car 0.0 0 -0.7728704214096069 792.4959716796875 163.3614959716797 955.0435791015625 231.9158172607422 3.6143098 1.529409 1.5947398 6.5920334 1.1259667 17.477617 -0.41219860315322876 0.13656151294708252
