Car 0.0 0 -1.8237971067428589 713.1915283203125 182.02853393554688 901.235107421875 305.7781066894531 4.3885174 1.4841434 1.6568232 2.7201862 1.6547903 11.1838 -1.5852044820785522 0.9504938125610352
Car 0.0 0 0.7150740623474121 0.0 172.88998413085938 232.4410400390625 328.5736389160156 4.185144 1.5091484 1.6648864 -6.68598 1.50994 7.84363 0.009183168411254883 0.9176726341247559
Car 0.0 0 -0.2953491806983948 813.3494262695312 178.42774963378906 1002.444580078125 248.01121520996094 3.5817049 1.4440306 1.582429 6.4604874 1.5758073 16.06597 0.08698558807373047 0.8949646353721619
Car 0.0 0 0.37672656774520874 118.3938980102539 180.71707153320312 412.1709899902344 271.9051208496094 4.291086 1.4380575 1.6184971 -5.8224034 1.5845872 12.473978 -0.05998048931360245 0.8905351758003235
Car 0.0 0 3.6726932525634766 0.0 177.61427307128906 249.14048767089844 304.0055847167969 3.0589802 1.6071346 1.5230688 -7.0172763 1.679999 10.112663 3.0660665035247803 0.6975807547569275
Car 0.0 0 -0.28117066621780396 720.4539184570312 175.7275848388672 813.02880859375 214.82325744628906 3.488427 1.5850496 1.6109136 6.5002446 1.7098229 30.311823 -0.0699242353439331 0.6606714129447937
Car 0.0 0 -1.6533727645874023 631.4508056640625 176.19619750976562 656.5022583007812 196.70091247558594 3.6730819 1.4745609 1.5817403 2.5017636 1.7353519 54.357346 -1.6073808670043945 0.6559725403785706
Car 0.0 0 -0.18234406411647797 677.8543701171875 178.29232788085938 754.7675170898438 207.22659301757812 3.98387 1.5545975 1.6436642 5.818549 1.8632064 39.998222 -0.037887152284383774 0.5945841073989868
Car 0.0 0 -0.28922995924949646 729.3711547851562 181.86456298828125 835.3471069335938 222.5358428955078 3.7016206 1.5058665 1.5818247 6.597868 1.8671988 28.006315 -0.057863689959049225 0.5802895426750183
Car 0.0 0 3.300271987915039 369.4169006347656 177.22512817382812 498.8243408203125 220.22122192382812 4.1560845 1.4203935 1.5644617 -6.0470123 1.5777495 24.96906 3.062666654586792 0.577897846698761
Car 0.0 0 0.2217121720314026 417.796630859375 174.13491821289062 519.3618774414062 216.25714111328125 3.8552375 1.68536 1.6071161 -5.825838 1.7401087 29.7772 0.02850508689880371 0.5766816735267639
Car 0.0 0 -2.857996940612793 333.7211608886719 177.7098846435547 475.3583984375 225.6147003173828 4.0105696 1.4461961 1.5986804 -6.4504266 1.6052179 22.75897 -3.1341774463653564 0.552179753780365
