Pedestrian 0.0 0 2.421278953552246 1073.525634765625 163.7498016357422 1134.1798095703125 258.2167663574219 0.74421394 1.7071059 0.54599136 9.247984 1.3876125 13.291385 3.029172420501709 0.27643874287605286
Pedestrian 0.0 0 1.5825531482696533 467.7835388183594 196.45713806152344 480.0968933105469 232.14990234375 1.3165786 1.8006011 0.619882 -6.659186 2.5973465 37.52167 1.4069063663482666 0.12403526157140732
Cyclist 0.0 0 1.6080327033996582 467.3677978515625 199.26670837402344 480.30712890625 234.25901794433594 1.4065363 1.7544272 0.615298 -6.66041 2.7011507 37.501873 1.4322633743286133 0.2586333155632019
Car 0.0 0 -1.30190110206604 313.8511962890625 182.57791137695312 510.97979736328125 306.5489501953125 4.0057173 1.3576201 1.5595013 -2.3868012 1.3768479 9.926244 -1.5378749370574951 0.9592104554176331
Car 0.0 0 -1.4277585744857788 478.2767639160156 175.51657104492188 552.4474487304688 229.876220703125 3.5489721 1.3831993 1.5633839 -2.3452425 1.232128 20.070389 -1.5440819263458252 0.9450278878211975
Car 0.0 0 -1.5563474893569946 598.8838500976562 167.46067810058594 642.2699584960938 208.85496520996094 4.138966 1.5164157 1.590884 0.7653208 1.0031496 28.4131 -1.5294184684753418 0.9133559465408325
Car 0.0 0 -1.5588423013687134 552.8961181640625 164.7096405029297 587.8943481445312 197.51486206054688 3.660789 1.5477074 1.6510699 -1.5317879 0.7564737 35.742493 -1.6016722917556763 0.8002604842185974
Car 0.0 0 -1.3519998788833618 465.9582214355469 194.35269165039062 511.6651916503906 224.43731689453125 3.9354885 1.4822417 1.6452645 -6.076986 2.2192473 39.12752 -1.5060811042785645 0.37332332134246826
Car 0.0 0 -1.144665002822876 307.82037353515625 184.7310028076172 393.6517333984375 228.89878845214844 3.3722212 1.40444 1.5455887 -8.599244 1.525112 24.844576 -1.4778804779052734 0.21680162847042084
Car 0.0 0 1.6805959939956665 584.7310791015625 164.23248291015625 611.5147705078125 184.57017517089844 3.8260524 1.4540116 1.5809199 -0.19414888 0.22011429 53.33964 1.6769561767578125 0.20722444355487823
