Pedestrian 0.0 0 1.491448163986206 433.47039794921875 166.7688751220703 473.208251953125 254.93617248535156 1.0035458 1.7197006 0.7072663 -3.2435737 1.6013683 14.654159 1.2736185789108276 0.8022459745407104
Pedestrian 0.0 0 1.8238171339035034 363.8716125488281 164.25379943847656 427.71649169921875 273.6980895996094 0.9152402 1.6761354 0.77532876 -3.4526315 1.5447813 11.51966 1.5326205492019653 0.7510828971862793
Pedestrian 0.0 0 -1.6624363660812378 469.9622802734375 176.89987182617188 498.4502258300781 241.92135620117188 0.8585146 1.6346929 0.64890105 -3.3154216 1.7427199 18.699154 -1.8379160165786743 0.7351730465888977
Pedestrian 0.0 0 1.2658315896987915 701.5813598632812 161.1441650390625 742.1093139648438 228.35916137695312 0.96634454 1.8163838 0.85956013 3.0475168 1.5003011 20.039114 1.4167536497116089 0.6050925254821777
Pedestrian 0.0 0 0.9828535914421082 1089.1099853515625 167.94961547851562 1234.1463623046875 342.81353759765625 0.84491014 1.6504059 0.8261469 5.446452 1.604475 7.252281 1.6269934177398682 0.5519603490829468
Pedestrian 0.0 0 1.0866186618804932 556.006591796875 173.4946746826172 576.0347290039062 209.44659423828125 0.8287534 1.8609995 0.7504625 -2.350085 1.8955138 37.915184 1.0247151851654053 0.422971248626709
Pedestrian 0.0 0 -2.3745808601379395 324.90716552734375 165.66439819335938 387.95654296875 268.0576477050781 0.8059993 1.7001781 0.6411923 -4.4182034 1.581157 12.436346 -2.7159388065338135 0.26849544048309326
Pedestrian 0.0 0 0.5991785526275635 336.4069519042969 124.11962890625 395.773681640625 221.4295654296875 0.91145104 1.859799 0.6305308 -4.849156 0.9287398 14.212903 0.2703828811645508 0.2187548577785492
Pedestrian 0.0 0 3.716181516647339 0.0 95.51011657714844 162.53553771972656 251.46005249023438 1.7584304 1.6908512 0.5629813 -6.1910496 0.85262597 8.166167 3.0674948692321777 0.12300410121679306
Cyclist 0.0 0 3.716181516647339 0.0 95.51011657714844 162.53553771972656 251.46005249023438 1.7584304 1.6908512 0.5629813 -6.1910496 0.85262597 8.166167 3.0674948692321777 0.36543038487434387
Cyclist 0.0 0 -1.6951080560684204 471.2759094238281 177.0064239501953 498.2768859863281 240.5962371826172 0.8312673 1.600504 0.5887233 -3.3009593 1.7113088 18.704874 -1.8697854280471802 0.10225803405046463
Car 0.0 0 -1.8139275312423706 480.0785827636719 179.14639282226562 514.3241577148438 201.10443115234375 3.6845071 1.4924796 1.6027085 -8.221769 1.9656062 52.200108 -1.9701489210128784 0.2750975787639618
Car 0.0 0 -0.42935609817504883 734.8071899414062 180.98593139648438 907.384033203125 234.96755981445312 4.737677 1.5423553 1.9752249 6.4169307 1.8095484 22.343418 -0.1496875137090683 0.26552724838256836
