Pedestrian 0.0 0 -1.8980172872543335 748.0626831054688 156.0061492919922 775.39111328125 207.52410888671875 0.8570245 1.814923 0.71781063 5.721053 0.9178614 25.768496 -1.6795436143875122 0.60165935754776
Pedestrian 0.0 0 1.8705933094024658 538.0016479492188 173.13589477539062 560.9168701171875 220.80572509765625 0.84074813 1.6542782 0.5876312 -1.8554248 1.3650862 25.401344 1.7976784706115723 0.5748124122619629
Pedestrian 0.0 0 1.798511028289795 222.17449951171875 132.05801391601562 361.2522888183594 374.0 0.8943435 1.5978258 0.6187843 -1.9514503 1.322667 4.5112348 1.390241265296936 0.5164278745651245
Pedestrian 0.0 0 -1.7098814249038696 696.1953735351562 160.7391357421875 727.0565185546875 224.1790008544922 0.9428695 1.7956024 0.757295 3.1521242 1.2091309 20.804821 -1.5595157146453857 0.35729312896728516
Pedestrian 0.0 0 -1.6273961067199707 1086.400146484375 82.87151336669922 1238.0 374.0 0.7073824 1.6856436 0.6071557 2.0226457 1.4048042 2.517658 -0.9505953192710876 0.33524683117866516
Pedestrian 0.0 0 -2.739603281021118 996.8726806640625 97.77201080322266 1193.7794189453125 374.0 0.6301252 1.5978645 0.6963353 2.5166886 1.214661 3.751428 -2.1487021446228027 0.31230276823043823
Pedestrian 0.0 0 2.1234421730041504 682.6878051757812 159.41014099121094 711.581298828125 210.71080017089844 0.8134271 1.7367048 0.6627414 3.2881815 0.9899634 24.840122 2.2550508975982666 0.27362093329429626
Pedestrian 0.0 0 -1.7895976305007935 769.4404907226562 151.58724975585938 795.0806884765625 206.67984008789062 0.883252 1.8301505 0.66352165 6.087891 0.8375471 24.310434 -1.5442209243774414 0.2222670167684555
Pedestrian 0.0 0 0.07176265120506287 574.4213256835938 167.24208068847656 603.4264526367188 195.88404846191406 1.8207939 1.8210715 0.58919513 -0.78928405 0.9152589 46.01336 0.0546109676361084 0.13435038924217224
Cyclist 0.0 0 0.07176265120506287 574.4213256835938 167.24208068847656 603.4264526367188 195.88404846191406 1.8207939 1.8210715 0.58919513 -0.78928405 0.9152589 46.01336 0.0546109676361084 0.17551156878471375
Cyclist 0.0 0 -2.2552764415740967 1041.377685546875 103.96642303466797 1238.0 374.0 0.75951415 1.631962 0.53973264 2.0495026 1.3931957 2.6076064 -1.5891486406326294 0.15436559915542603
Cyclist 0.0 0 1.5650427341461182 689.9246826171875 158.6522674560547 709.5447387695312 211.57591247558594 1.1141549 1.7885025 0.6579569 3.3745294 1.0174632 24.867607 1.6999186277389526 0.1473597288131714
Cyclist 0.0 0 1.7965799570083618 226.14129638671875 136.0749053955078 362.8996276855469 374.0 0.91283095 1.6021166 0.61877465 -1.9701849 1.3445749 4.5967417 1.3916600942611694 0.12363017350435257
Car 0.0 0 1.9724113941192627 85.12555694580078 110.7457275390625 488.8853759765625 374.0 4.791488 2.0464773 2.078097 -2.8034625 1.5216913 7.789779 1.626953363418579 0.522367537021637
Car 0.0 0 -1.5485721826553345 665.625732421875 157.75311279296875 695.0923461914062 186.45086669921875 3.906064 1.6301439 1.6625208 4.748043 0.28202468 42.847416 -1.4382096529006958 0.27645057439804077
Car 0.0 0 -1.6690223217010498 649.1832275390625 170.77993774414062 674.5770263671875 191.10557556152344 3.721975 1.509531 1.5817375 4.634594 0.7139633 55.218502 -1.5852866172790527 0.22654348611831665
Car 0.0 0 1.7731678485870361 413.8321533203125 148.8259735107422 542.8056030273438 257.04534912109375 4.0936937 1.7846428 1.6449174 -2.245821 1.2471045 13.923331 1.613246202468872 0.20133472979068756
