Car 0.0 0 2.1632590293884277 28.5479736328125 192.39955139160156 230.6381378173828 272.5291748046875 4.188178 1.4198228 1.624901 -10.357762 1.908471 15.9163475 1.5863478183746338 0.9492744207382202
Car 0.0 0 1.8622945547103882 411.9904479980469 185.02456665039062 479.707275390625 225.35928344726562 3.63937 1.449225 1.6699994 -6.5409083 1.9691231 28.925406 1.6399046182632446 0.9327273964881897
Car 0.0 0 -1.6453349590301514 583.993896484375 175.95632934570312 734.980712890625 326.5633544921875 3.6307704 1.5971265 1.6262858 0.42430848 1.6465237 9.563745 -1.6009976863861084 0.9203627109527588
Car 0.0 0 1.8774466514587402 352.7934875488281 183.14146423339844 422.17340087890625 220.3675994873047 4.5250754 1.4846926 1.6756824 -9.893497 1.9779763 32.299538 1.5802159309387207 0.8822766542434692
Car 0.0 0 2.1458141803741455 231.46041870117188 181.7665557861328 309.8533020019531 218.13401794433594 3.2757685 1.4216944 1.4821028 -14.431996 1.8234781 30.772175 1.707276701927185 0.808101236820221
Car 0.0 0 2.0085771083831787 453.8691101074219 177.83941650390625 503.4551086425781 204.9082489013672 4.2646403 1.7134054 1.6455599 -8.845729 2.066506 48.777832 1.8291794061660767 0.6663607954978943
Car 0.0 0 -1.1679737567901611 726.5159301757812 172.1033477783203 835.486572265625 228.1119384765625 4.0153136 1.4907463 1.6908001 5.090119 1.4711246 21.318634 -0.933597981929779 0.6542724967002869
Car 0.0 0 1.8951694965362549 512.7664794921875 180.65615844726562 546.1846313476562 199.3751220703125 3.8491569 1.4900074 1.679429 -6.8139834 2.174491 61.205875 1.7842971086502075 0.579509973526001
Car 0.0 0 -1.063631296157837 691.9549560546875 176.2378692626953 760.251220703125 212.6251678466797 3.4658186 1.5160644 1.5215532 5.189077 1.6761936 32.2329 -0.9040138125419617 0.5059391856193542
Car 0.0 0 -0.9958201050758362 671.2371826171875 175.4265594482422 736.1444702148438 204.5840606689453 3.898874 1.475224 1.6057554 5.0539727 1.6213028 38.86281 -0.8664993643760681 0.4831165671348572
