Pedestrian 0.0 0 -0.6945251226425171 1045.9420166015625 161.5091094970703 1085.384521484375 227.57174682617188 0.69312733 1.7657794 0.58445996 12.336815 1.4629011 19.6188 -0.13317909836769104 0.21242351830005646
Pedestrian 0.0 0 -0.6192392110824585 961.845703125 170.5621795654297 1004.3552856445312 232.43663024902344 0.8112876 1.636752 0.61482143 10.001785 1.5764848 19.44645 -0.14419780671596527 0.19686028361320496
Pedestrian 0.0 0 -1.154524803161621 287.6100158691406 154.8705596923828 339.9310302734375 234.91165161132812 1.7528896 1.8615687 0.52303207 -7.2696195 1.4436741 17.66143 -1.5449994802474976 0.1304926872253418
Cyclist 0.0 0 -1.5725890398025513 712.8507690429688 170.63702392578125 728.364013671875 211.51707458496094 1.8182467 1.7826847 0.6696836 4.924779 1.6863655 32.410606 -1.421792984008789 0.8749573230743408
Cyclist 0.0 0 -1.1344369649887085 289.03887939453125 162.02691650390625 339.8299560546875 239.02127075195312 1.7371477 1.7949467 0.4645752 -7.269159 1.5428963 17.696703 -1.5241875648498535 0.3693541884422302
Cyclist 0.0 0 -1.8919792175292969 964.8782348632812 170.89833068847656 1002.4031372070312 233.02049255371094 1.1025862 1.6233888 0.5765866 10.00578 1.5726408 19.441639 -1.4166747331619263 0.18629856407642365
Car 0.0 0 -1.8803919553756714 803.9805297851562 181.32896423339844 1031.713134765625 322.3301086425781 3.8370194 1.458077 1.6096677 3.7583063 1.594992 9.6590605 -1.5093203783035278 0.9634914994239807
Car 0.0 0 1.4092247486114502 741.5400390625 180.98452758789062 844.4473266601562 260.0629577636719 3.6664603 1.4748361 1.5662509 3.8051255 1.6737367 15.729485 1.6465753316879272 0.9425843954086304
Car 0.0 0 1.8625082969665527 573.857666015625 173.37060546875 626.0191040039062 206.65089416503906 4.013447 1.6433761 1.6516021 -0.50303847 1.67238 37.850048 1.849218726158142 0.8795256018638611
Car 0.0 0 1.7640697956085205 613.943115234375 176.6484375 650.8643798828125 202.1220245361328 3.966238 1.5015345 1.5841367 1.4183565 1.7510484 45.26635 1.7953931093215942 0.5673761963844299
Car 0.0 0 1.7803239822387695 673.2017822265625 175.0392303466797 702.2088012695312 193.22048950195312 4.1719656 1.4730904 1.6163971 6.6066213 1.6656587 61.22902 1.8878083229064941 0.4087567925453186
