Pedestrian 0.0 0 2.8926098346710205 488.0128479003906 181.40953063964844 504.8509826660156 215.6658172607422 0.70015335 1.6771543 0.6070627 -5.69817 2.108746 35.94856 2.7354087829589844 0.19338899850845337
Pedestrian 0.0 0 -0.7252938747406006 738.5816650390625 155.0424346923828 764.9589233398438 204.03941345214844 0.691835 1.7891065 0.6690605 5.222306 1.1390817 26.80782 -0.5328981280326843 0.16708587110042572
Cyclist 0.0 0 -1.8437120914459229 873.3702392578125 179.8617706298828 920.0353393554688 275.3675842285156 1.2508633 1.4040931 0.35061958 4.4329157 1.520816 11.338718 -1.4710283279418945 0.7711102366447449
Car 0.0 0 1.8221783638000488 312.83782958984375 185.20143127441406 493.94268798828125 320.4373474121094 3.3947089 1.5094836 1.5960411 -2.7237554 1.7114336 10.070146 1.558020830154419 0.9246453046798706
Car 0.0 0 -1.8361271619796753 711.3036499023438 174.52133178710938 905.3406982421875 307.4168701171875 3.6963725 1.5677285 1.7094206 2.5667202 1.5964973 10.423976 -1.5946975946426392 0.9239727258682251
Car 0.0 0 -1.7273519039154053 687.4507446289062 183.28573608398438 789.837890625 262.5151062011719 3.49157 1.4046127 1.5323471 2.5003421 1.6472486 15.002722 -1.5622104406356812 0.9030118584632874
Car 0.0 0 1.6741504669189453 524.3848876953125 176.40708923339844 568.4049682617188 210.39491271972656 4.2491965 1.510785 1.6764263 -3.0294492 1.6923369 34.655006 1.5869547128677368 0.8557037115097046
Car 0.0 0 -1.7011369466781616 666.8660278320312 169.05467224121094 747.4382934570312 236.83029174804688 4.163868 1.7074099 1.682125 2.564781 1.612055 20.259928 -1.5752129554748535 0.5315139889717102
Car 0.0 0 1.9298332929611206 358.06768798828125 186.1821746826172 466.4778747558594 239.5992431640625 4.714665 1.5344459 1.989312 -6.5588827 2.030394 24.384636 1.6670761108398438 0.17481477558612823
Car 0.0 0 -1.6685770750045776 638.7518310546875 176.06207275390625 671.9902954101562 202.97140502929688 3.6490736 1.4808632 1.5738986 2.5655575 1.6762011 41.998505 -1.607565999031067 0.17235895991325378
