Pedestrian 0.0 0 0.8547207713127136 225.09971618652344 156.57920837402344 252.03343200683594 199.1881561279297 0.91578054 1.821644 0.5792657 -16.144238 1.1262119 31.283148 0.37830138206481934 0.40917596220970154
Pedestrian 0.0 0 -1.830299735069275 779.5247192382812 139.51309204101562 806.8811645507812 197.4068603515625 0.82245904 1.7609605 0.6299261 5.6240454 0.747185 22.359657 -1.5838849544525146 0.38136616349220276
Pedestrian 0.0 0 3.7125959396362305 90.85484313964844 161.4624481201172 123.26822662353516 217.2808074951172 0.63953894 1.7714506 0.5875763 -16.213346 1.4102865 23.201967 3.1026811599731445 0.2946349084377289
Cyclist 0.0 0 -1.8185747861862183 778.1795043945312 140.60182189941406 807.4879760742188 199.52638244628906 0.96685857 1.7869046 0.66132134 5.6111517 0.809206 22.362165 -1.5727288722991943 0.15201494097709656
Car 0.0 0 -1.7441326379776 707.4166870117188 177.98565673828125 826.2039794921875 264.3160095214844 4.154192 1.4709088 1.6049244 2.9582005 1.5903065 14.6375675 -1.544722080230713 0.9687442183494568
Car 0.0 0 -1.2383310794830322 321.5699462890625 181.4796142578125 438.5703125 252.90841674804688 4.051238 1.6466541 1.7199026 -5.9976406 1.9007902 19.175991 -1.5414602756500244 0.9239763021469116
Car 0.0 0 2.2301855087280273 0.0 207.37966918945312 222.16983032226562 375.0 3.6599367 1.3764212 1.5585736 -6.160778 1.8504615 8.061291 1.5776314735412598 0.9101052284240723
Car 0.0 0 2.670135974884033 859.0746459960938 152.04330444335938 1093.150146484375 223.836669921875 4.5621195 1.5741231 1.6914326 8.285732 1.1181911 16.687334 3.131002426147461 0.7880697846412659
Car 0.0 0 1.7709224224090576 438.26507568359375 181.21290588378906 496.8101806640625 220.00340270996094 3.8235278 1.4816079 1.6841189 -5.947003 1.8552243 30.299728 1.5771136283874512 0.7864625453948975
Car 0.0 0 -0.6704785227775574 1005.6092529296875 121.32459259033203 1242.0 250.88119506835938 4.1205454 1.7287107 1.6566919 8.199224 1.0414969 10.465438 -0.005906255915760994 0.7801157236099243
Car 0.0 0 1.7693086862564087 486.4327087402344 180.46353149414062 524.9429321289062 207.67271423339844 3.4957218 1.4249619 1.4842325 -5.8551364 1.8720468 40.56983 1.6259759664535522 0.2948988974094391
Car 0.0 0 2.8630502223968506 729.2161865234375 161.1682891845703 808.4984741210938 188.6939697265625 4.2548003 1.5818157 1.6786387 9.2706175 0.9106318 42.43432 3.0781404972076416 0.29020455479621887
