Pedestrian 0.0 0 1.0646518468856812 646.2071533203125 135.9967498779297 713.330078125 257.1913757324219 0.8936804 1.6441128 0.5927202 1.0088685 1.0420573 10.1144 1.1640688180923462 0.6959118843078613
Pedestrian 0.0 0 1.412880301475525 401.3769226074219 142.14004516601562 430.3153381347656 209.4123992919922 0.7803866 1.7112803 0.6130431 -4.9817014 0.7370683 18.462446 1.1493279933929443 0.6565532088279724
Pedestrian 0.0 0 1.1394174098968506 581.9852294921875 132.12445068359375 651.6658325195312 263.6513977050781 0.9449825 1.720661 0.62395996 0.10136433 1.0894765 9.803512 1.149756669998169 0.6260886192321777
Pedestrian 0.0 0 1.277038812637329 543.6814575195312 139.68663024902344 578.4412841796875 211.0937957763672 0.9134168 1.7972806 0.6612623 -1.1839974 0.77162343 18.334723 1.2125515937805176 0.6022607684135437
Pedestrian 0.0 0 1.1357412338256836 480.3443298339844 139.49278259277344 516.02783203125 210.6026153564453 0.85241216 1.8010749 0.61643475 -2.825948 0.7640338 18.428791 0.9835822582244873 0.592326819896698
Pedestrian 0.0 0 1.478269100189209 423.4878845214844 145.6205596923828 450.0228576660156 205.963134765625 0.97872716 1.8681631 0.73073703 -5.3847275 0.78987557 22.465706 1.2430205345153809 0.5822036266326904
Pedestrian 0.0 0 1.3814656734466553 501.7715148925781 141.4878692626953 526.0917358398438 200.9862823486328 0.94131994 1.7787284 0.5700603 -2.8300586 0.61400765 21.668875 1.2515959739685059 0.5508255958557129
Pedestrian 0.0 0 3.0020642280578613 508.9709777832031 148.2440185546875 542.4957885742188 211.16598510742188 0.8480215 1.7098802 0.5948643 -2.237526 0.83491695 19.602974 2.888413906097412 0.48915836215019226
Pedestrian 0.0 0 1.2703913450241089 643.7953491210938 138.3394775390625 697.8480834960938 251.8057861328125 0.92502445 1.7314001 0.6094283 0.99186796 1.0897255 11.300441 1.3579394817352295 0.4771914780139923
Pedestrian 0.0 0 -2.8735201358795166 583.13037109375 146.59571838378906 611.439453125 215.04263305664062 0.63372546 1.8102062 0.5780922 -0.239672 0.9151295 19.053997 -2.8860981464385986 0.4760095179080963
Pedestrian 0.0 0 1.458493947982788 438.07550048828125 148.35595703125 463.6457214355469 212.8542022705078 0.6463913 1.676206 0.59303814 -4.133267 0.84242225 18.771765 1.2417669296264648 0.4701053202152252
Pedestrian 0.0 0 -2.358870267868042 567.7438354492188 145.8841094970703 585.6781616210938 179.693115234375 0.7729924 1.9550571 0.711992 -1.664428 -0.046514936 41.430023 -2.3990230560302734 0.4170674681663513
Pedestrian 0.0 0 1.5622385740280151 454.3375549316406 150.7493438720703 478.6884765625 212.6549530029297 0.8565241 1.7244793 0.6681796 -3.9913397 0.8973029 20.178036 1.3669533729553223 0.3768153488636017
Pedestrian 0.0 0 -1.428804636001587 239.976318359375 138.5100555419922 284.64727783203125 238.46157836914062 0.64261174 1.6507143 0.6038803 -5.884834 0.9588951 12.070455 -1.8824349641799927 0.31915903091430664
Pedestrian 0.0 0 -1.6186535358428955 271.2993469238281 144.6843719482422 324.6754455566406 254.18760681152344 0.5992592 1.730648 0.7742124 -5.0925035 1.1662544 11.610203 -2.03200626373291 0.31728482246398926
Pedestrian 0.0 0 3.045280694961548 644.8046264648438 140.39712524414062 692.58251953125 200.75523376464844 1.4327773 1.8528671 0.53789794 1.9392279 0.62335026 21.974833 3.133300304412842 0.28332823514938354
Cyclist 0.0 0 3.045280694961548 644.8046264648438 140.39712524414062 692.58251953125 200.75523376464844 1.4327773 1.8528671 0.53789794 1.9392279 0.62335026 21.974833 3.133300304412842 0.18152089416980743
Cyclist 0.0 0 1.1357412338256836 480.3443298339844 139.49278259277344 516.02783203125 210.6026153564453 0.85241216 1.8010749 0.61643475 -2.825948 0.7640338 18.428791 0.9835822582244873 0.10788751393556595
