Pedestrian 0.0 0 3.3300251960754395 180.03990173339844 184.62962341308594 212.4170379638672 234.39205932617188 0.9084959 1.7417095 0.62464404 -14.891176 2.1721315 25.90518 2.8083157539367676 0.32591018080711365
Pedestrian 0.0 0 -0.5539644956588745 1108.7274169921875 135.86788940429688 1152.253173828125 182.662353515625 1.3542397 1.9199711 0.59569216 21.552134 0.40279338 29.94624 0.06985712051391602 0.1690109521150589
Pedestrian 0.0 0 -1.8959449529647827 830.3297729492188 156.79898071289062 857.5888671875 208.68434143066406 1.1639456 1.7647043 0.5578933 8.091821 1.2190056 25.123602 -1.5843559503555298 0.13608503341674805
Pedestrian 0.0 0 0.059201017022132874 718.3585815429688 172.00991821289062 727.8683471679688 193.79440307617188 0.77435666 1.8659973 0.63013685 9.729777 1.7940528 62.192364 0.21438956260681152 0.130697563290596
Cyclist 0.0 0 0.15697959065437317 222.58599853515625 180.8769989013672 274.4285583496094 226.53375244140625 1.8293729 1.8234564 0.6017285 -14.840865 2.1589878 29.576595 -0.30808886885643005 0.8537267446517944
Cyclist 0.0 0 2.097808599472046 131.2770538330078 187.1440887451172 158.6788330078125 217.23690795898438 1.7578158 1.780176 0.6192279 -28.645773 2.6780002 44.42014 1.5250393152236938 0.37882307171821594
Cyclist 0.0 0 3.3318371772766113 177.3208465576172 183.45640563964844 220.05271911621094 233.57879638671875 1.2553563 1.7605647 0.56263524 -14.857979 2.1500313 26.008793 2.812812566757202 0.21646280586719513
Cyclist 0.0 0 -1.8427472114562988 813.2067260742188 161.06484985351562 837.2781372070312 204.9232177734375 1.689654 1.6904374 0.47616634 8.492746 1.2364048 28.656116 -1.554626226425171 0.16223761439323425
Cyclist 0.0 0 -0.6536614894866943 1110.1922607421875 134.6226348876953 1156.9581298828125 176.95169067382812 1.5341126 1.7405665 0.5840631 21.70589 0.1688542 29.97944 -0.026992108672857285 0.14917221665382385
Cyclist 0.0 0 -1.8548606634140015 829.6422729492188 154.787109375 857.2390747070312 207.18374633789062 1.5901223 1.7709693 0.48660052 8.089582 1.160679 25.185999 -1.5440753698349 0.1425483226776123
Car 0.0 0 -1.5836513042449951 592.6145629882812 174.5969696044922 622.92626953125 204.56069946289062 3.7661889 1.6054567 1.6341546 -0.18891163 1.7089013 40.775047 -1.5882842540740967 0.821262776851654
Car 0.0 0 2.5076799392700195 254.6211700439453 187.98040771484375 345.7316589355469 223.21185302734375 3.8747513 1.5367645 1.6561352 -15.141343 2.3221524 35.354 2.1030359268188477 0.243488609790802
Car 0.0 0 -2.481991767883301 119.012451171875 185.2206268310547 245.24026489257812 227.89060974121094 3.849474 1.4880518 1.6203064 -15.892353 1.9657836 26.807083 -3.0171310901641846 0.1273525059223175
