Pedestrian 0.0 0 1.0939931869506836 974.56298828125 144.91151428222656 1068.9652099609375 283.42083740234375 0.9982832 1.8314809 0.7656302 5.6498322 1.4623607 10.050351 1.6061187982559204 0.7972822785377502
Car 0.0 0 -1.800343632698059 731.1184692382812 181.93211364746094 838.8167114257812 252.00778198242188 4.166379 1.4578953 1.6098944 4.072412 1.7063894 17.634094 -1.5733829736709595 0.9500069618225098
Car 0.0 0 1.890613079071045 293.5341491699219 186.67662048339844 479.20648193359375 302.7102966308594 4.0147185 1.4848988 1.6621926 -3.4411592 1.7494118 11.75092 1.6057363748550415 0.9365511536598206
Car 0.0 0 -1.8849592208862305 792.6094360351562 184.51380920410156 992.638427734375 310.21160888671875 3.7586033 1.4937444 1.6353244 3.9261484 1.6999674 10.830987 -1.5371991395950317 0.9258917570114136
Car 0.0 0 1.792970061302185 423.1296081542969 184.19151306152344 518.68115234375 256.5658264160156 3.4268298 1.487692 1.4988264 -3.2371254 1.7842997 17.112331 1.60601007938385 0.913704514503479
Car 0.0 0 -2.155775785446167 917.3003540039062 186.29656982421875 1242.0 375.0 3.42421 1.483998 1.5212702 3.740315 1.6182851 5.4623437 -1.5553613901138306 0.8965510725975037
Car 0.0 0 1.895095705986023 547.6897583007812 181.65354919433594 608.6131591796875 217.25942993164062 3.5193703 1.4095869 1.6133887 -1.3658203 1.8165393 31.422466 1.8516566753387451 0.8710317611694336
Car 0.0 0 1.7736955881118774 485.1150207519531 183.92056274414062 554.7593994140625 235.6719512939453 3.9080572 1.5510975 1.5872698 -3.0118098 1.9580426 24.495111 1.6513540744781494 0.7968096733093262
Car 0.0 0 1.9961057901382446 652.725830078125 179.4430389404297 706.0755004882812 206.19589233398438 3.9125836 1.4326867 1.6032084 4.031044 1.8336052 41.765358 2.0923242568969727 0.7956537008285522
Car 0.0 0 -1.6916000843048096 716.366943359375 181.2377166748047 775.7987670898438 228.6689910888672 3.5971212 1.4822512 1.5873117 4.6027975 1.7950194 25.040985 -1.50981867313385 0.7810928821563721
