Pedestrian 0.0 0 -1.7301583290100098 731.6350708007812 167.38671875 761.0001220703125 217.53907775878906 0.9428383 1.8510442 0.94461554 5.06945 1.6496135 27.111368 -1.5453068017959595 0.7389865517616272
Pedestrian 0.0 0 2.856595993041992 658.9344482421875 160.33071899414062 685.1011962890625 204.96096801757812 0.9510437 1.8089705 0.55734205 2.5003557 1.3017296 29.610788 2.9408369064331055 0.24494223296642303
Pedestrian 0.0 0 2.7022509574890137 705.639892578125 175.4722900390625 732.2796020507812 215.43995666503906 0.9456379 1.8508737 0.9091057 5.0987864 1.9768977 34.056946 2.850860834121704 0.22225435078144073
Pedestrian 0.0 0 0.7847576141357422 214.71682739257812 146.84396362304688 263.8416442871094 224.49752807617188 0.84938574 1.837072 0.64979 -9.03849 1.2221035 17.505268 0.30813169479370117 0.22083738446235657
Pedestrian 0.0 0 1.1280429363250732 702.1007080078125 129.3485565185547 756.6290893554688 233.7384796142578 0.9499013 1.8395414 0.6402223 2.128082 1.0732539 13.257616 1.2872029542922974 0.1819838434457779
Car 0.0 0 -1.2086207866668701 124.7255859375 190.54605102539062 463.4443359375 375.0 4.7649984 1.6125475 1.7280396 -3.0602043 1.8709717 8.137393 -1.568326473236084 0.9559305310249329
Car 0.0 0 1.7344763278961182 454.66961669921875 186.03268432617188 547.1522827148438 261.5770568847656 4.079853 1.7004409 1.7551726 -2.7931695 2.0856133 19.010752 1.5885943174362183 0.8408324122428894
Car 0.0 0 1.605104923248291 563.1106567382812 186.355712890625 591.173583984375 211.64556884765625 3.9793124 1.5302757 1.7232075 -2.1682339 2.4623685 47.790623 1.5597665309906006 0.48525139689445496
Car 0.0 0 1.7709236145019531 367.2990417480469 174.3845977783203 447.7923889160156 229.7568359375 3.4814174 1.4851218 1.6171693 -5.9079194 1.5343523 21.242342 1.4996590614318848 0.24360798299312592
Car 0.0 0 1.6457873582839966 439.7967224121094 174.61328125 498.1990661621094 217.3898468017578 4.5577307 1.5630405 1.9577963 -5.600863 1.6397502 28.934505 1.4545817375183105 0.21994584798812866
Car 0.0 0 1.7067025899887085 638.2137451171875 178.09376525878906 661.787109375 195.43406677246094 3.9532623 1.5239474 1.6596787 3.7121227 2.0244865 66.77602 1.7622361183166504 0.1814376711845398
