Pedestrian 0.0 0 1.37177574634552 748.5545654296875 127.29956817626953 786.0731201171875 217.7629852294922 0.79196084 1.6938605 0.55782706 2.9708776 0.8412453 13.906661 1.5822418928146362 0.5470194816589355
Pedestrian 0.0 0 2.795328378677368 641.3922119140625 158.49485778808594 660.363037109375 190.95181274414062 0.9848092 1.8744353 0.52298015 2.3473253 1.0455321 42.058647 2.851081371307373 0.4315841495990753
Pedestrian 0.0 0 -2.862311601638794 407.98944091796875 178.09088134765625 435.0741271972656 234.2128448486328 0.69009805 1.7993585 0.7017548 -6.19271 1.9733081 23.556236 -3.119385242462158 0.39422091841697693
Car 0.0 0 -1.378392219543457 379.9273986816406 197.06678771972656 475.87451171875 269.8134765625 3.5552783 1.4566026 1.592275 -4.3379674 2.10421 17.469276 -1.6217888593673706 0.9634780287742615
Car 0.0 0 -1.8391646146774292 719.681396484375 182.74314880371094 889.0272216796875 304.32708740234375 3.4380894 1.543064 1.6176134 2.7592888 1.7204963 11.177302 -1.5971384048461914 0.9585703015327454
Car 0.0 0 -1.6655529737472534 666.1743774414062 183.51390075683594 731.2561645507812 240.54837036132812 3.360801 1.5151694 1.5939331 2.520252 1.8582481 21.49753 -1.5488511323928833 0.9389285445213318
Car 0.0 0 -1.3749005794525146 448.61065673828125 183.3400115966797 514.4296264648438 232.17454528808594 4.0157466 1.6017156 1.6310755 -4.6822467 2.0174942 26.557272 -1.5494146347045898 0.880979061126709
Car 0.0 0 1.6193232536315918 499.6919250488281 184.78440856933594 531.1288452148438 214.6433868408203 3.807473 1.530001 1.5685017 -5.301837 2.23246 40.498203 1.4891481399536133 0.6828477382659912
Car 0.0 0 1.4748939275741577 638.6027221679688 177.8968963623047 676.9541625976562 210.35955810546875 3.7881403 1.5630472 1.60997 2.380313 1.837206 37.25374 1.5387017726898193 0.5943702459335327
Car 0.0 0 -1.5517821311950684 527.3003540039062 187.69155883789062 548.945068359375 208.39735412597656 4.077195 1.4713978 1.6077175 -5.609867 2.6741488 56.37222 -1.6509703397750854 0.5165566802024841
Car 0.0 0 -3.6230990886688232 915.4361572265625 167.6080322265625 1076.7249755859375 226.4130859375 3.4835403 1.5099151 1.5526004 10.197041 1.3755746 19.307844 -3.137202024459839 0.3519374430179596
