Pedestrian 0.0 0 -1.9579806327819824 799.6793823242188 115.05460357666016 868.0057983398438 238.08273315429688 0.89921075 1.8386979 0.72960925 3.4221344 0.97522366 11.262163 -1.6629852056503296 0.5589321255683899
Pedestrian 0.0 0 1.836273193359375 300.7104187011719 181.88218688964844 315.4818115234375 207.90557861328125 0.73066634 1.7667879 0.77446765 -20.814833 2.3940055 49.683426 1.4395387172698975 0.3935028910636902
Cyclist 0.0 0 -0.15851446986198425 276.6420593261719 170.95303344726562 304.44183349609375 195.2664031982422 1.8548976 1.8167245 0.5990949 -24.226675 1.6750396 54.667633 -0.5756682753562927 0.3341122269630432
Car 0.0 0 1.9914847612380981 216.5440673828125 196.67941284179688 316.65673828125 242.86814880371094 4.2984657 1.4736466 1.8325188 -12.944608 2.4511266 27.421337 1.550435185432434 0.9381581544876099
Car 0.0 0 -1.6003409624099731 573.076171875 178.5568084716797 614.0272216796875 215.4918212890625 3.2590137 1.5671138 1.7557677 -0.8324834 1.8400058 32.80389 -1.6257131099700928 0.8832937479019165
Car 0.0 0 1.8278782367706299 367.83984375 185.977294921875 413.906982421875 214.5235137939453 3.934675 1.6065902 1.7732791 -13.466617 2.4516702 44.442413 1.533659815788269 0.8559145331382751
Car 0.0 0 -1.6448460817337036 668.446044921875 179.283447265625 697.200927734375 203.21673583984375 3.7391095 1.5489966 1.6877556 4.9393034 2.0082138 49.602016 -1.545594573020935 0.19948212802410126
Car 0.0 0 1.4857561588287354 884.4751586914062 183.34474182128906 928.8252563476562 217.19146728515625 3.8118165 1.4792839 1.6537853 14.238948 2.016831 34.878597 1.8733484745025635 0.17328479886054993
Car 0.0 0 2.174327850341797 202.16229248046875 196.57135009765625 267.3205261230469 223.7813262939453 3.874936 1.4658132 1.6518694 -23.05532 2.9930234 44.42251 1.6955952644348145 0.16665588319301605
Car 0.0 0 1.6705213785171509 504.072021484375 175.676025390625 537.192138671875 203.12661743164062 4.360881 1.7478635 1.7894248 -5.998588 1.9468913 48.59276 1.547696590423584 0.14756397902965546
