Pedestrian 0.0 0 1.836001992225647 332.0999450683594 181.91494750976562 346.798828125 214.03094482421875 0.72050273 1.7656008 0.6011766 -15.131999 2.276552 40.26963 1.476559042930603 0.2943185269832611
Pedestrian 0.0 0 -2.6890439987182617 405.23162841796875 169.01962280273438 433.3028564453125 221.93728637695312 0.56194234 1.7388699 0.9306999 -6.439636 1.6132306 24.217457 -2.9489388465881348 0.1790468543767929
Pedestrian 0.0 0 1.8611116409301758 311.78143310546875 129.12060546875 354.4970397949219 212.3097686767578 0.8416012 1.8897206 0.72162145 -6.4972315 0.8966331 16.835302 1.4927939176559448 0.15127603709697723
Cyclist 0.0 0 1.836001992225647 332.0999450683594 181.91494750976562 346.798828125 214.03094482421875 0.72050273 1.7656008 0.6011766 -15.131999 2.276552 40.26963 1.476559042930603 0.10441635549068451
Car 0.0 0 1.810219168663025 364.69482421875 180.96473693847656 486.2901916503906 267.34228515625 3.8387957 1.606216 1.6813357 -3.9032772 1.8046873 15.698566 1.5665217638015747 0.9222519993782043
Car 0.0 0 -1.5874829292297363 588.411376953125 182.01991271972656 631.8339233398438 224.63951110839844 4.3666234 1.5689758 1.6567582 -0.08020197 1.9746463 29.70436 -1.590182900428772 0.8743855953216553
Car 0.0 0 1.6670914888381958 518.0142822265625 182.13084411621094 556.6334838867188 213.17701721191406 3.7549732 1.4520644 1.6046324 -3.6888251 1.9491143 36.748665 1.5670467615127563 0.8607163429260254
Car 0.0 0 1.6542736291885376 554.7601928710938 183.0751953125 577.0726318359375 201.08798217773438 3.7537272 1.4295533 1.58676 -3.7393641 2.3252203 61.304916 1.5933529138565063 0.34800049662590027
Car 0.0 0 -1.4140677452087402 396.56842041015625 167.4754638671875 454.44122314453125 207.5741424560547 3.4250846 1.3378155 1.4912432 -6.581893 1.1587291 25.84416 -1.6634427309036255 0.18014653027057648
Car 0.0 0 2.3305318355560303 29.659378051757812 183.2384033203125 136.98609924316406 219.8512420654297 3.759377 1.4352297 1.6257935 -22.809258 1.9154377 31.368813 1.7018277645111084 0.15850277245044708
