Pedestrian 0.0 0 1.8863600492477417 1179.9676513671875 128.61888122558594 1242.0 263.7388610839844 0.8790483 1.7518402 0.5558838 8.228393 1.1786865 9.820507 2.5837748050689697 0.23984470963478088
Cyclist 0.0 0 1.849901556968689 406.7242126464844 179.39895629882812 446.0704345703125 241.07896423339844 2.099162 1.8349767 0.65175056 -5.8063307 2.0512905 22.746275 1.5999736785888672 0.8046959638595581
Cyclist 0.0 0 2.0241315364837646 279.85797119140625 190.5088348388672 315.1172180175781 242.25924682617188 1.5277394 1.6834525 0.49357614 -10.756343 2.3089197 24.771006 1.6144680976867676 0.24377849698066711
Car 0.0 0 2.1014628410339355 87.16163635253906 195.6285400390625 306.23162841796875 301.645263671875 3.6980283 1.4369437 1.5978951 -6.905967 1.8892219 12.447141 1.5949238538742065 0.9418285489082336
Car 0.0 0 1.9171373844146729 491.68121337890625 183.61524963378906 536.2406005859375 208.6446075439453 3.7514122 1.4660257 1.6404198 -6.1026945 2.1823094 45.992626 1.785219430923462 0.7679049968719482
Car 0.0 0 -1.6540570259094238 621.654296875 176.43624877929688 648.4156494140625 198.1742401123047 3.7144346 1.5339843 1.6714203 1.7932894 1.8090644 53.4355 -1.6205097436904907 0.577034592628479
Car 0.0 0 -1.6532893180847168 659.2685546875 178.4583282470703 686.6765747070312 199.78890991210938 3.9717507 1.5174688 1.7289613 4.6802716 1.955533 54.361717 -1.5674060583114624 0.506513237953186
Car 0.0 0 1.7783201932907104 513.2803344726562 182.0171661376953 548.19091796875 205.379150390625 4.199682 1.5156754 1.607712 -5.547891 2.1872067 50.679016 1.669283151626587 0.5026875138282776
Car 0.0 0 -3.454148292541504 896.3134155273438 165.82904052734375 972.1085205078125 190.62289428710938 3.9523654 1.4928423 1.6187149 19.892065 1.0702262 44.459167 -3.0334391593933105 0.25522613525390625
Car 0.0 0 1.8269168138504028 436.0118103027344 183.70628356933594 473.8822326660156 208.42347717285156 3.4853916 1.4166558 1.4589337 -9.590315 2.1157818 44.682823 1.6154934167861938 0.22759252786636353
