Pedestrian 0.0 0 -0.4534125328063965 755.7413940429688 156.68638610839844 781.1298828125 197.4278106689453 0.9731634 1.834563 0.5824895 7.17893 1.1069027 32.885635 -0.2384844422340393 0.503673255443573
Pedestrian 0.0 0 -1.798850178718567 830.9019165039062 145.7481689453125 924.7816162109375 313.81781005859375 0.9119173 1.6360956 0.7217869 2.7036426 1.3725884 7.5162005 -1.453552484512329 0.21483895182609558
Cyclist 0.0 0 -1.5754531621932983 761.3234252929688 156.5285186767578 775.1603393554688 197.45751953125 0.9703189 1.8379667 0.6080602 7.1804466 1.105209 32.936657 -1.3608039617538452 0.17188407480716705
Cyclist 0.0 0 -1.798850178718567 830.9019165039062 145.7481689453125 924.7816162109375 313.81781005859375 0.9119173 1.6360956 0.7217869 2.7036426 1.3725884 7.5162005 -1.453552484512329 0.127461776137352
Car 0.0 0 -0.8307010531425476 247.934326171875 188.0100860595703 408.74346923828125 253.88406372070312 3.8971822 1.404402 1.6209837 -7.086912 1.8369166 18.46099 -1.1972391605377197 0.9501209259033203
Car 0.0 0 -1.0942150354385376 495.2926330566406 176.7409210205078 576.884521484375 217.70274353027344 3.7767475 1.4833511 1.6667517 -2.8882945 1.6487955 28.580189 -1.194932460784912 0.900374174118042
Car 0.0 0 -1.204268217086792 594.2622680664062 173.4171600341797 645.3389892578125 203.48756408691406 3.515172 1.5544938 1.6317447 0.54510885 1.5870414 39.304604 -1.190400242805481 0.8943469524383545
Car 0.0 0 2.5155444145202637 0.0 181.52915954589844 173.77317810058594 261.6756591796875 4.362091 1.7466204 1.6903661 -13.835313 1.9982355 18.56096 1.8749947547912598 0.8757001161575317
Car 0.0 0 -1.3555340766906738 683.4063720703125 169.12147521972656 712.6475219726562 187.02621459960938 3.8798907 1.4637837 1.6688641 7.462547 1.1589915 61.092506 -1.2339845895767212 0.4007467031478882
Car 0.0 0 2.078470230102539 393.3809509277344 173.6568145751953 472.0390930175781 215.31492614746094 4.4788556 1.9008105 1.7949318 -8.634778 1.9432371 35.409836 1.8392857313156128 0.18963563442230225
Car 0.0 0 -1.4606473445892334 326.9342956542969 175.89382934570312 373.4026794433594 210.7029266357422 4.029491 1.5277722 1.6384548 -12.283217 1.6812466 34.19112 -1.8055403232574463 0.17535832524299622
