Pedestrian 0.0 0 -1.5460731983184814 703.8579711914062 179.10305786132812 717.5327758789062 214.75457763671875 0.7416851 1.6548895 0.6222048 4.7165227 1.9537928 34.052113 -1.4084398746490479 0.40243732929229736
Pedestrian 0.0 0 2.579604148864746 726.282958984375 149.673828125 756.9156494140625 193.75103759765625 1.1703327 1.8767387 0.58815974 5.6509833 0.89012134 31.210602 2.758723258972168 0.2923114001750946
Pedestrian 0.0 0 -1.7587991952896118 979.6380004882812 179.07827758789062 1007.839599609375 229.89996337890625 1.4671915 1.6107792 0.55493695 12.620187 1.8235731 23.840698 -1.271944522857666 0.14213883876800537
Cyclist 0.0 0 -1.7466590404510498 981.676025390625 179.2101287841797 1008.486328125 229.20616149902344 1.4135134 1.5791086 0.53577656 12.608602 1.7952135 23.73361 -1.2583211660385132 0.21736928820610046
Cyclist 0.0 0 -1.5390255451202393 505.46575927734375 165.580322265625 515.294189453125 193.92440795898438 1.7658482 1.8405412 0.590687 -6.618908 1.3685778 47.75999 -1.676735281944275 0.18510863184928894
Cyclist 0.0 0 1.7870891094207764 730.2584838867188 149.7501220703125 751.2215576171875 194.12039184570312 1.528303 1.866815 0.5787646 5.6164985 0.8951105 31.171583 1.965356469154358 0.16266800463199615
Car 0.0 0 -1.1070626974105835 134.54647827148438 184.53968811035156 335.9859924316406 279.7474670410156 3.71261 1.3438596 1.5699521 -6.2840915 1.5767322 12.495928 -1.573020577430725 0.9607610106468201
Car 0.0 0 -1.4545212984085083 492.9006652832031 174.25331115722656 554.7240600585938 224.46556091308594 3.8724296 1.5979239 1.6865416 -2.9486578 1.6505358 25.00415 -1.5719058513641357 0.866456925868988
Car 0.0 0 -1.5977355241775513 554.7498779296875 171.85035705566406 578.0902099609375 191.51046752929688 3.7090793 1.4098443 1.6273909 -3.2968597 1.338229 53.658432 -1.6590999364852905 0.5957759022712708
Car 0.0 0 -1.8056581020355225 807.237548828125 178.36404418945312 845.0999145507812 202.25811767578125 3.7769086 1.5008149 1.5768622 14.341105 1.8835157 48.136173 -1.5161035060882568 0.426485151052475
Car 0.0 0 -1.5802156925201416 514.2111206054688 170.11814880371094 536.5762329101562 190.1708221435547 3.7833827 1.4401408 1.5986094 -6.354287 1.2440159 53.79431 -1.6977927684783936 0.19643451273441315
Car 0.0 0 1.2038942575454712 928.7200927734375 182.50234985351562 974.8839721679688 207.435546875 3.5777936 1.5412239 1.5835994 22.586998 2.206331 47.867035 1.6447854042053223 0.17820623517036438
