Pedestrian 0.0 0 -2.6839561462402344 244.5587158203125 122.68158721923828 311.7322998046875 236.92210388183594 0.80293316 1.8105611 0.6222512 -5.4455314 1.0157524 11.753249 -3.117832660675049 0.37230226397514343
Pedestrian 0.0 0 3.526031494140625 33.297908782958984 116.95603942871094 114.13720703125 233.90980529785156 0.8706257 1.7956315 0.6026592 -8.562781 0.9377686 11.477195 2.8850507736206055 0.16045774519443512
Pedestrian 0.0 0 1.7937211990356445 18.868135452270508 152.5101318359375 58.12672424316406 224.41656494140625 0.83406276 1.8106574 0.6292494 -14.831043 1.2987418 18.67829 1.122633695602417 0.15465490520000458
Pedestrian 0.0 0 2.436227321624756 773.926513671875 169.8641815185547 817.7318115234375 249.99476623535156 0.6786162 1.744678 0.6678496 4.1072206 1.6799388 16.156538 2.6851682662963867 0.14588743448257446
Pedestrian 0.0 0 -1.3184205293655396 408.04071044921875 151.78182983398438 449.1778259277344 236.0568389892578 1.5358 2.0946877 0.674765 -4.7285624 1.5712891 18.700836 -1.5660825967788696 0.12679274380207062
Pedestrian 0.0 0 -1.7704750299453735 758.2440185546875 116.45818328857422 802.6703491210938 238.27645874023438 1.4107305 1.7053542 0.36586037 2.4788527 0.9162177 10.808025 -1.5450212955474854 0.11083750426769257
Cyclist 0.0 0 -1.278491735458374 409.9884033203125 148.10757446289062 451.4443054199219 232.58944702148438 1.635233 2.1045141 0.6058184 -4.6979184 1.4884182 18.802425 -1.5233358144760132 0.2912154793739319
Cyclist 0.0 0 -1.7778514623641968 756.5951538085938 115.9759292602539 805.3952026367188 241.2033233642578 1.5711588 1.736828 0.3846495 2.4786513 0.94832134 10.793578 -1.552123785018921 0.2513996958732605
Cyclist 0.0 0 -2.7072412967681885 241.20614624023438 123.08084106445312 319.8783874511719 239.15478515625 0.99505657 1.8390504 0.6252285 -5.3990984 1.0508131 11.743453 -3.138176918029785 0.10245036333799362
Car 0.0 0 1.5590006113052368 522.91796875 179.51296997070312 557.5349731445312 213.93243408203125 3.907541 1.598331 1.6421541 -3.5758398 1.9526746 36.321518 1.460867166519165 0.8887851238250732
Car 0.0 0 1.264561414718628 489.6990966796875 182.74488830566406 524.245361328125 202.8907012939453 3.9346504 1.5432408 1.7097527 -8.555909 2.3888893 59.517654 1.1217854022979736 0.4627424478530884
Car 0.0 0 2.8052053451538086 657.5067138671875 183.33322143554688 750.8151245117188 217.06517028808594 4.0000267 1.4850497 1.6754086 4.3409934 1.9937189 33.762997 2.9330763816833496 0.21487560868263245
Car 0.0 0 1.116988182067871 487.9048156738281 182.14625549316406 530.65771484375 203.8582305908203 4.0335307 1.5529177 1.6556672 -7.8185544 2.2964096 55.56635 0.9771993160247803 0.14066827297210693
Car 0.0 0 1.873862385749817 355.21893310546875 198.4641876220703 457.1956481933594 262.4180603027344 3.6944478 1.4979491 1.7245855 -5.6451373 2.2844055 20.271225 1.6022634506225586 0.13877041637897491
