Pedestrian 0.0 0 0.5457044243812561 1099.9132080078125 162.6122589111328 1242.0 375.0 0.98486346 1.7859627 0.7148408 3.2966623 1.7397989 3.8541446 1.2532992362976074 0.2214391678571701
Pedestrian 0.0 0 -0.1566210687160492 261.5768127441406 170.88168334960938 301.4700012207031 255.55960083007812 0.6851339 1.7372082 0.56521064 -6.984145 1.6971029 15.224944 -0.5867114663124084 0.1621294766664505
Pedestrian 0.0 0 -3.4531283378601074 1020.1871337890625 203.8639373779297 1070.9354248046875 280.595947265625 0.86654913 1.709661 0.6021606 10.068728 2.448204 16.781778 -2.9127237796783447 0.12936629354953766
Cyclist 0.0 0 -0.17313355207443237 1108.8072509765625 148.06956481933594 1155.4632568359375 190.0240478515625 1.5520244 1.7819371 0.62717783 22.5653 0.7296233 31.26426 0.45204782485961914 0.13767990469932556
Cyclist 0.0 0 -1.4239598512649536 325.54803466796875 171.36033630371094 339.32696533203125 201.85360717773438 1.4896324 1.8101598 0.56727535 -16.805983 1.72185 43.61851 -1.7917253971099854 0.11146363615989685
Cyclist 0.0 0 0.6510664224624634 214.1467742919922 146.3616180419922 256.84295654296875 189.3936004638672 1.5388093 1.7822425 0.60693187 -15.77042 0.6853736 30.311153 0.17132329940795898 0.11081285774707794
Car 0.0 0 -1.5825138092041016 581.9093627929688 178.36021423339844 624.366455078125 213.82989501953125 3.294561 1.3293321 1.6228682 -0.34337702 1.5654241 29.222103 -1.5942639112472534 0.9207945466041565
Car 0.0 0 -1.4629093408584595 525.1314086914062 178.95664978027344 564.6124877929688 208.71875 3.5229168 1.3879241 1.6013594 -3.2531683 1.7090682 36.149284 -1.5526602268218994 0.9165598750114441
Car 0.0 0 1.7149407863616943 425.5055847167969 177.31329345703125 456.34613037109375 199.7058868408203 3.9032755 1.5101092 1.5994613 -12.046943 1.8410271 51.470905 1.4850260019302368 0.6807743906974792
Car 0.0 0 1.2136380672454834 782.9171142578125 193.8404083251953 826.2682495117188 218.4587860107422 3.961647 1.5022599 1.58285 13.281274 3.0038507 49.564304 1.4754480123519897 0.10927580296993256
