Pedestrian 0.0 0 -1.9196995496749878 131.45155334472656 165.5525360107422 206.14732360839844 306.1200866699219 0.8468275 1.6493255 0.527421 -5.459156 1.4756247 8.759782 -2.47700834274292 0.7007138729095459
Pedestrian 0.0 0 1.8664262294769287 266.35980224609375 146.18521118164062 359.01336669921875 322.98150634765625 0.79182094 1.6195276 0.6356155 -2.8772554 1.3068894 6.897427 1.4712241888046265 0.6820311546325684
Pedestrian 0.0 0 -1.5067224502563477 57.58872604370117 141.95286560058594 127.84403991699219 302.7118835449219 0.96278125 1.7917216 0.6228082 -6.1459775 1.3637853 8.448665 -2.135634422302246 0.5958311557769775
Pedestrian 0.0 0 1.8552411794662476 425.27410888671875 135.41880798339844 488.50653076171875 244.94578552246094 0.90912277 1.7168386 0.79166 -2.4493449 1.0118462 11.561225 1.6464695930480957 0.5673103928565979
Pedestrian 0.0 0 0.3276718854904175 1026.4019775390625 177.85008239746094 1050.4554443359375 219.757568359375 0.67832553 1.7840916 0.76314163 18.740416 1.6727571 30.600367 0.8771770000457764 0.5451833009719849
Pedestrian 0.0 0 1.3049730062484741 658.5175170898438 169.27957153320312 675.013427734375 206.2639923095703 0.5169974 1.7639608 0.6784415 2.9548867 1.2302512 34.032364 1.3915815353393555 0.476859450340271
Pedestrian 0.0 0 0.19334030151367188 1051.421875 178.74050903320312 1076.6270751953125 221.51255798339844 0.8143264 1.8518744 0.6877731 20.197695 1.777168 31.137934 0.7687675952911377 0.44823917746543884
Pedestrian 0.0 0 -2.1357474327087402 671.947021484375 171.4048309326172 690.3139038085938 208.40052795410156 0.6432027 1.7119052 0.6050533 3.5488424 1.2924979 33.13463 -2.029050350189209 0.4347345232963562
Pedestrian 0.0 0 -2.6150448322296143 1060.1849365234375 186.3475799560547 1090.68115234375 230.49200439453125 0.80373764 1.8283061 0.7568703 19.90199 2.0818508 29.945877 -2.028475284576416 0.42862969636917114
Pedestrian 0.0 0 2.1306045055389404 0.0 192.80223083496094 49.66328048706055 295.03466796875 0.82397074 1.6034586 0.52275336 -9.738595 1.8153622 11.635294 1.4337135553359985 0.3894703984260559
Pedestrian 0.0 0 -2.440096378326416 172.21934509277344 134.37010192871094 203.03065490722656 195.00804138183594 0.56411344 1.976347 0.6962354 -13.857253 0.4743992 23.429827 -2.9741954803466797 0.3171107769012451
Pedestrian 0.0 0 0.10576850175857544 853.9781494140625 184.716796875 874.3125610351562 219.2727508544922 0.9309228 1.7998794 0.84161377 13.754376 2.0287201 37.547398 0.4569079875946045 0.30231088399887085
Pedestrian 0.0 0 -1.6719704866409302 567.7923583984375 159.2665557861328 599.9984130859375 228.38323974609375 0.8116767 1.7901837 0.7738007 -0.60424197 1.2418073 18.761911 -1.7041651010513306 0.29180583357810974
Cyclist 0.0 0 1.6850817203521729 1082.483642578125 183.06875610351562 1117.455322265625 249.29232788085938 1.7887213 1.7921968 0.61560905 14.031421 1.8698732 20.071146 2.2951927185058594 0.5573108196258545
Cyclist 0.0 0 -0.1472606509923935 426.01385498046875 166.82080078125 582.6636962890625 325.0874938964844 1.6428827 1.6286025 0.5135311 -1.1559452 1.4895325 7.7553844 -0.2952220141887665 0.4702020585536957
Cyclist 0.0 0 0.2354729175567627 962.2353515625 177.18353271484375 1041.85986328125 244.26467895507812 1.8041475 1.7415525 0.5448653 10.705263 1.6570393 19.163158 0.7449235916137695 0.4375092387199402
Cyclist 0.0 0 1.948897123336792 902.2313842773438 173.90155029296875 987.860107421875 292.7100830078125 1.7329899 1.7413388 0.6280313 5.3534036 1.6462909 11.17673 2.395585775375366 0.4117485582828522
Cyclist 0.0 0 0.6539788246154785 733.8837280273438 172.24722290039062 804.5885620117188 244.4068145751953 1.6826283 1.709089 0.61673796 4.0259314 1.5152268 17.585999 0.8790290355682373 0.36445149779319763
Cyclist 0.0 0 0.030059974640607834 577.9639282226562 173.6390838623047 668.5654907226562 263.5753479003906 1.7414256 1.7228023 0.5866675 0.32089096 1.5930095 13.878323 0.053177595138549805 0.3001578450202942
Cyclist 0.0 0 0.6739040613174438 853.1925659179688 186.2170867919922 877.1565551757812 220.13711547851562 0.87174493 1.7629592 0.82084304 13.795856 2.0725644 37.52576 1.0262038707733154 0.1223793625831604
Cyclist 0.0 0 0.4186665415763855 1049.93017578125 181.48171997070312 1081.6199951171875 223.952392578125 0.9734753 1.8289762 0.6810781 20.222565 1.8744032 31.064621 0.9957330226898193 0.10284562408924103
Car 0.0 0 -1.876389741897583 554.5966796875 184.7525177001953 621.3770751953125 221.29808044433594 4.1387644 1.472974 1.7740538 -0.85082865 1.6759703 31.260176 -1.9036006927490234 0.2881714105606079
Car 0.0 0 0.15067201852798462 493.1404113769531 181.45657348632812 679.73046875 259.75787353515625 3.714434 1.5270542 1.7106848 -0.35141143 1.5502887 14.894227 0.12708258628845215 0.28376734256744385
