Pedestrian 0.0 0 -0.43452537059783936 0.0 189.65142822265625 166.9466094970703 375.0 0.6234771 1.6671721 0.7914717 -2.9078474 1.7652749 3.7376761 -1.095696210861206 0.20411542057991028
Pedestrian 0.0 0 -0.28619566559791565 624.7002563476562 168.5799560546875 639.1414184570312 192.3876190185547 1.0204322 1.8798219 0.598115 1.7171624 1.5427063 57.38757 -0.25628238916397095 0.20228391885757446
Pedestrian 0.0 0 -3.5901055335998535 1164.0025634765625 203.26768493652344 1242.0 282.1497497558594 1.3450825 1.8030884 0.7138526 14.259599 2.5577078 17.38577 -2.9031755924224854 0.16411559283733368
Pedestrian 0.0 0 -1.9523358345031738 892.3092041015625 198.8261260986328 982.0844116210938 353.640380859375 0.81457704 1.5654706 0.6269788 3.480808 1.8636163 7.851945 -1.5350632667541504 0.14289188385009766
Pedestrian 0.0 0 1.074897050857544 871.9099731445312 184.7375030517578 895.6754150390625 228.19287109375 0.8809537 1.7172414 0.54600346 11.048723 2.2070515 29.242437 1.4361481666564941 0.10698919743299484
Cyclist 0.0 0 -3.8082385063171387 1168.2027587890625 178.4015350341797 1242.0 256.71044921875 1.6954902 1.8370924 0.7223434 14.522842 1.9739544 17.365257 -3.1117424964904785 0.20051345229148865
Car 0.0 0 1.8163591623306274 350.2587585449219 179.09779357910156 416.7169189453125 228.94342041015625 2.732553 1.5213879 1.4696852 -7.446319 1.7397106 23.77891 1.5128840208053589 0.875220775604248
Car 0.0 0 1.7658590078353882 418.2783508300781 177.87107849121094 450.0345764160156 198.02935791015625 4.127408 1.5396821 1.7249272 -14.175231 1.9597025 58.25237 1.5271567106246948 0.3009463846683502
Car 0.0 0 1.4694042205810547 895.4176025390625 193.9590606689453 949.5241088867188 234.0537109375 4.2581015 1.5711061 1.834205 14.167956 2.604374 33.004288 1.8748912811279297 0.1359437257051468
Car 0.0 0 1.6929510831832886 498.1101379394531 183.1409454345703 520.7948608398438 200.52996826171875 3.7574573 1.4605503 1.5713495 -9.011183 2.410762 64.72989 1.5546280145645142 0.11201632767915726
Car 0.0 0 1.7353004217147827 445.0590515136719 179.81300354003906 471.30169677734375 198.12185668945312 3.7789257 1.4051158 1.4941313 -12.351437 1.9906454 58.750675 1.528083324432373 0.1076001450419426
Car 0.0 0 -0.2538166046142578 194.79718017578125 168.01307678222656 287.3390808105469 199.58804321289062 3.9628582 1.5471473 1.6914595 -19.066734 1.310304 37.300236 -0.7263596653938293 0.10388211905956268
