Pedestrian 0.0 0 1.1771966218948364 886.2900390625 161.9669189453125 916.0068359375 212.33522033691406 0.9473155 1.7948462 0.6879682 10.51414 1.4072493 26.186533 1.5590035915374756 0.6165846586227417
Pedestrian 0.0 0 -0.5365232229232788 656.3032836914062 173.19610595703125 683.734619140625 208.9314422607422 1.2119521 1.7411879 0.6089192 2.931959 1.7587315 35.7038 -0.4545881152153015 0.18094734847545624
Pedestrian 0.0 0 -1.7919021844863892 534.8363647460938 174.0811767578125 557.2232055664062 221.8150634765625 0.65625435 1.7691406 0.7125211 -2.456586 1.8164514 27.18243 -1.8820313215255737 0.1377299278974533
Pedestrian 0.0 0 2.069685697555542 192.06134033203125 168.0159912109375 238.42320251464844 239.89805603027344 0.87220216 1.778585 0.70017254 -10.041376 1.6592357 18.28757 1.5675475597381592 0.10913576930761337
Cyclist 0.0 0 -1.2128558158874512 660.5313720703125 173.79025268554688 682.4116821289062 209.364501953125 1.485868 1.7213762 0.599416 3.0164442 1.7691677 35.75303 -1.1286861896514893 0.17579305171966553
Car 0.0 0 1.7777842283248901 524.7880249023438 178.71231079101562 602.5296020507812 232.66793823242188 3.6702888 1.4378912 1.5953336 -1.3409761 1.6291331 21.576323 1.7157137393951416 0.9651660919189453
Car 0.0 0 2.1130192279815674 0.0 206.5708770751953 437.3378601074219 375.0 3.715215 1.4130523 1.6126328 -2.4162042 1.7061363 4.3749375 1.6084249019622803 0.7587719559669495
Car 0.0 0 1.981471300125122 531.6411743164062 177.3179473876953 593.404541015625 209.43478393554688 4.0077105 1.4976566 1.6464657 -2.3647935 1.7366765 36.40954 1.9166126251220703 0.19319191575050354
Car 0.0 0 1.65443754196167 679.3378295898438 172.30487060546875 705.001220703125 193.2875213623047 3.9861927 1.5452552 1.6269543 6.2978783 1.5051725 55.248333 1.767939805984497 0.11463057994842529
Car 0.0 0 -1.6686197519302368 528.9432373046875 171.09011840820312 577.5771484375 208.00277709960938 3.8353405 1.3899815 1.580251 -2.3969142 1.3239186 29.195473 -1.7505348920822144 0.1097574383020401
