Pedestrian 0.0 0 0.3944493532180786 447.90576171875 173.29440307617188 469.6131896972656 202.97470092773438 1.2135586 1.8586128 0.5809575 -9.240295 1.4087368 44.671303 0.1904752254486084 0.5399006009101868
Pedestrian 0.0 0 2.8964128494262695 567.36328125 170.1993408203125 587.795654296875 199.16722106933594 1.2187561 1.872019 0.6191452 -1.7924862 1.2076827 46.15523 2.8575963973999023 0.5147446393966675
Pedestrian 0.0 0 -3.562211275100708 1096.4298095703125 145.1946563720703 1149.221923828125 228.71640014648438 0.72773314 1.7444862 0.6031496 11.032415 1.0086995 15.133481 -2.932281494140625 0.4454832971096039
Pedestrian 0.0 0 0.24357210099697113 506.5459899902344 171.06512451171875 522.8983154296875 198.63380432128906 0.9560981 1.7893457 0.55162686 -5.8994474 1.1783063 46.215588 0.1166081428527832 0.35754287242889404
Pedestrian 0.0 0 -2.604832649230957 455.2911376953125 175.65756225585938 471.3475646972656 202.90151977539062 0.790248 1.7471645 0.6666789 -9.174243 1.4379538 45.78408 -2.8025941848754883 0.2803853750228882
Pedestrian 0.0 0 -1.7475310564041138 908.7203979492188 136.63218688964844 931.621826171875 193.05996704101562 1.0315927 1.8641055 0.53212184 10.624831 0.41646293 23.917006 -1.3294795751571655 0.24946856498718262
Pedestrian 0.0 0 1.5255106687545776 785.7476806640625 137.3212890625 811.2234497070312 208.544189453125 1.5660547 1.7596993 0.5594625 4.954671 0.6944826 18.289164 1.7900681495666504 0.14396478235721588
Cyclist 0.0 0 -0.05101114511489868 583.6590576171875 169.5828094482422 611.2998657226562 196.5589599609375 1.8403652 1.8114679 0.6210167 -0.5121584 1.0796876 47.84056 -0.06171626225113869 0.8803656101226807
Cyclist 0.0 0 -1.255974531173706 387.5116882324219 178.61334228515625 410.8301086425781 213.7445526123047 1.7618363 1.7530458 0.6331717 -10.529201 1.6603322 36.167217 -1.5392699241638184 0.8423905968666077
Cyclist 0.0 0 0.05610305815935135 637.254638671875 169.08180236816406 666.0723266601562 197.42984008789062 1.8058962 1.7946292 0.6213357 2.9840083 1.0731202 45.17446 0.12206244468688965 0.7622560262680054
Cyclist 0.0 0 1.5439354181289673 785.919189453125 135.62347412109375 811.3760375976562 209.0666961669922 1.7954578 1.8039483 0.58064985 4.9605346 0.70326686 18.302767 1.8086037635803223 0.32868972420692444
Cyclist 0.0 0 0.4103677570819855 447.3428039550781 173.24505615234375 469.73443603515625 203.2095489501953 1.2659264 1.8762578 0.56412965 -9.254942 1.4233291 44.673233 0.20608782768249512 0.2378920316696167
Cyclist 0.0 0 2.900667190551758 567.642333984375 170.0481414794922 587.654296875 198.99693298339844 1.1908857 1.8708509 0.6227377 -1.7879748 1.1967204 46.152573 2.8619461059570312 0.18458470702171326
Cyclist 0.0 0 -1.7555032968521118 907.9837646484375 136.38633728027344 932.311767578125 192.93357849121094 1.1048741 1.865814 0.55591697 10.626991 0.4117959 23.926311 -1.337520718574524 0.12062716484069824
Cyclist 0.0 0 -2.2957730293273926 1099.1590576171875 145.96682739257812 1153.1182861328125 232.002685546875 0.70553464 1.7856745 0.6092225 11.042521 1.0705615 15.049074 -1.662742018699646 0.11851757764816284
Car 0.0 0 -1.491734266281128 520.4317626953125 174.59201049804688 555.0264282226562 203.3411407470703 3.6382895 1.5595185 1.6769027 -3.7868567 1.2404373 40.180878 -1.5857019424438477 0.9327921271324158
Car 0.0 0 2.624962568283081 912.7855224609375 143.843505859375 1041.0018310546875 186.41213989257812 3.9019737 1.5147794 1.5857377 13.594138 0.21190444 26.015844 3.106473684310913 0.8156341314315796
