Pedestrian 0.0 0 -0.6361057758331299 818.5206298828125 167.1148223876953 844.415283203125 207.56109619140625 0.8703142 1.9489667 0.8604159 10.797801 1.6727734 35.316208 -0.3393855094909668 0.21710291504859924
Pedestrian 0.0 0 0.21546432375907898 114.7714614868164 196.3168182373047 145.71568298339844 246.62879943847656 0.7726914 1.691007 0.67108774 -16.741867 2.5231702 25.124147 -0.37232980132102966 0.21037542819976807
Pedestrian 0.0 0 2.9123871326446533 740.5726928710938 154.19244384765625 789.993896484375 245.95045471191406 0.85010403 1.7879758 0.58003706 3.0294573 1.4246991 14.355952 3.1203603744506836 0.14744821190834045
Cyclist 0.0 0 -0.8276875615119934 107.81440734863281 197.80279541015625 153.2859649658203 248.34226989746094 1.3400896 1.6635735 0.56307983 -16.738535 2.5580404 25.14992 -1.4149168729782104 0.2488577961921692
Car 0.0 0 1.7043352127075195 434.16180419921875 190.58290100097656 531.1103515625 264.13507080078125 4.5209723 1.4911894 1.7775929 -3.076376 1.9906812 18.020552 1.5352503061294556 0.931002676486969
Car 0.0 0 2.6042139530181885 0.0 57.03844451904297 180.4539794921875 375.0 4.006665 1.6063999 1.6494573 -3.6241286 1.5406027 2.4575284 1.6292952299118042 0.474582701921463
Car 0.0 0 0.6236478090286255 666.9729614257812 186.12515258789062 718.841064453125 206.50778198242188 4.167846 1.5960981 1.6827803 6.9770837 2.7585952 61.157745 0.7372400760650635 0.22903119027614594
Car 0.0 0 1.6863946914672852 805.594970703125 182.84503173828125 843.8345947265625 212.59019470214844 3.6769874 1.4791129 1.5803945 11.673103 2.0503185 39.22196 1.975663423538208 0.22309386730194092
Car 0.0 0 2.373455762863159 0.0 148.82373046875 133.58770751953125 272.4898681640625 3.774194 1.5320462 1.6508337 -9.426397 1.2347034 10.889155 1.6599353551864624 0.15115641057491302
Car 0.0 0 -2.6926238536834717 222.03517150878906 213.51588439941406 404.5887145996094 272.3059387207031 4.385876 1.4524088 1.9009924 -8.335049 2.6637547 20.403286 -3.080449104309082 0.12944915890693665
