Pedestrian 0.0 0 0.9641640186309814 836.3460083007812 149.5032958984375 927.9471435546875 289.1310729980469 1.02958 1.7949023 0.70713127 3.6399355 1.4950889 9.859451 1.3178246021270752 0.8569608330726624
Pedestrian 0.0 0 2.073880672454834 87.44556427001953 135.94407653808594 268.9393310546875 375.0 0.8216955 1.6283029 0.6896383 -2.7753024 1.4134132 4.6283903 1.533736228942871 0.7195642590522766
Pedestrian 0.0 0 1.9453535079956055 315.24365234375 162.0320281982422 404.6624450683594 313.8199462890625 0.6784479 1.6413516 0.7612886 -2.8609712 1.5246865 8.152661 1.6078550815582275 0.6889109015464783
Pedestrian 0.0 0 3.297642469406128 441.1590270996094 175.83287048339844 466.8450622558594 228.0211944580078 0.75578004 1.7443023 0.6958791 -5.341232 1.8474483 24.524946 3.0832033157348633 0.5816985368728638
Pedestrian 0.0 0 -1.5842456817626953 399.8167419433594 175.52923583984375 446.2607727050781 276.222900390625 0.8967585 1.6311414 0.73644227 -3.231167 1.6788754 12.244371 -1.8422539234161377 0.5486651659011841
Pedestrian 0.0 0 1.2560380697250366 584.4165649414062 175.59678649902344 605.8569946289062 219.19808959960938 0.897374 1.7487327 0.6290388 -0.65491456 1.8633591 29.530022 1.2338638305664062 0.31388819217681885
Pedestrian 0.0 0 -0.4173090159893036 904.323486328125 123.13360595703125 957.9141845703125 216.18948364257812 0.8090914 1.8001602 0.5563152 6.2747455 0.83867997 14.234369 -0.0021182680502533913 0.26088833808898926
Pedestrian 0.0 0 -3.172231674194336 789.227294921875 153.65151977539062 809.431884765625 223.57972717285156 0.5005907 1.8332895 0.65550286 5.0087028 1.3302213 19.288685 -2.9181723594665527 0.25015443563461304
Pedestrian 0.0 0 -1.5626506805419922 466.3624267578125 177.54627990722656 474.8697204589844 207.4861297607422 1.5296009 1.6877542 0.47252646 -8.088697 1.9645851 41.715717 -1.7541744709014893 0.1464528888463974
Pedestrian 0.0 0 -1.6107434034347534 835.8120727539062 175.40386962890625 869.1096801757812 259.1510009765625 1.7324184 1.7249923 0.61613077 5.249897 1.7845547 15.832722 -1.2905669212341309 0.14386607706546783
Pedestrian 0.0 0 1.9512490034103394 192.20126342773438 205.5082550048828 308.78125 375.0 1.5750697 1.5788678 0.5185075 -3.6650748 1.9494841 7.372687 1.4899119138717651 0.11777134239673615
Cyclist 0.0 0 -1.6079657077789307 466.2223205566406 176.92015075683594 475.79156494140625 206.74082946777344 1.6832246 1.6799715 0.47917616 -8.083981 1.920593 41.758 -1.7991913557052612 0.4806026518344879
Cyclist 0.0 0 -1.6107434034347534 835.8120727539062 175.40386962890625 869.1096801757812 259.1510009765625 1.7324184 1.7249923 0.61613077 5.249897 1.7845547 15.832722 -1.2905669212341309 0.4656915068626404
Cyclist 0.0 0 1.9266067743301392 194.70172119140625 204.9676971435547 309.96734619140625 375.0 1.6132891 1.5786605 0.5383342 -3.6845593 1.947778 7.4525223 1.467445731163025 0.46065637469291687
Car 0.0 0 1.7262318134307861 296.0285949707031 179.54344177246094 335.2254638671875 205.8291015625 3.8831704 1.4655452 1.5997728 -17.666096 1.8870974 43.354874 1.339296817779541 0.4616718888282776
Car 0.0 0 -1.5710793733596802 122.86316680908203 173.91102600097656 182.96295166015625 223.02139282226562 3.7101297 1.4876125 1.5740327 -15.1905985 1.5259386 23.9269 -2.1367485523223877 0.3602382242679596
