Cyclist 0.0 0 -1.4795362949371338 759.593017578125 146.38027954101562 776.7340087890625 188.04446411132812 2.0097723 1.8269116 0.5803842 7.134888 0.66643727 32.68121 -1.264591097831726 0.630119264125824
Car 0.0 0 -1.6039841175079346 578.1347045898438 172.42745971679688 693.1358032226562 281.3031005859375 3.7372503 1.587406 1.6784424 0.30515724 1.5815449 12.393016 -1.5793657302856445 0.915701150894165
Car 0.0 0 2.0464437007904053 194.21487426757812 187.86920166015625 315.6922302246094 243.0453338623047 3.9944394 1.4074913 1.5871146 -10.468063 1.8975487 21.51438 1.5936048030853271 0.8881548047065735
Car 0.0 0 2.216343641281128 0.0 181.64356994628906 191.52359008789062 280.3074645996094 4.2493896 1.6613975 1.709566 -10.671338 1.866507 14.66678 1.5873427391052246 0.8644651174545288
Car 0.0 0 1.8508658409118652 388.48712158203125 178.99037170410156 444.77313232421875 210.80259704589844 4.3854966 1.5316429 1.7004321 -10.08228 1.8722621 37.79763 1.5901914834976196 0.8186004161834717
Car 0.0 0 2.0517079830169678 288.4440002441406 175.9054412841797 353.9141540527344 207.09498596191406 3.706268 1.4853384 1.548873 -14.631695 1.6488615 36.65694 1.6719326972961426 0.7625821232795715
Car 0.0 0 -1.1060736179351807 698.53515625 169.3575897216797 788.2294921875 214.93385314941406 4.008152 1.5746717 1.6860888 5.0220933 1.4542279 27.033045 -0.9223915934562683 0.712068498134613
Car 0.0 0 1.8106319904327393 467.15655517578125 175.44668579101562 501.3632507324219 198.02072143554688 4.0506897 1.6206887 1.6239939 -9.452282 1.8238157 54.351986 1.6384453773498535 0.6937581896781921
Car 0.0 0 1.8180196285247803 424.9762268066406 174.5001220703125 468.41796875 203.98846435546875 4.1050057 1.7094406 1.637002 -9.959862 1.8152092 44.128735 1.5960389375686646 0.6565054059028625
Car 0.0 0 -1.0530898571014404 793.6502075195312 165.00967407226562 1086.8233642578125 310.7554931640625 4.0859404 1.5257535 1.6635698 4.3592167 1.4439924 9.41408 -0.6194343566894531 0.6062149405479431
Car 0.0 0 -1.0266586542129517 674.1242065429688 174.6156463623047 734.7845458984375 204.76632690429688 3.579828 1.4970361 1.5297493 4.9660697 1.594557 37.917786 -0.896430492401123 0.48615074157714844
