Pedestrian 0.0 0 2.4993844032287598 992.792724609375 108.64494323730469 1065.07666015625 242.49368286132812 0.6454636 1.7880634 0.56445205 5.7917166 0.8298354 9.75529 3.03515887260437 0.3698376715183258
Pedestrian 0.0 0 3.547466278076172 118.47270965576172 112.40771484375 205.15310668945312 250.4523468017578 0.8531293 1.8474107 0.6032293 -6.184736 0.93782353 9.821518 2.985485076904297 0.34459468722343445
Pedestrian 0.0 0 0.8034965395927429 272.0743103027344 175.2704315185547 326.1275634765625 261.17535400390625 0.79625547 1.7026777 0.64198095 -6.293479 1.6006544 14.458058 0.3929407596588135 0.31153613328933716
Pedestrian 0.0 0 -2.073171615600586 880.6243286132812 155.6485137939453 901.6076049804688 194.16183471679688 0.8986072 1.8001138 0.5572058 13.543899 0.6400056 33.521603 -1.6891918182373047 0.24496199190616608
Pedestrian 0.0 0 1.6138131618499756 790.388916015625 162.8694610595703 803.8624877929688 196.57119750976562 0.7064497 1.7819555 0.6664799 10.268356 0.851164 37.81741 1.8789454698562622 0.24154198169708252
Pedestrian 0.0 0 -0.08214029669761658 773.0201416015625 160.24810791015625 802.4378051757812 191.72731018066406 1.5953499 1.7880733 0.5174902 10.4642935 0.63911545 40.54694 0.1704270839691162 0.19079867005348206
Cyclist 0.0 0 -1.5404887199401855 987.8299560546875 147.4056396484375 1024.5543212890625 215.8959503173828 1.7326792 1.6949267 0.78352684 10.441294 0.8775383 18.436195 -1.0251812934875488 0.8230333924293518
Cyclist 0.0 0 -0.08214029669761658 773.0201416015625 160.24810791015625 802.4378051757812 191.72731018066406 1.5953499 1.7880733 0.5174902 10.4642935 0.63911545 40.54694 0.1704270839691162 0.24142742156982422
Car 0.0 0 -0.8101555705070496 0.0 200.281005859375 290.9544372558594 370.0 3.7313786 1.4869704 1.6215172 -3.1836922 1.6347264 3.3490741 -1.5702433586120605 0.8786157965660095
Car 0.0 0 1.7075245380401611 430.1531982421875 175.3944091796875 467.4857177734375 202.615478515625 3.795404 1.4531393 1.5452182 -8.726131 1.1819959 39.692535 1.4911237955093384 0.8384751081466675
Car 0.0 0 1.7794393301010132 410.1070251464844 175.0033721923828 437.4835510253906 191.83050537109375 3.935663 1.4673293 1.6091264 -16.252554 0.989207 63.649265 1.5294359922409058 0.46155038475990295
