Pedestrian 0.0 0 2.5290756225585938 0.0 215.94378662109375 69.40007019042969 285.1123046875 1.2207553 1.1416615 1.2776281 -11.338378 1.9997227 13.603806 1.8342559337615967 0.1801685243844986
Pedestrian 0.0 0 -1.8622299432754517 821.601318359375 131.397216796875 853.478515625 186.30055236816406 1.7465731 1.8553365 0.5825819 7.9018774 0.45475462 25.256676 -1.5590144395828247 0.13875648379325867
Cyclist 0.0 0 -1.6805490255355835 736.9346923828125 160.7812957763672 768.348876953125 241.58831787109375 1.6552899 1.7086184 0.50197375 3.1147723 1.4537058 16.099062 -1.4894349575042725 0.2537685036659241
Cyclist 0.0 0 -1.8622299432754517 821.601318359375 131.397216796875 853.478515625 186.30055236816406 1.7465731 1.8553365 0.5825819 7.9018774 0.45475462 25.256676 -1.5590144395828247 0.23442138731479645
Car 0.0 0 -1.9990198612213135 798.3743286132812 181.2353973388672 1177.54638671875 375.0 3.9118717 1.5406162 1.6584982 3.1614344 1.6464741 7.115331 -1.5809051990509033 0.949458658695221
Car 0.0 0 1.7805359363555908 518.524658203125 182.15882873535156 599.4871826171875 236.53250122070312 3.9168148 1.4701073 1.7084795 -1.518332 1.7842462 22.269798 1.712462306022644 0.937343418598175
Car 0.0 0 -1.7488892078399658 766.718994140625 151.0192413330078 908.1348876953125 302.1178283691406 3.8185375 2.0820827 1.5082023 3.511271 1.7815655 11.919416 -1.4624085426330566 0.8860592246055603
Car 0.0 0 -1.6297203302383423 689.2371826171875 177.71832275390625 717.6630249023438 201.6909637451172 3.6949673 1.5130719 1.6616868 6.1763716 1.8512654 48.209347 -1.5022988319396973 0.724170446395874
Car 0.0 0 -1.641491413116455 738.01806640625 173.23220825195312 821.8494262695312 248.09158325195312 3.8994823 1.6501226 1.72688 4.066988 1.6609855 17.980736 -1.419048547744751 0.2669995129108429
Car 0.0 0 -1.617782711982727 734.72802734375 174.4637451171875 770.8519897460938 207.54624938964844 4.0847588 1.5979246 1.6249449 7.270724 1.6860428 37.195408 -1.4247431755065918 0.193593829870224
Car 0.0 0 1.2972604036331177 697.9995727539062 174.1145782470703 728.6603393554688 192.07554626464844 3.9971387 1.4904826 1.5926031 8.853783 1.6032479 62.252632 1.4385364055633545 0.19254568219184875
Car 0.0 0 -0.4349917769432068 23.414106369018555 195.19773864746094 283.5243835449219 289.3948669433594 4.1317024 1.502139 1.7930508 -9.178475 2.0288637 14.775657 -0.9908459186553955 0.19160503149032593
Car 0.0 0 1.6152114868164062 741.3767700195312 173.81771850585938 785.4479370117188 212.1360626220703 3.833871 1.4616996 1.605677 6.32028 1.5044533 29.681879 1.8250120878219604 0.18856823444366455
