Cyclist 0.0 0 1.5729577541351318 541.17236328125 175.08026123046875 554.8221435546875 211.43417358398438 1.8267833 1.7150745 0.64430463 -3.0532467 1.8266001 35.08952 1.4861632585525513 0.9109897017478943
Car 0.0 0 -2.038652181625366 801.6155395507812 199.64361572265625 1242.0 375.0 3.5273433 1.374264 1.5645783 2.7667906 1.6556975 5.787224 -1.592689037322998 0.9268981218338013
Car 0.0 0 3.392625570297241 285.9454040527344 172.6121063232422 442.7432556152344 230.1951141357422 3.8500288 1.5274762 1.626038 -6.7851844 1.5214177 20.091465 3.06693696975708 0.8935190439224243
Car 0.0 0 -0.4666730761528015 881.66552734375 176.9300994873047 1215.8486328125 286.8509826660156 3.9714034 1.4916583 1.6223898 6.293522 1.5582446 10.789296 0.061385154724121094 0.8878382444381714
Car 0.0 0 3.5291967391967773 108.80833435058594 184.39968872070312 380.7256774902344 271.99560546875 4.05555 1.4282864 1.599797 -6.434125 1.651174 12.957847 3.0683188438415527 0.8865544199943542
Car 0.0 0 0.6417858004570007 0.0 178.79690551757812 290.2153015136719 332.7560729980469 4.2044005 1.5423067 1.669344 -6.1331344 1.6166319 8.134125 -0.004270760342478752 0.8733912110328674
Car 0.0 0 -2.5614311695098877 2.2750680446624756 179.58233642578125 290.1312561035156 288.10931396484375 3.315215 1.4806691 1.5139295 -6.7996664 1.5883042 10.719921 -3.1266915798187256 0.8603334426879883
Car 0.0 0 -1.7178778648376465 633.0489501953125 178.9154815673828 674.4979858398438 208.05638122558594 4.212354 1.477646 1.6631657 2.3124144 1.8294404 39.65933 -1.6596368551254272 0.8407391905784607
Car 0.0 0 -0.39500001072883606 836.2269897460938 184.2614288330078 1075.267822265625 270.8899230957031 3.6391706 1.4616613 1.5530647 6.155188 1.6848663 13.243899 0.04005742073059082 0.77497398853302
Car 0.0 0 -0.3740138113498688 714.8668823242188 180.2689666748047 850.5776977539062 226.55821228027344 4.1373277 1.4628999 1.5879263 5.708632 1.7233473 24.226204 -0.14259663224220276 0.7271197438240051
Car 0.0 0 -0.34554821252822876 792.9612426757812 179.7828826904297 975.6532592773438 250.47508239746094 3.5208116 1.4977487 1.5577873 6.022916 1.6616923 16.236303 0.009670257568359375 0.672820508480072
Car 0.0 0 0.906451940536499 0.0 190.3326416015625 145.74473571777344 375.0 3.8657863 1.4595952 1.6218623 -6.2867713 1.6279554 5.94537 0.09315085411071777 0.6586872935295105
Car 0.0 0 -0.29248183965682983 718.4746704101562 172.70187377929688 832.8610229492188 223.91912841796875 3.76412 1.8086468 1.6590693 5.971813 1.8036331 26.436804 -0.07032029330730438 0.6070700287818909
Car 0.0 0 -2.7197506427764893 187.36386108398438 177.1815185546875 406.05865478515625 251.57952880859375 4.0087 1.5035943 1.6053952 -6.669469 1.6020004 15.510853 -3.125838041305542 0.6068413257598877
