Pedestrian 0.0 0 -1.3565685749053955 500.0777587890625 172.93203735351562 524.514892578125 218.19781494140625 0.98502415 1.801902 0.7917225 -3.9944358 1.8054794 29.24345 -1.4923208951950073 0.23990647494792938
Pedestrian 0.0 0 0.8490357995033264 258.28448486328125 124.70012664794922 319.58306884765625 242.3525390625 0.6920598 1.8523371 0.60863465 -5.2889085 1.0945531 11.777543 0.4269578456878662 0.1888176053762436
Pedestrian 0.0 0 1.1294963359832764 840.4102172851562 122.79943084716797 899.9557495117188 213.20281982421875 1.3099982 1.7910798 0.6621265 5.325429 0.7997522 14.977112 1.4711257219314575 0.13245123624801636
Pedestrian 0.0 0 0.246052086353302 545.2044677734375 180.6961212158203 558.12255859375 211.0867919921875 0.6558368 1.822471 0.5999054 -3.5721195 2.3026679 43.79663 0.16467070579528809 0.12848086655139923
Pedestrian 0.0 0 0.708243727684021 226.5217742919922 133.3548126220703 306.9276123046875 263.0309143066406 0.8054258 1.7985276 0.67447746 -5.0065546 1.2510561 10.434234 0.26086997985839844 0.11365781724452972
Cyclist 0.0 0 -1.276304841041565 609.43115234375 166.95689392089844 623.5953369140625 189.68746948242188 1.8982513 1.8138582 0.6273252 0.5126671 1.3436373 58.57413 -1.2675526142120361 0.21718263626098633
Cyclist 0.0 0 1.2302240133285522 762.2628173828125 147.5343017578125 787.8972778320312 192.1582794189453 1.4740399 1.7457886 0.5397195 6.5784087 0.75558376 28.98897 1.453372836112976 0.17996513843536377
Cyclist 0.0 0 1.1008076667785645 838.7012329101562 128.354248046875 908.4118041992188 217.81130981445312 1.7732137 1.7310829 0.6049135 5.343756 0.87032634 14.877151 1.445647954940796 0.1266857236623764
Car 0.0 0 -1.8127880096435547 716.2376098632812 177.52467346191406 919.12451171875 313.5389709472656 4.2190604 1.462544 1.6213144 2.5325036 1.5414351 10.015152 -1.565112590789795 0.9485297203063965
Car 0.0 0 -1.6944384574890137 644.828369140625 181.97129821777344 698.1177368164062 221.83523559570312 3.4139786 1.3519815 1.5638102 2.195633 1.7155408 27.002117 -1.6133036613464355 0.8915939331054688
Car 0.0 0 -1.0711326599121094 0.0 191.5187225341797 385.1221618652344 375.0 4.0665765 1.4510514 1.6371025 -3.0376365 1.6371384 5.115571 -1.6069823503494263 0.8881725668907166
Car 0.0 0 -1.357340693473816 670.470703125 171.81781005859375 706.1046142578125 197.20692443847656 3.7437942 1.6239841 1.6104931 5.2350316 1.5580634 48.180023 -1.2491096258163452 0.3049267530441284
Car 0.0 0 -1.0702602863311768 707.0636596679688 170.069580078125 761.1354370117188 195.69386291503906 3.9696488 1.5342146 1.6400915 7.7922683 1.3678597 45.26261 -0.8997745513916016 0.12458652257919312
