Pedestrian 0.0 0 1.0479753017425537 1213.1400146484375 186.7759246826172 1242.0 252.1769256591797 0.75399894 1.7598926 0.5816685 17.259138 2.1547644 20.019037 1.7594730854034424 0.1911925971508026
Pedestrian 0.0 0 -0.4956505298614502 1205.9327392578125 116.68900299072266 1242.0 194.39500427246094 1.1471416 1.8453153 0.6104482 15.295323 0.51190084 17.555452 0.2210559844970703 0.124151311814785
Pedestrian 0.0 0 -1.7224156856536865 1079.93408203125 158.12123107910156 1112.4022216796875 222.8823699951172 0.9038259 1.8111317 0.64216584 13.904477 1.3994683 20.72159 -1.1314094066619873 0.11810655891895294
Cyclist 0.0 0 1.4086699485778809 1068.9085693359375 178.7263946533203 1092.9306640625 222.09034729003906 1.5770817 1.5741105 0.5086017 17.721024 1.8028681 27.236439 1.985492467880249 0.1958043873310089
Cyclist 0.0 0 -0.0692053884267807 577.8675537109375 159.04823303222656 603.8604736328125 182.7919921875 1.9439998 1.797382 0.59492713 -1.4888101 0.75265557 55.00655 -0.09626483172178268 0.16139470040798187
Cyclist 0.0 0 -0.19180721044540405 1194.791259765625 115.17927551269531 1242.0 192.50233459472656 1.3804958 1.8305079 0.6186476 15.231666 0.46550283 17.689573 0.5190689563751221 0.1372736245393753
Cyclist 0.0 0 -1.6884796619415283 772.7698974609375 136.14962768554688 802.1992797851562 203.44065856933594 1.6547748 1.8162197 0.6095304 4.93653 0.8259079 20.32996 -1.4502695798873901 0.12813450396060944
Car 0.0 0 -1.5902873277664185 568.4164428710938 171.89305114746094 605.0888671875 204.6925811767578 3.9469056 1.4589282 1.6330388 -1.1813064 1.416543 34.106094 -1.62490975856781 0.9091649055480957
Car 0.0 0 -1.5410399436950684 522.762939453125 173.66976928710938 550.7352294921875 198.2993927001953 3.521781 1.4647186 1.6275748 -4.549913 1.5178288 44.841602 -1.642160177230835 0.7465700507164001
Car 0.0 0 -1.6377745866775513 577.7769775390625 164.1346893310547 601.6450805664062 184.05934143066406 3.6843271 1.5105196 1.6234566 -1.6461991 0.84985197 56.609673 -1.6668461561203003 0.3880699872970581
Car 0.0 0 -1.0410473346710205 341.1469421386719 167.53140258789062 379.2100830078125 184.51986694335938 3.7829125 1.5129418 1.6144259 -22.91985 1.0392839 66.268 -1.3740345239639282 0.16128014028072357
