Pedestrian 0.0 0 2.5163612365722656 925.0830078125 112.57144927978516 1032.6563720703125 270.6322937011719 0.96428055 1.7599553 0.5680822 4.219741 1.0890869 8.388194 2.9824516773223877 0.23146110773086548
Pedestrian 0.0 0 -0.40253710746765137 781.199462890625 159.42567443847656 798.6307373046875 196.09239196777344 0.6432615 1.779596 0.6039473 8.777895 1.1282188 35.365784 -0.1592504233121872 0.22820714116096497
Cyclist 0.0 0 -1.6127392053604126 759.93212890625 166.2335968017578 806.557373046875 280.2653503417969 1.8088232 1.7501119 0.6676048 2.8039405 1.6488625 12.021847 -1.3835985660552979 0.9596489071846008
Cyclist 0.0 0 -1.622570276260376 745.953125 174.76260375976562 777.0214233398438 252.4166717529297 1.7969878 1.5499134 0.54689 3.1578135 1.5934033 15.373637 -1.4199835062026978 0.8518304228782654
Car 0.0 0 1.8676111698150635 394.1449890136719 190.0257110595703 525.6292114257812 277.3423156738281 3.5563128 1.413125 1.5516069 -2.8613715 1.7965276 14.246487 1.6694008111953735 0.9557383060455322
Car 0.0 0 1.8213549852371216 608.6924438476562 180.069091796875 658.2257690429688 210.51455688476562 4.052595 1.4610149 1.6422102 1.2521324 1.8614193 37.8284 1.8544431924819946 0.9116787910461426
Car 0.0 0 -2.858921766281128 435.9712219238281 179.72589111328125 522.527099609375 213.48992919921875 3.6781075 1.5097698 1.5712727 -6.097971 1.8396677 33.62737 -3.0383119583129883 0.4243440628051758
Car 0.0 0 -1.4719854593276978 765.2982177734375 175.77964782714844 794.619384765625 198.93434143066406 3.5109963 1.4873121 1.5914367 11.481668 1.6931205 48.747833 -1.2406694889068604 0.41280877590179443
Car 0.0 0 1.7739686965942383 662.1660766601562 181.02114868164062 696.299072265625 203.19956970214844 4.1206536 1.4493939 1.6034844 4.9041333 2.0517876 50.979935 1.869870901107788 0.32323330640792847
Car 0.0 0 1.752429485321045 633.3290405273438 179.62315368652344 673.44287109375 208.2831268310547 4.0192127 1.5437729 1.6339778 2.5416684 1.9585481 42.02396 1.8128373622894287 0.31325939297676086
Car 0.0 0 -1.7192761898040771 875.4153442382812 176.4832763671875 922.3598022460938 209.1130828857422 3.5293286 1.4156432 1.5144295 13.357968 1.5945936 33.612503 -1.3410038948059082 0.2769065201282501
