Pedestrian 0.0 0 0.9110949039459229 1200.3814697265625 101.07890319824219 1242.0 219.95252990722656 0.6109869 1.7589041 0.53608674 9.4563265 0.6972474 10.992123 1.6215280294418335 0.26738545298576355
Pedestrian 0.0 0 -1.9281202554702759 805.6632080078125 154.67605590820312 829.1687622070312 191.6381072998047 0.88908595 1.8927578 0.91780764 10.715502 0.9622569 37.425007 -1.6492613554000854 0.18745359778404236
Pedestrian 0.0 0 2.240004062652588 1140.893798828125 175.32559204101562 1169.9351806640625 209.4456024169922 1.1292338 1.7388347 0.63340825 28.143679 1.868449 37.2824 2.886620044708252 0.13803842663764954
Cyclist 0.0 0 -2.0036113262176514 1000.98681640625 155.0177459716797 1095.0948486328125 291.5611572265625 1.5834421 1.7719417 0.5072155 6.071958 1.5408361 10.174722 -1.4655709266662598 0.785629153251648
Cyclist 0.0 0 -1.7202186584472656 730.6103515625 168.32846069335938 743.588623046875 196.17092895507812 1.8426659 1.8449639 0.5932721 8.5472555 1.5454395 48.737774 -1.5466117858886719 0.1302310675382614
Cyclist 0.0 0 1.5700149536132812 1149.8134765625 173.95977783203125 1167.1689453125 210.0828094482422 1.318352 1.8290852 0.70433503 28.327044 1.8877653 37.315456 2.219329595565796 0.11555735766887665
Car 0.0 0 1.9039583206176758 352.6051940917969 182.3472137451172 400.2638244628906 207.24224853515625 4.1601834 1.5342069 1.7632068 -15.55337 2.1958606 48.161495 1.5915889739990234 0.8868665099143982
Car 0.0 0 1.9613559246063232 403.71539306640625 182.95042419433594 439.9253234863281 201.83665466308594 3.849291 1.4868387 1.6185902 -15.880346 2.3686492 60.973553 1.7065696716308594 0.3435688316822052
Car 0.0 0 2.21124005317688 0.0 167.73023986816406 218.7788543701172 258.1696472167969 3.9992044 1.4540662 1.6265898 -9.393679 1.3720452 13.62622 1.6076754331588745 0.1713065654039383
Car 0.0 0 1.499438762664795 1136.81591796875 178.77723693847656 1175.413330078125 204.31065368652344 3.8922884 1.4944199 1.6513964 34.18216 1.8835676 45.27553 2.146120071411133 0.1091594323515892
