Pedestrian 0.0 0 -0.13715070486068726 810.1758422851562 143.01890563964844 899.3175048828125 271.4485778808594 1.0316914 1.67665 1.0104921 3.3855686 1.1890082 9.821101 0.19481611251831055 0.9217728972434998
Pedestrian 0.0 0 0.3466963768005371 458.6940612792969 138.95089721679688 564.6893920898438 296.9429931640625 1.0922008 1.7596376 0.60460633 -1.1294526 1.298571 8.279814 0.21112275123596191 0.7111122012138367
Pedestrian 0.0 0 3.2458386421203613 458.8448486328125 157.5301971435547 542.7328491210938 296.98663330078125 1.0214626 1.7390536 0.5267937 -1.3733929 1.4542928 9.098475 3.096022129058838 0.652288556098938
Pedestrian 0.0 0 0.7137619256973267 277.6062316894531 175.68807983398438 329.8882141113281 257.1597900390625 0.7860123 1.6629236 0.6365057 -6.3633447 1.5663323 14.849309 0.30890679359436035 0.5147292017936707
Pedestrian 0.0 0 -1.7134582996368408 85.04763793945312 171.15371704101562 139.99606323242188 271.5112609863281 0.8095875 1.6654376 0.67134607 -8.585359 1.5119863 12.253404 -2.3246209621429443 0.45829159021377563
Pedestrian 0.0 0 -0.23298662900924683 977.79296875 122.66229248046875 1048.1591796875 248.89947509765625 0.74471515 1.7406527 0.6423457 5.7960043 0.9448122 10.157399 0.2855489253997803 0.4344903230667114
Pedestrian 0.0 0 1.8627368211746216 0.0 182.58140563964844 28.489181518554688 225.24754333496094 1.0494677 1.6842973 0.63936174 -23.90829 1.7717052 28.57402 1.1660065650939941 0.36767569184303284
Pedestrian 0.0 0 2.339482545852661 146.83155822753906 121.55342864990234 215.22720336914062 252.78268432617188 0.61360955 1.8417125 0.5948324 -6.2052126 1.0161054 10.283566 1.7965589761734009 0.34493377804756165
Cyclist 0.0 0 -0.29294461011886597 520.3482666015625 156.03248596191406 640.3316040039062 270.6889953613281 1.7675059 1.7139319 0.71082073 -0.44036636 1.349843 11.188532 -0.33228302001953125 0.8108161091804504
Cyclist 0.0 0 -1.7490861415863037 992.4799194335938 152.9527130126953 1040.61376953125 219.3550567626953 1.9288778 1.6772386 0.7749862 10.928474 0.98302245 18.892889 -1.2246676683425903 0.47417134046554565
Cyclist 0.0 0 1.874494194984436 334.7420349121094 169.8701171875 351.28192138671875 195.0696563720703 1.6400132 1.8027247 0.66974986 -19.03574 1.0435723 51.411884 1.5198860168457031 0.4696016013622284
Cyclist 0.0 0 1.831912636756897 0.0 183.63218688964844 28.068838119506836 225.34632873535156 1.4864897 1.628878 0.58642817 -23.901329 1.7602664 28.521322 1.1344170570373535 0.3799324631690979
Car 0.0 0 -0.8386397957801819 0.0 197.60450744628906 312.8393249511719 370.0 3.7927158 1.4691707 1.5890262 -3.2220519 1.6082073 3.7574453 -1.547478437423706 0.865011990070343
Car 0.0 0 1.7448712587356567 448.3762512207031 168.3629150390625 484.7402038574219 193.22499084472656 3.7011669 1.4906402 1.6187181 -8.620658 0.76430845 44.25223 1.5524736642837524 0.8541296720504761
Car 0.0 0 2.3199660778045654 1163.189453125 142.53302001953125 1224.0 180.75515747070312 4.2817287 1.5125399 1.7162989 25.630241 0.011595536 29.039152 3.0430898666381836 0.4174606502056122
