Pedestrian 0.0 0 1.6113322973251343 745.3673095703125 173.408447265625 762.9312744140625 215.73190307617188 0.6461911 1.7146313 0.68284976 5.881751 1.7380649 29.633003 1.80727219581604 0.7850655913352966
Pedestrian 0.0 0 -0.5611398220062256 942.4725341796875 153.3087921142578 990.84521484375 225.3809356689453 0.8696195 1.8122149 0.70909643 9.105896 1.3211192 18.537914 -0.10455383360385895 0.5413724780082703
Pedestrian 0.0 0 2.921496868133545 704.6903076171875 171.87185668945312 718.9857177734375 200.38819885253906 0.83997345 1.8639362 0.50690275 6.6639137 1.8000978 47.44615 3.0610361099243164 0.15545886754989624
Pedestrian 0.0 0 -1.7924702167510986 817.9705810546875 160.1388702392578 841.7146606445312 204.00833129882812 1.0003574 1.7924254 0.74092036 9.092373 1.2732663 30.003675 -1.4982249736785889 0.15485914051532745
Cyclist 0.0 0 -0.5522212386131287 939.1945190429688 155.54652404785156 989.3797607421875 226.45791625976562 0.9446642 1.7926607 0.6827232 9.087365 1.3554808 18.623991 -0.09826917946338654 0.1880003809928894
Car 0.0 0 1.9906527996063232 253.2045440673828 181.5217742919922 334.2193298339844 218.57675170898438 4.2175446 1.5179625 1.7916529 -14.240549 1.9361422 32.6618 1.579501986503601 0.923620343208313
Car 0.0 0 -2.00842022895813 1029.424072265625 193.98561096191406 1242.0 294.94342041015625 3.7590184 1.4244459 1.6481781 9.154341 1.8642414 13.007236 -1.3951562643051147 0.40047818422317505
Car 0.0 0 -1.9612271785736084 1047.2081298828125 188.04876708984375 1091.2757568359375 207.57113647460938 4.0827336 1.5061185 1.7231388 38.856754 2.840536 61.185986 -1.3954265117645264 0.16218341886997223
Car 0.0 0 1.7660504579544067 338.1108703613281 177.9364776611328 365.08917236328125 195.67535400390625 3.9477088 1.5781151 1.6411285 -24.136168 2.0682082 67.449524 1.4224079847335815 0.14877939224243164
Car 0.0 0 1.032411813735962 906.3831176757812 168.64517211914062 958.7032470703125 191.96597290039062 3.616498 1.5228895 1.6127518 21.816677 1.2484037 49.006474 1.4512497186660767 0.13485735654830933
