Pedestrian 0.0 0 -1.162086844444275 300.2503356933594 157.55303955078125 321.1685791015625 200.02133178710938 0.7041161 1.8971105 0.6468942 -13.552555 1.2139559 32.585953 -1.5562260150909424 0.26882246136665344
Pedestrian 0.0 0 1.0161607265472412 1073.0408935546875 158.5408172607422 1123.005615234375 218.30775451660156 0.9870325 1.8935233 0.96417964 15.744184 1.4404141 23.368448 1.6090421676635742 0.21559317409992218
Pedestrian 0.0 0 -1.9172227382659912 941.66357421875 156.65762329101562 972.5277709960938 205.12869262695312 1.0179769 1.8689592 0.79333466 13.591941 1.2448134 28.364677 -1.4703649282455444 0.19580940902233124
Cyclist 0.0 0 -1.5544202327728271 636.949462890625 179.6638641357422 661.9910278320312 254.9877471923828 1.9366324 1.6216006 0.5451525 0.87653023 1.7888329 16.69362 -1.5019614696502686 0.21884967386722565
Cyclist 0.0 0 -1.9172227382659912 941.66357421875 156.65762329101562 972.5277709960938 205.12869262695312 1.0179769 1.8689592 0.79333466 13.591941 1.2448134 28.364677 -1.4703649282455444 0.10355385392904282
Car 0.0 0 1.9036316871643066 339.3167419433594 182.46287536621094 380.9950866699219 205.75363159179688 3.6668508 1.53091 1.6656784 -17.556978 2.2318447 50.77061 1.5706945657730103 0.6987080574035645
Car 0.0 0 2.047877311706543 246.70838928222656 188.37745666503906 298.7161560058594 212.08226013183594 3.8397212 1.5270147 1.7640122 -23.797903 2.6664944 50.9903 1.6112110614776611 0.509162187576294
Car 0.0 0 -1.531950831413269 558.9125366210938 175.57363891601562 580.8590698242188 194.4392852783203 3.7131288 1.5193287 1.6969353 -3.3589673 1.7548418 60.515293 -1.5874000787734985 0.47357285022735596
Car 0.0 0 0.10862120985984802 883.7882690429688 171.11868286132812 947.6685180664062 195.47471618652344 3.9783516 1.6551261 1.6701149 21.456007 1.5375588 50.727894 0.5087649822235107 0.29109495878219604
Car 0.0 0 -0.49817579984664917 627.1094360351562 169.7748565673828 797.8195190429688 236.9903106689453 3.7802982 1.4951967 1.6191701 2.421625 1.4270599 17.47195 -0.3604525029659271 0.25042924284935
Car 0.0 0 2.2229084968566895 164.0126953125 191.0300750732422 226.71377563476562 215.19009399414062 3.79696 1.4653301 1.7236414 -27.972675 2.7442071 48.75587 1.7020295858383179 0.2473462074995041
Car 0.0 0 0.8202887773513794 899.4674682617188 178.24349975585938 977.72607421875 209.30667114257812 3.919304 1.5678905 1.6370665 17.762941 1.87742 39.270027 1.245077133178711 0.21245981752872467
