Pedestrian 0.0 0 2.0902152061462402 162.96737670898438 154.54881286621094 187.6952362060547 199.18179321289062 0.6812254 1.8338791 0.6254829 -18.104824 1.0821142 29.991707 1.5471081733703613 0.27620020508766174
Pedestrian 0.0 0 -1.0523419380187988 242.18287658691406 169.07260131835938 267.0465087890625 201.00132751464844 1.6889908 1.6911913 0.42879108 -19.267185 1.4912573 39.07134 -1.510477066040039 0.11045581102371216
Cyclist 0.0 0 -1.8670775890350342 759.7775268554688 170.70755004882812 778.1500854492188 201.61009216308594 1.8915288 1.6643783 0.4548257 8.726045 1.549131 39.819508 -1.6513477563858032 0.7174507975578308
Cyclist 0.0 0 -1.892888069152832 799.4696655273438 167.1878662109375 830.12890625 209.6978759765625 1.8087164 1.7149656 0.6864133 8.462796 1.4867368 30.025566 -1.618161916732788 0.7139959931373596
Cyclist 0.0 0 -1.875916600227356 778.6072998046875 169.1414794921875 798.3843994140625 204.59693908691406 1.7371101 1.6543058 0.4133416 8.495632 1.4814425 34.543266 -1.634761095046997 0.5395854115486145
Cyclist 0.0 0 -1.0705300569534302 242.6602783203125 167.69378662109375 267.3075866699219 200.41287231445312 1.7278672 1.7332426 0.4228324 -19.256922 1.4602464 39.09173 -1.5282471179962158 0.34206846356391907
Cyclist 0.0 0 -1.6858508586883545 981.0542602539062 162.05467224121094 1018.84912109375 227.10801696777344 1.9430859 1.7247874 0.70444846 10.822629 1.4388182 20.160656 -1.193183422088623 0.25913429260253906
Car 0.0 0 3.5757014751434326 163.7193145751953 184.15524291992188 348.67742919921875 249.28848266601562 3.6895854 1.4745756 1.5980816 -8.5031395 1.7614547 17.456186 3.1224162578582764 0.9484588503837585
Car 0.0 0 0.08460253477096558 465.51092529296875 178.03323364257812 521.3902587890625 201.0723114013672 3.7311857 1.5654275 1.6046381 -8.132035 1.9342358 50.386806 -0.07540982961654663 0.7412922978401184
Car 0.0 0 0.26267024874687195 369.2712707519531 173.38876342773438 473.1871337890625 216.6220703125 4.1194124 1.8488935 1.720982 -8.287214 1.8734349 31.751465 0.007363319396972656 0.6004866361618042
Car 0.0 0 3.4835638999938965 232.4628448486328 184.1875 395.35919189453125 240.1662139892578 3.9115202 1.4704361 1.5898772 -8.234337 1.8018413 20.190468 3.096323251724243 0.5893027782440186
Car 0.0 0 -1.6526057720184326 602.2210693359375 178.8433380126953 623.0056762695312 194.96014404296875 3.8655365 1.4414574 1.6438061 0.2011768 2.02284 68.00199 -1.6496473550796509 0.33154627680778503
Car 0.0 0 1.8993690013885498 304.0096435546875 180.96022033691406 387.2820739746094 226.46424865722656 3.7257967 1.4208795 1.5962471 -9.124261 1.7240928 25.075706 1.550392985343933 0.24521589279174805
