Pedestrian 0.0 0 0.46719157695770264 277.2286682128906 182.86868286132812 299.9975891113281 220.77073669433594 0.8711891 1.9310915 0.66126424 -16.645586 2.4540071 37.29559 0.04740619659423828 0.1549544483423233
Cyclist 0.0 0 -1.2019219398498535 415.0245361328125 169.62594604492188 429.0033874511719 189.7809295654297 1.96037 1.8459922 0.59219 -17.48987 1.5506927 67.090294 -1.4569376707077026 0.30284443497657776
Cyclist 0.0 0 1.870818853378296 276.9710998535156 185.634521484375 295.1817321777344 220.9659423828125 0.90666896 1.781373 0.61764455 -16.74021 2.4496393 37.216995 1.4481310844421387 0.1582927405834198
Cyclist 0.0 0 -1.3690425157546997 354.6210021972656 170.7584991455078 374.8226013183594 212.54757690429688 1.5540495 1.6088064 0.4577843 -9.745848 1.5284917 28.574947 -1.6977332830429077 0.12092357873916626
Cyclist 0.0 0 -2.9350481033325195 800.8264770507812 154.67889404296875 827.0986938476562 180.43992614746094 1.758288 1.8577381 0.6145004 14.870584 0.5474115 52.709915 -2.6600735187530518 0.11996564269065857
Car 0.0 0 1.9003677368164062 337.32257080078125 182.62210083007812 425.0346984863281 228.86929321289062 3.9221869 1.4052721 1.682177 -7.773746 1.7674309 24.740673 1.5959265232086182 0.9599803686141968
Car 0.0 0 1.8145055770874023 500.8727722167969 175.73529052734375 530.3074340820312 193.258056640625 3.7948258 1.3745586 1.526334 -7.735757 1.6192743 59.217976 1.6846091747283936 0.31096604466438293
Car 0.0 0 -3.0186285972595215 797.3408813476562 156.81637573242188 856.024658203125 181.39981079101562 3.9455564 1.7524074 1.7601388 15.899443 0.60953784 53.031086 -2.7273428440093994 0.12084122002124786
Car 0.0 0 1.643680453300476 255.5592803955078 195.27113342285156 281.15875244140625 215.8350372314453 3.9795678 1.5217178 1.6479281 -28.508194 3.460555 60.237858 1.2016524076461792 0.11697188764810562
Car 0.0 0 1.8446687459945679 287.95220947265625 193.33314514160156 327.5771484375 217.13568115234375 3.846741 1.5152651 1.6244261 -21.502146 3.0313888 51.39383 1.4484187364578247 0.10982175171375275
Car 0.0 0 -1.300970196723938 1125.2513427734375 186.68746948242188 1178.396240234375 209.33108520507812 4.330075 1.3905737 1.7866465 36.652943 2.3658285 48.81721 -0.6569444537162781 0.10546371340751648
