Pedestrian 0.0 0 1.8391129970550537 983.9083862304688 100.5444564819336 1048.840576171875 233.12176513671875 0.60753286 1.7764431 0.65720904 5.6425853 0.8079039 10.1123495 2.348069429397583 0.438861608505249
Pedestrian 0.0 0 2.1410653591156006 214.78704833984375 131.59933471679688 263.8902893066406 210.28579711914062 0.9222186 1.8650959 0.6750725 -9.072425 0.88759947 17.59056 1.6648930311203003 0.4169761538505554
Car 0.0 0 -1.6863216161727905 658.1026611328125 183.7502899169922 724.4806518554688 233.52601623535156 4.100235 1.3534468 1.5756047 2.4036717 1.72583 22.574781 -1.5802452564239502 0.9526035785675049
Car 0.0 0 0.36259719729423523 214.59617614746094 183.1209716796875 436.39727783203125 257.2002868652344 4.342685 1.5569537 1.652357 -6.325178 1.8004835 16.241577 -0.008775840513408184 0.9420649409294128
Car 0.0 0 -0.6711810827255249 926.4859619140625 182.89886474609375 1242.0 338.8584899902344 3.9165065 1.5100499 1.6487776 5.7784247 1.6347731 8.015921 -0.04658625274896622 0.9230292439460754
Car 0.0 0 -2.4087464809417725 0.0 196.85263061523438 251.210693359375 348.094482421875 3.6527648 1.4410183 1.5406811 -6.2568 1.7394712 8.058812 -3.0689258575439453 0.8993144035339355
Car 0.0 0 3.7048866748809814 0.0 199.70135498046875 285.94140625 317.1124572753906 3.5647829 1.4657705 1.551793 -6.7635374 1.8758852 10.193892 3.119086980819702 0.7311029434204102
Car 0.0 0 3.397526502609253 341.8323669433594 178.01992797851562 487.8094482421875 226.39759826660156 4.33497 1.5140262 1.6335688 -6.3425875 1.6892334 23.587439 3.134843111038208 0.6880109906196594
Car 0.0 0 -1.6468631029129028 648.1350708007812 180.06761169433594 692.0352783203125 214.54481506347656 4.082576 1.381144 1.6076769 2.5458505 1.719906 31.801594 -1.5669792890548706 0.685441792011261
Car 0.0 0 -2.25197172164917 0.0 202.79324340820312 90.68827056884766 375.0 3.519811 1.4437191 1.5340775 -6.4113507 1.7132576 5.6462464 -3.100739002227783 0.6313587427139282
Car 0.0 0 1.6735867261886597 551.2149658203125 178.1072540283203 582.218017578125 201.82521057128906 3.8415182 1.4408876 1.6169636 -2.7895117 1.7951356 46.650604 1.6138620376586914 0.5204553604125977
