Pedestrian 0.0 0 -2.5536046028137207 151.2787628173828 159.1699676513672 255.74172973632812 304.4127197265625 1.0326116 1.7429475 0.47971627 -5.007896 1.488663 8.754353 -3.073216438293457 0.8288763761520386
Pedestrian 0.0 0 -1.0226192474365234 1122.085205078125 207.79022216796875 1224.0 370.0 1.4172367 1.6321836 0.5004549 5.4575467 1.9023813 6.4890995 -0.32335400581359863 0.18538616597652435
Pedestrian 0.0 0 -2.09037709236145 945.0765991210938 146.61553955078125 1028.26953125 259.00482177734375 1.1526353 1.7689826 0.7329987 6.245781 1.2373049 11.710738 -1.6004161834716797 0.15783186256885529
Pedestrian 0.0 0 -1.9140572547912598 852.4880981445312 137.1455078125 914.0825805664062 245.95948791503906 1.0428451 1.7687539 0.65707254 4.664186 1.0656863 12.018076 -1.543853521347046 0.15408948063850403
Pedestrian 0.0 0 -1.8847423791885376 832.3595581054688 177.73878479003906 879.0739135742188 250.65615844726562 1.1208315 1.7698935 0.793166 6.231344 1.7044712 17.726742 -1.546712040901184 0.1271776556968689
Pedestrian 0.0 0 1.3662842512130737 488.45257568359375 164.67019653320312 541.73828125 262.63409423828125 0.9464518 1.7495186 0.8080185 -1.7344468 1.4684596 13.201856 1.2356534004211426 0.12622065842151642
Pedestrian 0.0 0 3.5143485069274902 193.51568603515625 140.6410675048828 252.0327606201172 234.33157348632812 0.84653103 1.7934726 0.6160176 -7.537993 1.0321059 13.887921 3.0170705318450928 0.10450354218482971
Cyclist 0.0 0 0.839549720287323 1145.6146240234375 148.2626495361328 1224.0 268.6919860839844 1.5097173 1.92748 0.54492474 10.06221 1.4131736 12.075705 1.5342451333999634 0.15210247039794922
Cyclist 0.0 0 -0.9935793876647949 1110.2021484375 203.28619384765625 1224.0 370.0 1.6271952 1.69519 0.52415884 5.474264 1.9228373 6.518917 -0.2950657904148102 0.14941120147705078
Cyclist 0.0 0 -2.09037709236145 945.0765991210938 146.61553955078125 1028.26953125 259.00482177734375 1.1526353 1.7689826 0.7329987 6.245781 1.2373049 11.710738 -1.6004161834716797 0.13672858476638794
Cyclist 0.0 0 -1.8881824016571045 837.0912475585938 135.38136291503906 899.808349609375 239.6864776611328 1.6831472 1.7206892 0.53129244 4.580871 0.97803223 12.509027 -1.537144422531128 0.12967334687709808
Car 0.0 0 -0.9760857224464417 284.7060852050781 201.86709594726562 414.0220642089844 262.37408447265625 3.7844818 1.4329351 1.6299864 -7.195107 2.106997 20.212845 -1.3180664777755737 0.17762573063373566
Car 0.0 0 1.3779220581054688 517.758056640625 189.60733032226562 611.9215698242188 256.7991638183594 3.7585902 1.4264451 1.6152804 -1.1435295 1.680543 17.576426 1.312953233718872 0.13615690171718597
