Pedestrian 0.0 0 -2.088527202606201 434.9615783691406 183.00833129882812 451.2944030761719 210.79238891601562 0.8235206 1.7468096 0.7057439 -10.740622 2.4064062 46.299023 -2.316478967666626 0.2511427402496338
Pedestrian 0.0 0 2.405608654022217 1029.4285888671875 143.86827087402344 1095.684326171875 252.90359497070312 0.7691919 1.7698354 0.54735494 7.4960213 1.2997037 12.046987 2.9622151851654053 0.1710183173418045
Pedestrian 0.0 0 2.0439910888671875 765.7625732421875 163.3626251220703 797.0195922851562 224.63108825683594 0.69864255 1.7442133 0.6381482 4.9458103 1.4743677 21.011066 2.2751734256744385 0.14954215288162231
Pedestrian 0.0 0 -1.896077275276184 901.620849609375 163.31411743164062 954.8800048828125 253.0057830810547 0.9850596 1.7984182 0.7327111 6.5416656 1.6074908 14.987161 -1.484519362449646 0.11907155066728592
Pedestrian 0.0 0 -2.0102555751800537 790.7908325195312 120.46697235107422 869.9896240234375 263.7585754394531 0.90606976 1.746867 0.64701295 2.7623038 1.1085747 9.289919 -1.721237063407898 0.1179053857922554
Pedestrian 0.0 0 -1.6754493713378906 415.3704833984375 129.9626922607422 439.1134033203125 183.6899871826172 0.9428013 1.9800061 0.77048683 -6.929336 0.3996959 27.163797 -1.9252171516418457 0.11387738585472107
Pedestrian 0.0 0 -1.8784395456314087 1035.8797607421875 158.71458435058594 1104.2567138671875 245.3895263671875 0.9668211 1.7224844 0.9411423 9.438587 1.4418505 14.923232 -1.3144822120666504 0.1053788959980011
Car 0.0 0 1.5848878622055054 234.6612548828125 192.43800354003906 269.98565673828125 223.65911865234375 3.9686353 1.5238415 1.6796389 -19.859392 2.6701941 40.066917 1.1247217655181885 0.8403246402740479
Car 0.0 0 -1.8490815162658691 500.2901611328125 157.45603942871094 608.5936889648438 233.2180633544922 3.5047262 1.5621063 1.584062 -1.4446502 1.2449801 16.793882 -1.9348926544189453 0.1845487505197525
Car 0.0 0 -1.4017813205718994 285.7651672363281 183.81756591796875 321.9114074707031 207.89288330078125 3.898899 1.5159231 1.6477079 -20.9469 2.2988975 49.41651 -1.8027068376541138 0.1603366881608963
Car 0.0 0 1.6076793670654297 355.56524658203125 190.5593719482422 388.4073181152344 220.14488220214844 3.8905382 1.5546968 1.6978781 -14.018552 2.650552 42.53697 1.2893271446228027 0.12383665889501572
Car 0.0 0 1.4370527267456055 220.84457397460938 194.78402709960938 259.4526672363281 222.39859008789062 3.9401085 1.5429772 1.6616223 -23.50275 2.9967706 45.726578 0.9622802734375 0.10937314480543137
