Cyclist 0.0 0 1.607723355293274 486.058349609375 178.37950134277344 509.0848693847656 236.3884735107422 1.704627 1.6349499 0.6154881 -3.365201 1.805851 21.384428 1.451636552810669 0.9328677654266357
Car 0.0 0 -1.7233450412750244 628.0233154296875 180.456787109375 681.7468872070312 217.6971893310547 4.109027 1.396315 1.6098471 1.7539492 1.7355634 30.03826 -1.6650207042694092 0.9527194499969482
Car 0.0 0 3.5976686477661133 0.0 175.7922821044922 287.4649963378906 297.6640625 3.7867787 1.5600554 1.672122 -6.9362874 1.6070405 10.366467 3.0079777240753174 0.9505361318588257
Car 0.0 0 3.415820360183716 316.8481140136719 181.70433044433594 462.8651428222656 227.9749298095703 4.399059 1.4729911 1.6326643 -7.329234 1.7802519 24.157125 3.121248722076416 0.9208928346633911
Car 0.0 0 -0.6647513508796692 935.645263671875 186.5809783935547 1242.0 319.73175048828125 3.6715312 1.4962614 1.6022564 6.29681 1.6894519 9.214077 -0.06526010483503342 0.9001004099845886
Car 0.0 0 -0.41419029235839844 773.30224609375 186.83135986328125 1005.6926879882812 265.0981750488281 4.069681 1.444196 1.6039566 5.474247 1.7440752 14.547894 -0.054287947714328766 0.8852421641349792
Car 0.0 0 2.5895042419433594 829.0462646484375 181.44146728515625 1120.669189453125 291.5653991699219 3.955857 1.6060036 1.6223223 5.7261686 1.7571809 11.672407 3.045581817626953 0.8593690991401672
Car 0.0 0 -0.736880898475647 1024.03564453125 191.0462646484375 1242.0 375.0 3.4957137 1.5675266 1.6016582 5.9626107 1.7557805 6.63971 -0.00515923835337162 0.8158026337623596
Car 0.0 0 0.8685893416404724 0.0 187.94313049316406 114.66565704345703 375.0 4.1135583 1.5583112 1.6518961 -6.780693 1.7021908 5.990463 0.021393775939941406 0.6227424740791321
Car 0.0 0 -0.34164366126060486 767.2518920898438 173.16311645507812 957.4908447265625 257.4587097167969 3.8575735 1.8685111 1.6652685 5.7406425 1.8764591 16.855667 -0.013388579711318016 0.5944138765335083
Car 0.0 0 -2.7900776863098145 371.7076721191406 179.7724151611328 490.66900634765625 221.1975555419922 4.025604 1.4746559 1.5880576 -6.6947637 1.7438478 27.026897 -3.032897472381592 0.556851863861084
Car 0.0 0 0.4204712510108948 49.36920166015625 149.26612854003906 354.5765686035156 271.913818359375 4.46154 2.0331538 1.7944872 -7.1985474 1.6424909 13.039458 -0.08395121991634369 0.5433385968208313
