Pedestrian 0.0 0 2.690633535385132 759.718017578125 136.5055389404297 802.7056274414062 217.50425720214844 0.7375534 1.7725751 0.6260304 3.7818103 0.97748363 16.173698 2.9203314781188965 0.5386776328086853
Cyclist 0.0 0 -1.4589602947235107 704.0420532226562 155.91815185546875 722.7752685546875 197.8291015625 1.8563528 1.8235954 0.63130474 4.6101103 1.0870547 32.369884 -1.317491888999939 0.5853303670883179
Car 0.0 0 -1.7501298189163208 678.2239379882812 184.95103454589844 792.4850463867188 270.0908203125 3.8688374 1.4334649 1.5717698 2.34292 1.7121843 14.650025 -1.591546654701233 0.9448541402816772
Car 0.0 0 -1.8905220031738281 732.4487915039062 182.1601104736328 928.746826171875 321.1839599609375 3.2261672 1.4924664 1.4955633 2.6711361 1.6380718 9.611305 -1.6194467544555664 0.9394199848175049
Car 0.0 0 1.726651668548584 502.32989501953125 183.1261749267578 563.3797607421875 228.8324432373047 3.7957618 1.4257971 1.5568864 -2.6722531 1.8140663 25.310026 1.6214605569839478 0.9285882115364075
Car 0.0 0 -1.1416140794754028 0.0 193.2445526123047 426.0627746582031 375.0 3.6393487 1.4641045 1.5983299 -2.528735 1.6580209 4.996812 -1.6101056337356567 0.8915433287620544
Car 0.0 0 1.820417881011963 312.0608215332031 192.5611572265625 499.2764892578125 333.438232421875 3.5253806 1.4887269 1.6005976 -2.6250622 1.8075854 9.888001 1.5609240531921387 0.8578543663024902
Car 0.0 0 -2.350768566131592 849.3264770507812 183.55751037597656 1242.0 375.0 3.8623571 1.5005354 1.668169 2.4737825 1.5727516 2.8588698 -1.6374582052230835 0.8315664529800415
Car 0.0 0 1.677260398864746 536.984375 171.38417053222656 586.3659057617188 220.6820831298828 4.1834407 1.9563022 1.6638863 -2.0306227 1.8983321 30.753937 1.6113280057907104 0.6991985440254211
Car 0.0 0 1.6993255615234375 564.0643310546875 174.5888671875 607.236083984375 212.4190216064453 4.182967 1.7984691 1.6700277 -1.2147914 1.892175 36.659378 1.6662003993988037 0.6986255645751953
Car 0.0 0 1.9404863119125366 635.9402465820312 181.34161376953125 672.49169921875 201.87094116210938 4.0179 1.5482792 1.6091366 3.590154 2.260626 58.362617 2.0019235610961914 0.5995957255363464
Car 0.0 0 1.813862919807434 613.1145629882812 179.10940551757812 648.8416748046875 202.2008514404297 3.9664297 1.5611366 1.672999 1.527647 2.0314517 52.07 1.8431928157806396 0.5236644744873047
