Pedestrian 0.0 0 -1.778655767440796 761.5203857421875 165.3854217529297 832.8277587890625 277.7944641113281 0.6383651 1.6283607 0.9141725 2.867785 1.3962371 10.746124 -1.5178664922714233 0.7965525984764099
Pedestrian 0.0 0 1.8366174697875977 429.99169921875 177.40467834472656 462.8360900878906 243.56423950195312 0.78597444 1.7561101 0.690019 -4.2262306 1.6485714 19.474981 1.622922658920288 0.7898950576782227
Pedestrian 0.0 0 -1.454209804534912 548.7354736328125 177.9722137451172 569.3564453125 218.7407989501953 0.9637532 1.789227 0.8128074 -1.896669 1.6353561 32.027657 -1.5133605003356934 0.7664965391159058
Pedestrian 0.0 0 1.8906124830245972 446.77020263671875 181.12063598632812 472.54766845703125 233.00975036621094 0.7540329 1.6480495 0.6131626 -4.604194 1.6371028 23.224487 1.6949026584625244 0.4983653426170349
Pedestrian 0.0 0 3.4706501960754395 252.63539123535156 179.89202880859375 295.2568359375 278.28814697265625 0.49510032 1.6640388 0.6430977 -5.7269297 1.6381286 12.490438 3.040745973587036 0.495716392993927
Pedestrian 0.0 0 -1.3663289546966553 311.043701171875 157.1019287109375 327.2112121582031 194.33596801757812 0.7351945 1.8859587 0.6360146 -14.464327 0.6510321 36.79822 -1.740848183631897 0.23760800063610077
Pedestrian 0.0 0 -1.5693598985671997 1166.9854736328125 88.33673095703125 1238.0 247.69921875 0.6751561 1.7976233 0.7044382 7.1752114 0.7480849 8.585242 -0.8731905817985535 0.2319507896900177
Pedestrian 0.0 0 2.906322956085205 529.6799926757812 184.19483947753906 548.1603393554688 222.07427978515625 0.76725835 1.8548537 0.7214477 -3.1178703 1.9914129 35.701653 2.8192126750946045 0.22812531888484955
Pedestrian 0.0 0 -2.3740336894989014 1118.47802734375 151.8652801513672 1238.0 374.0 0.8737672 1.5705707 0.5639674 3.675043 1.4127413 4.3200874 -1.6691408157348633 0.22686393558979034
Pedestrian 0.0 0 -1.4766972064971924 395.8043518066406 178.18296813964844 417.8251953125 231.11810302734375 0.9198642 1.6551089 0.59778225 -6.240333 1.5525045 22.961523 -1.7420612573623657 0.19266219437122345
Pedestrian 0.0 0 2.8154048919677734 584.2919921875 178.8972930908203 597.9229125976562 203.2395477294922 0.8682947 1.8134065 0.6268074 -0.758332 1.6200947 53.950966 2.8013498783111572 0.18386483192443848
Pedestrian 0.0 0 3.2431938648223877 322.4464416503906 158.32208251953125 379.1954650878906 271.5234375 0.814678 1.7837672 0.6641913 -4.121097 1.419839 11.734702 2.9054603576660156 0.17263734340667725
Pedestrian 0.0 0 2.8686234951019287 560.490234375 178.38221740722656 568.7922973632812 198.4286346435547 0.60557157 1.8439642 0.68237305 -3.3702223 1.5575427 66.49303 2.817981481552124 0.151009663939476
Pedestrian 0.0 0 -0.3260572552680969 509.6470642089844 179.6104736328125 550.3961791992188 219.1747589111328 1.7296296 1.7846445 0.7154451 -3.2998667 1.7003522 33.082443 -0.42547518014907837 0.1359676867723465
Pedestrian 0.0 0 0.6937795877456665 39.91522216796875 203.5734100341797 264.9544372558594 374.0 1.609009 1.628748 0.6778519 -3.9461896 1.8370056 6.2871394 0.1332693099975586 0.11471275985240936
Cyclist 0.0 0 -0.3260572552680969 509.6470642089844 179.6104736328125 550.3961791992188 219.1747589111328 1.7296296 1.7846445 0.7154451 -3.2998667 1.7003522 33.082443 -0.42547518014907837 0.34958189725875854
Cyclist 0.0 0 -1.628428339958191 394.6683654785156 177.8951416015625 414.5690612792969 232.07632446289062 1.4711105 1.6777055 0.5275553 -6.3431535 1.5671941 23.021736 -1.8972861766815186 0.28922024369239807
Cyclist 0.0 0 -1.1698113679885864 329.84326171875 158.98342895507812 409.7266540527344 275.332275390625 1.7505794 1.8128064 0.65013266 -3.895078 1.4632796 12.090405 -1.4814748764038086 0.25123167037963867
Cyclist 0.0 0 0.7744573354721069 63.02910614013672 197.8048858642578 276.99322509765625 374.0 1.5991216 1.6517788 0.6679462 -3.8210218 1.8079727 6.3107343 0.23001837730407715 0.23073025047779083
Cyclist 0.0 0 -2.362534523010254 1112.599365234375 152.34754943847656 1238.0 374.0 0.9716959 1.564655 0.58606625 3.6753192 1.411767 4.308855 -1.656319260597229 0.1986212432384491
Cyclist 0.0 0 2.1950089931488037 0.0 24.24829864501953 201.81187438964844 300.77392578125 1.5115489 1.6411803 0.6323968 -3.5832922 0.70930815 5.01776 1.5748679637908936 0.15165089070796967
