Pedestrian 0.0 0 1.7183866500854492 1017.8746948242188 192.1777801513672 1055.8408203125 263.83758544921875 0.86387104 1.8689264 0.7753331 11.61513 2.4126773 19.707579 2.2509560585021973 0.39249348640441895
Pedestrian 0.0 0 0.47721731662750244 199.93075561523438 133.2644805908203 318.4454040527344 331.6199951171875 0.7985528 1.7925972 0.66492885 -3.3651454 1.435173 6.8588142 0.021093130111694336 0.3035149872303009
Pedestrian 0.0 0 0.6376720666885376 373.5231018066406 182.43780517578125 410.7546691894531 248.97218322753906 0.7423272 1.733317 0.6019012 -5.878257 1.9957492 19.319996 0.3423137664794922 0.2898944318294525
Pedestrian 0.0 0 -0.28776445984840393 960.6603393554688 203.60452270507812 1011.0325317382812 292.9476623535156 0.7558193 1.7317499 0.6318435 7.556215 2.3718383 14.626726 0.18907737731933594 0.24705667793750763
Pedestrian 0.0 0 -0.9030144214630127 921.570068359375 196.8290557861328 963.8350219726562 242.8574676513672 1.7689425 1.8363376 0.6522943 13.887345 2.8632014 30.197681 -0.4719737470149994 0.15034805238246918
Pedestrian 0.0 0 1.532942771911621 718.098876953125 202.0804443359375 741.0197143554688 254.44131469726562 1.0122194 1.7354406 0.7453923 4.101729 2.7737021 25.072424 1.6951014995574951 0.13928334414958954
Cyclist 0.0 0 -0.9237583875656128 922.68701171875 197.1282501220703 963.3776245117188 242.23875427246094 1.7095437 1.7995889 0.64891124 13.908754 2.8397229 30.214008 -0.49233806133270264 0.3139804005622864
Cyclist 0.0 0 1.8936083316802979 429.62579345703125 188.59266662597656 461.91888427734375 245.2817840576172 1.6949023 1.8274915 0.56834686 -5.6291738 2.3837752 24.612438 1.6687630414962769 0.203184112906456
Cyclist 0.0 0 -2.395531415939331 894.50146484375 170.90501403808594 939.6287231445312 230.5769805908203 1.6299165 2.2299385 0.5931461 11.780776 2.157463 27.825874 -1.9950381517410278 0.17409959435462952
Cyclist 0.0 0 1.9878473281860352 355.789306640625 162.29580688476562 407.38287353515625 233.34263610839844 1.8292845 1.7568778 0.5925974 -5.963419 1.4961481 18.781326 1.6803970336914062 0.15260444581508636
Car 0.0 0 1.6647545099258423 519.2499389648438 202.5158233642578 564.9848022460938 243.59483337402344 3.9445758 1.4799982 1.5815231 -2.8778923 2.8283553 30.815023 1.5716321468353271 0.8753386735916138
Car 0.0 0 2.358525514602661 147.59507751464844 183.83950805664062 394.2254333496094 290.0353698730469 3.7797067 1.4575208 1.6049458 -5.616292 1.6775856 12.376234 1.9325189590454102 0.3315122425556183
Car 0.0 0 1.7302237749099731 544.3897094726562 205.26063537597656 590.122314453125 241.9272003173828 4.071096 1.5087388 1.6216103 -2.080808 3.19907 35.517834 1.6717058420181274 0.22900812327861786
