Pedestrian 0.0 0 -0.6232589483261108 739.4564208984375 162.76852416992188 768.7169189453125 219.50997924804688 0.66104263 1.8217973 0.68853194 4.6671424 1.4983408 23.614077 -0.4281313717365265 0.7288064956665039
Pedestrian 0.0 0 3.7714529037475586 0.0 127.66626739501953 76.88131713867188 231.1597137451172 1.2239323 1.8589008 0.5629829 -10.683859 1.0476176 13.267751 3.0935187339782715 0.4640939235687256
Cyclist 0.0 0 3.787619113922119 0.0 127.83833312988281 79.25640106201172 232.73226928710938 1.3458204 1.8856194 0.55417275 -10.695565 1.0767559 13.266723 3.10911226272583 0.22417040169239044
Car 0.0 0 -1.7940170764923096 706.1661987304688 180.8304443359375 817.5121459960938 257.3675231933594 3.5681274 1.4105663 1.5478269 3.0709016 1.6019847 15.475758 -1.5981286764144897 0.9621272087097168
Car 0.0 0 -2.0494327545166016 817.1724243164062 181.43099975585938 1242.0 375.0 3.9502022 1.451617 1.6028584 2.8115058 1.5383563 5.2805743 -1.5601835250854492 0.9344032406806946
Car 0.0 0 -1.7206729650497437 678.6564331054688 174.12646484375 759.6497802734375 237.59974670410156 3.7071815 1.5882642 1.6561021 2.872522 1.6271527 19.985981 -1.5779236555099487 0.9077143669128418
Car 0.0 0 0.17841970920562744 418.08087158203125 183.91329956054688 475.5747375488281 205.09027099609375 3.9431252 1.5199151 1.6203116 -12.116781 2.3558218 53.61491 -0.04384300112724304 0.8566703796386719
Car 0.0 0 1.6324398517608643 540.2716064453125 179.42649841308594 573.8092041015625 208.62351989746094 3.6566815 1.4741857 1.5917271 -2.8628247 1.8474029 39.092915 1.5593390464782715 0.8486413359642029
Car 0.0 0 -1.5562278032302856 599.4400634765625 175.33201599121094 622.9857788085938 196.9953155517578 3.5611477 1.4826486 1.6254511 0.08288026 1.6663312 51.583496 -1.5546211004257202 0.6201804280281067
Car 0.0 0 -1.7019447088241577 652.1000366210938 176.5083770751953 697.3309936523438 210.91868591308594 3.8150666 1.4971555 1.6094464 2.928979 1.6782664 33.74444 -1.6153628826141357 0.5351828336715698
Car 0.0 0 -1.771692156791687 668.211669921875 175.41012573242188 729.8829956054688 226.11337280273438 2.9218237 1.563798 1.4629693 2.847507 1.6542763 23.920074 -1.6532071828842163 0.5034299492835999
