Pedestrian 0.0 0 -2.342738151550293 973.6087646484375 143.5823974609375 1115.1212158203125 318.98504638671875 0.89248383 1.5896957 0.7746307 4.252602 1.2474228 7.0299554 -1.7987046241760254 0.6895382404327393
Pedestrian 0.0 0 -2.9000062942504883 790.0193481445312 155.3527374267578 821.1993408203125 238.6537628173828 0.43708906 1.6679009 0.8264633 4.188215 1.1456107 14.847555 -2.6250689029693604 0.6244368553161621
Pedestrian 0.0 0 1.9132184982299805 565.5564575195312 163.82521057128906 583.4790649414062 203.2223663330078 0.6814927 1.8527131 0.66326004 -1.2888855 1.0224441 34.20277 1.8755526542663574 0.48912203311920166
Pedestrian 0.0 0 0.1768639087677002 315.5703430175781 153.3722381591797 361.4132385253906 237.35391235351562 0.8232364 1.750854 0.63634384 -5.6479526 1.1656803 15.358434 -0.1755290925502777 0.3803040683269501
Pedestrian 0.0 0 -1.452285885810852 478.42205810546875 171.60516357421875 495.3356018066406 214.64474487304688 0.8315056 1.6517723 0.5581387 -4.4784517 1.2730497 27.992243 -1.6109304428100586 0.3178573250770569
Pedestrian 0.0 0 3.1943445205688477 493.34869384765625 153.39610290527344 528.5435791015625 216.56272888183594 0.9717109 1.7847204 0.69193786 -2.6249828 0.9918128 20.674076 3.0680506229400635 0.1842823177576065
Pedestrian 0.0 0 1.4031420946121216 652.22314453125 162.7834014892578 663.6456298828125 192.0605926513672 0.80412287 1.8456436 0.5978027 3.5991476 0.6664634 45.708527 1.48172128200531 0.18297535181045532
Pedestrian 0.0 0 1.1670191287994385 966.1453857421875 138.1641845703125 985.2521362304688 178.19561767578125 0.7945229 1.9287623 0.5594972 18.271782 -0.16248138 35.094223 1.6470494270324707 0.17567108571529388
Pedestrian 0.0 0 -0.0037478581070899963 634.81396484375 163.00399780273438 651.2941284179688 192.60000610351562 1.03019 1.852162 0.5799052 2.6273248 0.6953801 45.26934 0.05422472953796387 0.17100752890110016
Pedestrian 0.0 0 -1.2260836362838745 499.6470031738281 174.8411102294922 525.9718627929688 224.6499786376953 0.9062187 1.8075223 0.7035487 -3.2945886 1.5669235 26.584465 -1.349384069442749 0.15722860395908356
Pedestrian 0.0 0 0.2464194893836975 354.5633544921875 158.24966430664062 384.86370849609375 218.1339874267578 0.7607511 1.8039517 0.594796 -7.1052427 1.1046823 21.95849 -0.06652399897575378 0.15611858665943146
Pedestrian 0.0 0 -1.518201231956482 413.4805908203125 195.41592407226562 446.4934997558594 272.5054626464844 0.8326537 1.5751448 0.64437747 -3.681877 1.8821135 15.311839 -1.754180669784546 0.15435034036636353
Cyclist 0.0 0 -1.7591480016708374 733.74072265625 158.73255920410156 751.9846801757812 196.88455200195312 1.742605 1.7636051 0.52883434 6.688198 0.7120881 34.075706 -1.565337061882019 0.51203852891922
Cyclist 0.0 0 -1.452285885810852 478.42205810546875 171.60516357421875 495.3356018066406 214.64474487304688 0.8315056 1.6517723 0.5581387 -4.4784517 1.2730497 27.992243 -1.6109304428100586 0.1632101684808731
Car 0.0 0 1.681915283203125 575.9505004882812 172.1619873046875 632.7728881835938 216.4206085205078 4.076646 1.4285067 1.5562972 0.15661459 1.1282057 25.29801 1.6881059408187866 0.7548444867134094
Car 0.0 0 0.4447965621948242 0.0 0.0 1238.0 374.0 3.6275673 1.5212326 1.5802023 2.3512523 1.3510096 1.08046 1.584846019744873 0.19421511888504028
