Pedestrian 0.0 0 -1.3434302806854248 743.9496459960938 139.7398223876953 861.9262084960938 343.3375244140625 0.91482633 1.6967815 0.8625654 1.8157613 1.3501405 6.5915523 -1.0746290683746338 0.8924896121025085
Pedestrian 0.0 0 -2.668729305267334 1074.734375 127.19005584716797 1202.3211669921875 293.5509338378906 0.9164222 1.7561344 0.75981593 6.033553 1.1841899 8.15966 -2.0320229530334473 0.8118903040885925
Pedestrian 0.0 0 -1.6216182708740234 557.951904296875 165.3230438232422 589.9751586914062 231.7356719970703 0.92723274 1.7239316 0.803629 -0.7735252 1.3051851 19.142134 -1.66200590133667 0.8086025714874268
Pedestrian 0.0 0 -1.5966936349868774 597.6090087890625 166.10629272460938 623.2962646484375 227.54263305664062 0.9009525 1.6783959 0.691914 0.21358603 1.2590073 20.077475 -1.5860559940338135 0.775037944316864
Pedestrian 0.0 0 -1.8011544942855835 956.7112426757812 111.76078796386719 1043.764892578125 268.7425537109375 0.74954665 1.7555066 0.74351954 4.640017 0.9769751 8.490729 -1.3010175228118896 0.7545167207717896
Pedestrian 0.0 0 -2.720454454421997 476.98028564453125 162.52635192871094 516.4266967773438 228.3407440185547 0.96464646 1.8302059 0.55604637 -2.9968996 1.3037258 20.37185 -2.866516590118408 0.701129138469696
Pedestrian 0.0 0 -1.7435857057571411 585.3182983398438 164.3400421142578 611.27734375 213.36524963378906 0.9858052 1.8119861 0.82027465 -0.14613646 1.178788 27.105042 -1.7489771842956543 0.6922439932823181
Pedestrian 0.0 0 -1.454232096672058 626.4424438476562 166.59242248535156 652.4307861328125 225.54025268554688 0.77934545 1.6876653 0.6745788 1.0880383 1.2620046 21.003857 -1.4024765491485596 0.6410635113716125
Pedestrian 0.0 0 -1.483847737312317 609.6961059570312 164.13150024414062 637.1527709960938 227.72108459472656 0.813309 1.6409014 0.6589881 0.5558162 1.19389 18.975826 -1.454565405845642 0.6355917453765869
Pedestrian 0.0 0 1.5469129085540771 491.2904968261719 164.19285583496094 525.4678344726562 236.1063690185547 0.8994612 1.6900941 0.7958984 -2.2960613 1.2845488 17.38536 1.4156041145324707 0.6128203272819519
Pedestrian 0.0 0 1.2433310747146606 639.8207397460938 166.536376953125 659.6384887695312 211.7521514892578 0.7405554 1.7382792 0.5624526 1.8627108 1.1640369 28.04346 1.3096559047698975 0.5548941493034363
Pedestrian 0.0 0 1.7097890377044678 460.1655578613281 168.8631591796875 474.1132507324219 206.3740234375 0.814181 1.7510521 0.5417697 -6.3536983 1.1620691 33.949238 1.5247764587402344 0.5460883378982544
Pedestrian 0.0 0 -2.921623706817627 654.5326538085938 161.5095977783203 686.327880859375 215.2555694580078 0.8741728 1.6818742 0.731868 2.1838608 1.0574218 22.95954 -2.826791286468506 0.3746603727340698
Pedestrian 0.0 0 -3.1514699459075928 742.7743530273438 154.28079223632812 769.4443359375 214.12232971191406 0.77645296 1.7760582 0.5669072 4.6337805 0.9693371 21.672285 -2.9408302307128906 0.36651483178138733
Pedestrian 0.0 0 -1.8832042217254639 647.8547973632812 164.17759704589844 664.7583618164062 207.2761993408203 0.70400053 1.7232252 0.48939636 2.2037556 1.0316199 29.118395 -1.8076655864715576 0.36477985978126526
Pedestrian 0.0 0 -1.1654901504516602 379.4207763671875 165.73037719726562 439.2769775390625 270.11639404296875 0.9684825 1.7032342 0.6598395 -3.298801 1.4472164 12.244327 -1.4286563396453857 0.33480677008628845
Pedestrian 0.0 0 1.0543946027755737 662.1087036132812 157.46981811523438 763.7467041015625 285.6914367675781 1.7602863 1.7041366 0.6727567 1.5341489 1.3860894 10.4866705 1.1996592283248901 0.18909317255020142
Cyclist 0.0 0 1.8945369720458984 506.8725280761719 169.79335021972656 527.7258911132812 201.1365966796875 1.7325927 1.7080187 0.6389565 -4.681984 1.0709015 40.05585 1.7781785726547241 0.42241689562797546
Cyclist 0.0 0 1.0543946027755737 662.1087036132812 157.46981811523438 763.7467041015625 285.6914367675781 1.7602863 1.7041366 0.6727567 1.5341489 1.3860894 10.4866705 1.1996592283248901 0.37154409289360046
Cyclist 0.0 0 -1.713704228401184 596.049560546875 165.01141357421875 624.7215576171875 226.8446044921875 0.89388144 1.6887747 0.67944914 0.21209595 1.2395986 20.10426 -1.7031548023223877 0.19576355814933777
Cyclist 0.0 0 -1.1504392623901367 379.43328857421875 167.8245849609375 439.99005126953125 270.92938232421875 0.9822326 1.683006 0.6575571 -3.296427 1.461069 12.259603 -1.413111925125122 0.15659351646900177
Cyclist 0.0 0 -1.6234588623046875 467.6477966308594 165.4142608642578 504.49041748046875 239.77438354492188 0.9614621 1.7389874 0.82607776 -2.8317902 1.3640102 17.353989 -1.7852113246917725 0.10465312004089355
Cyclist 0.0 0 -1.753008484840393 962.4760131835938 112.822021484375 1044.983154296875 270.5758361816406 0.8174012 1.761395 0.71179307 4.69587 0.9959266 8.518171 -1.249185562133789 0.10464106500148773
