Pedestrian 0.0 0 1.9258733987808228 301.3138122558594 179.6844940185547 339.335693359375 244.19483947753906 0.8084698 1.8268119 0.7934291 -8.441203 2.0292914 20.933056 1.5425705909729004 0.8165810108184814
Pedestrian 0.0 0 -0.620622456073761 0.0 192.77200317382812 48.95355224609375 278.9042663574219 0.93958974 1.8919766 0.9686132 -13.875356 2.3690982 16.69087 -1.314167857170105 0.3727644681930542
Pedestrian 0.0 0 -1.585796594619751 400.1567687988281 177.19349670410156 417.62493896484375 211.33151245117188 0.9050681 1.9095805 0.9432394 -11.486333 2.160374 41.070065 -1.858505368232727 0.2771170437335968
Pedestrian 0.0 0 -0.8940680623054504 196.0106964111328 191.7887725830078 238.4678192138672 244.79534912109375 0.9704847 1.8467804 0.95147526 -14.240365 2.5468354 26.098738 -1.3935532569885254 0.11000148952007294
Pedestrian 0.0 0 1.3076171875 1137.098388671875 166.9691162109375 1187.121826171875 238.35858154296875 0.97050846 1.8757477 0.852162 14.904584 1.7214814 19.565895 1.9586045742034912 0.10755065828561783
Pedestrian 0.0 0 2.2642364501953125 18.362201690673828 177.35894775390625 75.83390808105469 254.06614685058594 0.94538486 1.8216835 0.6585947 -13.819171 1.9354036 17.671654 1.6005699634552002 0.10645495355129242
Cyclist 0.0 0 -3.639467716217041 1079.67333984375 115.66403198242188 1159.08154296875 179.89877319335938 1.6780332 1.7145827 0.61466354 13.809844 0.18840027 19.658062 -3.027064085006714 0.19794243574142456
Cyclist 0.0 0 3.3122541904449463 345.5063171386719 179.4268798828125 377.5798034667969 208.80203247070312 1.7677562 1.7633611 0.6271502 -15.162671 2.1683505 43.96412 2.9801411628723145 0.11648434400558472
Cyclist 0.0 0 -1.3857347965240479 411.144287109375 173.22523498535156 425.3756103515625 203.69309997558594 1.614798 1.8089846 0.546742 -11.634067 1.8322442 43.683277 -1.646020770072937 0.10972019284963608
Car 0.0 0 -1.5715258121490479 656.6478271484375 177.62355041503906 685.7227783203125 205.7071075439453 3.4710112 1.4713988 1.5448455 3.368814 1.7493881 40.203884 -1.487927794456482 0.593731701374054
Car 0.0 0 -1.041194200515747 455.7312927246094 177.5127716064453 513.4849853515625 205.18426513671875 4.0191054 1.5686154 1.6502436 -7.581845 1.865825 43.801533 -1.212591290473938 0.14459960162639618
Car 0.0 0 1.2357546091079712 633.1276245117188 180.0421905517578 668.7402954101562 200.97549438476562 3.7155676 1.4876974 1.5522213 3.035228 2.0524352 54.64903 1.2912379503250122 0.11018113046884537
