Pedestrian 0.0 0 -2.1812727451324463 787.7288818359375 174.0447998046875 881.3768920898438 305.39093017578125 0.7453799 1.5901344 0.87393653 2.8053498 1.6065401 9.231259 -1.886244773864746 0.773324728012085
Car 0.0 0 -1.7968963384628296 724.879150390625 181.7747039794922 816.7684936523438 242.780029296875 3.7450142 1.4551011 1.6149157 4.2124853 1.721642 19.642754 -1.5856412649154663 0.9483033418655396
Car 0.0 0 -1.5959690809249878 599.23486328125 180.06332397460938 661.5944213867188 230.2581787109375 3.3921301 1.3250276 1.6884717 0.50229573 1.5544851 21.22908 -1.5723127126693726 0.9462711811065674
Car 0.0 0 -2.269540309906006 387.301025390625 177.80137634277344 527.3848266601562 239.47503662109375 3.5987172 1.4179597 1.5766133 -4.028114 1.5576133 18.58777 -2.4829483032226562 0.9363459348678589
Car 0.0 0 -1.8689255714416504 763.5696411132812 183.2940673828125 903.8331909179688 273.6204528808594 3.7337606 1.5191647 1.609256 4.247093 1.7556897 14.4428005 -1.582924485206604 0.9327247142791748
Car 0.0 0 -2.0769872665405273 860.582275390625 169.57565307617188 1242.0 371.16705322265625 3.9984097 1.5393491 1.6601101 4.0926795 1.5146737 7.512152 -1.5781391859054565 0.9122189879417419
Car 0.0 0 -1.7703033685684204 706.4740600585938 167.69308471679688 777.7025756835938 220.88232421875 3.8487537 1.6923736 1.6676037 4.419986 1.5285219 24.89881 -1.5946155786514282 0.7272608876228333
Car 0.0 0 2.1148416996002197 188.49200439453125 176.2989959716797 342.3113708496094 246.467041015625 3.5913305 1.434211 1.5902971 -7.891848 1.5237069 16.79778 1.6756324768066406 0.6988680362701416
Car 0.0 0 2.095097541809082 289.1498718261719 175.96311950683594 403.76885986328125 229.85475158691406 3.7787697 1.466306 1.5749025 -7.8946834 1.5694785 21.858622 1.7485063076019287 0.6182063221931458
Car 0.0 0 2.176006317138672 7.918597221374512 178.54344177246094 234.83705139160156 278.1806335449219 3.4075065 1.4245629 1.4898908 -8.070702 1.5349333 12.229473 1.5926759243011475 0.6089535355567932
Car 0.0 0 -1.564762830734253 607.2326049804688 173.80242919921875 643.03662109375 207.03173828125 3.6565652 1.525894 1.6500647 0.7053567 1.5748043 35.08514 -1.5446614027023315 0.6077925562858582
Car 0.0 0 -0.36750197410583496 763.6632690429688 170.4477081298828 850.9248657226562 200.90899658203125 3.9418156 1.5004531 1.6268618 9.920367 1.3822827 36.54931 -0.10246318578720093 0.5683502554893494
