Pedestrian 0.0 0 1.7296202182769775 728.4442749023438 163.8323516845703 760.1074829101562 224.86676025390625 1.0086975 1.7901841 0.7915797 4.0124702 1.5259308 21.768179 1.9119014739990234 0.26797807216644287
Pedestrian 0.0 0 1.672041893005371 750.4411010742188 167.9491424560547 781.1270141601562 233.54541015625 0.8547185 1.7969992 0.76282394 4.3394737 1.6629893 20.28746 1.882765769958496 0.2428743988275528
Pedestrian 0.0 0 -2.4271209239959717 1028.65234375 186.36883544921875 1093.15576171875 225.6114044189453 1.2308034 1.1712458 1.2225121 14.204697 1.6136734 22.830244 -1.8705464601516724 0.20153746008872986
Pedestrian 0.0 0 -0.9348824620246887 778.5142211914062 176.06076049804688 809.311279296875 224.70579528808594 0.83928216 1.7164943 0.7215004 6.602613 1.8351707 26.07442 -0.6868737936019897 0.161955788731575
Cyclist 0.0 0 1.6580495834350586 752.9296875 166.667236328125 782.5806274414062 232.59823608398438 0.88667387 1.7950143 0.7375028 4.3703723 1.6269337 20.174221 1.871384620666504 0.11629632115364075
Car 0.0 0 1.416196346282959 422.9311218261719 183.53524780273438 497.4688720703125 235.60513305664062 4.113698 1.4128602 1.6600819 -4.84389 1.7821674 22.702837 1.2059876918792725 0.9258370995521545
Car 0.0 0 1.5847843885421753 346.1231994628906 181.9805908203125 404.53851318359375 233.99366760253906 3.8622227 1.4563438 1.630803 -7.49673 1.7742727 23.018059 1.2699294090270996 0.8745754957199097
Car 0.0 0 -2.077324628829956 0.0 205.322265625 62.858612060546875 281.76513671875 3.7505007 1.4467386 1.6216908 -14.494037 2.2387571 16.208448 -2.806941270828247 0.6228147149085999
Car 0.0 0 3.3863987922668457 0.0 189.4937744140625 81.75968170166016 229.73150634765625 3.8505533 1.47704 1.8112112 -24.183134 2.1952813 29.483946 2.699453353881836 0.3866451382637024
Car 0.0 0 -2.9238996505737305 610.58935546875 153.7804412841797 774.1798706054688 209.58624267578125 4.8500996 1.6420634 2.0587533 2.6005313 1.0811898 22.988527 -2.81125545501709 0.22511041164398193
