Pedestrian 0.0 0 -1.7068678140640259 752.4920043945312 150.041015625 771.9344482421875 188.61524963378906 0.8233593 1.9198583 0.85332054 7.6251264 0.7848031 36.349323 -1.5000925064086914 0.24219131469726562
Car 0.0 0 1.739943265914917 455.47637939453125 183.3014373779297 535.8434448242188 238.5743408203125 4.363521 1.4520364 1.6970295 -3.4086168 1.8024127 21.976313 1.5860652923583984 0.9581266641616821
Car 0.0 0 1.4182143211364746 683.7756958007812 175.82965087890625 792.4318237304688 262.27398681640625 3.9256277 1.5818278 1.6446155 2.5193112 1.6534566 15.30762 1.5813310146331787 0.9338636994361877
Car 0.0 0 2.1738548278808594 0.0 199.1661834716797 338.7050476074219 375.0 4.265433 1.469272 1.6650867 -3.5954216 1.7342519 5.112991 1.5609887838363647 0.9079269766807556
Car 0.0 0 -1.7239047288894653 657.4965209960938 180.99588012695312 728.5372924804688 237.09698486328125 3.5874698 1.5393412 1.6173996 2.4164662 1.8103409 22.153772 -1.6152572631835938 0.8497123122215271
Car 0.0 0 1.655816674232483 519.7359008789062 180.8234100341797 554.3247680664062 211.8817596435547 3.396225 1.4768412 1.478474 -3.7276917 1.9036021 36.89356 1.555119276046753 0.3817589581012726
Car 0.0 0 1.424453616142273 645.7567138671875 182.3931884765625 703.1066284179688 225.89112854003906 3.9148984 1.4928228 1.6172463 2.3499951 1.8851516 27.64219 1.5092644691467285 0.2561832070350647
Car 0.0 0 1.5850883722305298 631.7698364257812 176.74412536621094 651.1954345703125 194.97592163085938 3.9924464 1.4899904 1.6095212 2.7040203 1.8349519 61.87464 1.628762125968933 0.23346072435379028
Car 0.0 0 -1.5103814601898193 489.0071105957031 182.7296600341797 535.9298706054688 224.41464233398438 3.8361862 1.5032738 1.635302 -3.8882995 1.9265714 28.92537 -1.6440056562423706 0.21806654334068298
Car 0.0 0 1.4711613655090332 637.8405151367188 180.86572265625 671.6690063476562 209.0918426513672 3.7030058 1.5034081 1.5670141 2.4894657 1.9841244 41.377422 1.5312538146972656 0.2057168036699295
