Car 0.0 0 1.9668374061584473 215.24041748046875 189.946533203125 367.39971923828125 272.2005615234375 3.8973248 1.4895416 1.6581576 -6.839 1.911483 15.835623 1.5591585636138916 0.9505084753036499
Car 0.0 0 -1.6178723573684692 589.239501953125 173.49356079101562 642.058349609375 221.8168487548828 3.6799958 1.5767708 1.6752001 0.089145206 1.6013653 25.46512 -1.614371657371521 0.9294619560241699
Car 0.0 0 -1.2323033809661865 820.051513671875 163.87884521484375 1059.24951171875 301.53515625 4.203721 1.4935344 1.6592249 4.6264873 1.3965142 9.90753 -0.7954298257827759 0.9224932789802551
Car 0.0 0 1.8909131288528442 363.3500671386719 174.8097686767578 425.55926513671875 209.78067016601562 4.3838725 1.6766663 1.7695655 -11.015046 1.7834916 37.057705 1.601989984512329 0.8665869235992432
Car 0.0 0 -1.1491376161575317 721.142333984375 174.87030029296875 864.9910888671875 246.48272705078125 4.175432 1.4223297 1.630208 4.271777 1.4750324 16.58871 -0.8971022963523865 0.6832891702651978
Car 0.0 0 1.802850365638733 405.69354248046875 176.7192840576172 449.9104309082031 204.92921447753906 4.2588177 1.5950032 1.6508293 -10.958085 1.8399905 43.52137 1.5561912059783936 0.6703746914863586
Car 0.0 0 1.737546682357788 482.27825927734375 176.38369750976562 506.7619323730469 193.51797485351562 3.8627288 1.5122256 1.6082213 -10.616527 1.846971 66.41462 1.5790355205535889 0.5585130453109741
Car 0.0 0 1.8258867263793945 438.41180419921875 178.8225860595703 476.1355895996094 201.51023864746094 4.1034207 1.4897624 1.6036371 -10.679209 1.9256542 50.56155 1.6177339553833008 0.513445258140564
Car 0.0 0 -1.0215682983398438 703.5546875 166.20936584472656 805.64404296875 215.0178985595703 3.828369 1.5333743 1.6636776 4.951892 1.3249837 24.63443 -0.8231968879699707 0.4399147629737854
Car 0.0 0 -1.0881781578063965 708.1751708984375 172.91079711914062 823.2055053710938 230.17271423339844 3.8330681 1.4579148 1.5685567 4.420229 1.4600302 20.34512 -0.8742405772209167 0.43925046920776367
Car 0.0 0 1.8140785694122314 346.9083557128906 176.6822052001953 386.6702575683594 201.32456970214844 3.5696905 1.4577454 1.5415415 -15.182606 1.7071431 45.094475 1.4893150329589844 0.42164596915245056
