Pedestrian 0.0 0 1.3127806186676025 712.2633666992188 157.92933654785156 731.6663818359375 199.92214965820312 0.7235397 1.8644553 0.6992794 4.9883213 1.2021674 32.429638 1.4654042720794678 0.39552801847457886
Pedestrian 0.0 0 1.7151381969451904 518.8297729492188 173.45599365234375 535.3743896484375 209.882080078125 0.9470481 1.8545823 0.720767 -4.3098526 1.8864102 37.233116 1.599897861480713 0.24027550220489502
Cyclist 0.0 0 -2.1075525283813477 969.1697998046875 0.0 1242.0 375.0 1.8207445 1.7465277 0.5632659 1.8505208 1.1205376 2.5130339 -1.4728323221206665 0.31278249621391296
Car 0.0 0 -1.3670297861099243 360.59283447265625 186.12120056152344 499.59918212890625 286.0615539550781 4.220648 1.4531144 1.605814 -3.1351736 1.7352368 13.187836 -1.6004294157028198 0.9512766003608704
Car 0.0 0 -1.7086390256881714 668.2586059570312 180.1711883544922 757.2473754882812 246.687255859375 4.1994705 1.434418 1.6113217 2.403549 1.6399513 18.12476 -1.5767968893051147 0.9446066617965698
Car 0.0 0 -1.73971688747406 626.7210083007812 180.7102508544922 670.6109008789062 212.78880310058594 3.4784055 1.442636 1.5631748 1.7960023 1.8456191 35.15629 -1.688675045967102 0.8383903503417969
Car 0.0 0 -2.001891613006592 781.0970458984375 179.98330688476562 1242.0 375.0 3.7192988 1.4821684 1.5936327 2.576213 1.558212 5.7878647 -1.5831149816513062 0.7942090034484863
Car 0.0 0 -1.0654430389404297 0.0 202.79556274414062 379.7283935546875 375.0 3.8501937 1.4325349 1.5663135 -2.8135602 1.7023933 4.5295715 -1.6212717294692993 0.7012313604354858
Car 0.0 0 -2.4319026470184326 0.0 0.0 1242.0 375.0 3.5650785 1.5809956 1.6285887 2.404305 1.340133 1.4967623 -1.4179306030273438 0.36584722995758057
Car 0.0 0 -1.2526735067367554 664.2264404296875 174.2558135986328 699.8175659179688 194.46078491210938 3.9176326 1.5053796 1.6137494 5.6172824 1.6189799 56.167274 -1.1529951095581055 0.25305530428886414
