Pedestrian 0.0 0 -1.2863163948059082 504.1875305175781 179.48281860351562 520.896240234375 211.3323974609375 0.62154835 1.6998597 0.75195843 -5.3040795 2.0620713 39.021275 -1.4214162826538086 0.43724098801612854
Pedestrian 0.0 0 3.308899164199829 389.25616455078125 167.96913146972656 403.7099304199219 191.10784912109375 1.0415729 1.8538382 0.5421019 -17.22586 1.4628278 58.13758 3.0208451747894287 0.13912896811962128
Pedestrian 0.0 0 2.6235756874084473 621.2325439453125 156.42491149902344 635.7846069335938 185.64041137695312 0.8071081 1.9336808 0.5457063 1.2051731 0.84664935 48.184887 2.6485819816589355 0.12495268881320953
Cyclist 0.0 0 1.7774019241333008 26.441354751586914 174.0299072265625 47.360164642333984 204.63800048828125 1.6189702 1.7069826 0.6169542 -32.720547 1.7758368 41.164787 1.1057984828948975 0.2937755286693573
Car 0.0 0 -1.7532857656478882 586.8944091796875 180.41233825683594 664.2373657226562 239.54222106933594 3.4596334 1.5194029 1.61199 0.31847745 1.7574528 20.848097 -1.7380108833312988 0.9427409768104553
Car 0.0 0 1.8926533460617065 357.555908203125 183.66412353515625 429.38531494140625 222.87831115722656 3.9588835 1.4213226 1.6175908 -8.7260275 1.8901085 29.258842 1.602816104888916 0.9418879747390747
Car 0.0 0 1.9596118927001953 276.7958068847656 185.38259887695312 345.940673828125 222.02769470214844 3.4856813 1.4178768 1.5233629 -12.727965 1.9842966 30.852776 1.568343162536621 0.9382535815238953
Car 0.0 0 1.187654972076416 765.748046875 185.45310974121094 805.1464233398438 205.87173461914062 4.07718 1.4955231 1.6461834 13.934492 2.5393326 57.61814 1.4249409437179565 0.1712738573551178
Car 0.0 0 2.2054014205932617 0.0 190.3882293701172 61.8429069519043 233.2796173095703 4.06386 1.5295874 1.8099205 -24.826185 2.2980895 29.520424 1.5061653852462769 0.15274138748645782
Car 0.0 0 0.9165918231010437 946.04345703125 153.75729370117188 1004.3117065429688 178.92117309570312 3.7669034 1.6621115 1.614151 25.034973 0.4011034 49.65669 1.3835628032684326 0.139584481716156
Car 0.0 0 -2.859351396560669 557.7189331054688 183.48558044433594 673.6196899414062 229.3948974609375 3.6980858 1.4620891 1.5911331 0.16962883 1.84784 24.863237 -2.8525290489196777 0.12111450731754303
