Pedestrian 0.0 0 2.7185659408569336 712.7250366210938 161.3663787841797 738.258544921875 199.83624267578125 0.962217 1.8745565 0.9010101 5.673971 1.3151467 35.717236 2.8761074542999268 0.4624807834625244
Pedestrian 0.0 0 0.3640335500240326 438.3346862792969 163.63955688476562 464.6546325683594 201.50559997558594 1.1892085 1.904003 0.54586804 -8.082625 1.4410346 36.635067 0.14688682556152344 0.45439913868904114
Pedestrian 0.0 0 1.8867076635360718 396.1925964355469 171.2104034423828 419.0227355957031 212.99359130859375 1.0267369 1.6895388 0.61788917 -8.365164 1.6234368 29.698952 1.6121554374694824 0.3230147957801819
Pedestrian 0.0 0 -3.5386340618133545 997.3453369140625 128.59326171875 1125.7601318359375 295.9912414550781 1.0570378 1.8521414 0.7657041 5.1880674 1.3627852 8.440009 -2.987476348876953 0.226535826921463
Pedestrian 0.0 0 -1.9512816667556763 756.75537109375 164.4720916748047 809.8114624023438 243.83547973632812 1.2749822 1.7967149 0.79659164 4.018097 1.6073141 17.02167 -1.7194675207138062 0.1690516173839569
Pedestrian 0.0 0 -2.236846923828125 66.05217742919922 165.3513946533203 152.21315002441406 268.76849365234375 0.94590193 1.8225048 0.9148397 -9.260076 1.6906451 13.288338 -2.8454606533050537 0.16332761943340302
Cyclist 0.0 0 1.8918160200119019 395.8545227050781 171.27117919921875 419.53240966796875 213.1816864013672 1.1097329 1.6933395 0.6222842 -8.366245 1.629746 29.718815 1.6174044609069824 0.19123360514640808
Cyclist 0.0 0 -0.521527111530304 905.1129150390625 172.75770568847656 1002.540771484375 252.7656707763672 1.8155333 1.6805395 0.6470115 7.343116 1.678875 15.548183 -0.08029936254024506 0.1837499439716339
Cyclist 0.0 0 0.40155163407325745 437.28363037109375 167.77304077148438 463.352783203125 205.0970916748047 1.1675459 1.8765008 0.5595989 -8.146935 1.6214088 36.6545 0.18284392356872559 0.13757994771003723
Cyclist 0.0 0 -1.9512816667556763 756.75537109375 164.4720916748047 809.8114624023438 243.83547973632812 1.2749822 1.7967149 0.79659164 4.018097 1.6073141 17.02167 -1.7194675207138062 0.10095927119255066
Car 0.0 0 1.6700457334518433 524.8554077148438 182.24317932128906 565.9149169921875 215.51365661621094 3.687697 1.4282367 1.5629829 -3.0201504 1.8934488 33.868458 1.5811079740524292 0.8899000287055969
Car 0.0 0 1.758009910583496 544.6102294921875 178.96246337890625 584.4979858398438 206.8433380126953 3.946478 1.5501229 1.6724185 -2.6957767 1.9326613 43.07881 1.6955136060714722 0.41116863489151
Car 0.0 0 1.4864132404327393 675.35791015625 177.5529022216797 712.5342407226562 208.20713806152344 3.9923096 1.5008202 1.6008669 4.328155 1.7615564 37.960953 1.599938988685608 0.3698241114616394
