Pedestrian 0.0 0 -3.7236087322235107 1138.0438232421875 68.07986450195312 1242.0 287.2570495605469 0.7452296 1.8347733 0.5792703 5.18295 0.9580474 6.363284 -3.040083408355713 0.380668044090271
Pedestrian 0.0 0 1.226976752281189 740.7166137695312 169.45767211914062 757.2185668945312 204.02178955078125 0.89135647 1.7925739 0.5838487 7.2594247 1.6167902 37.903137 1.4162107706069946 0.3542521595954895
Pedestrian 0.0 0 1.7145233154296875 567.9113159179688 134.86740112304688 597.6854858398438 208.042724609375 0.8038322 1.7663621 0.62947166 -0.7142838 0.84977055 17.846626 1.6745212078094482 0.34405624866485596
Pedestrian 0.0 0 2.345369338989258 1086.2618408203125 187.38316345214844 1144.1947021484375 271.4002380371094 0.76621336 1.629303 0.582341 10.075079 1.9283123 14.471041 2.9535562992095947 0.30116236209869385
Pedestrian 0.0 0 1.9869385957717896 488.3367004394531 129.6764678955078 547.6008911132812 246.5772247314453 0.9047225 1.7176356 0.5933292 -1.45692 1.0835813 11.116539 1.856622576713562 0.20930659770965576
Pedestrian 0.0 0 2.1409735679626465 511.30792236328125 133.96902465820312 570.1753540039062 237.87652587890625 0.97439116 1.7503861 0.6052309 -1.2615314 1.0957024 12.723489 2.042146682739258 0.207907572388649
Pedestrian 0.0 0 0.30556124448776245 526.3198852539062 157.70838928222656 560.341064453125 212.08868408203125 1.0276269 1.7982857 0.52475315 -2.2799048 1.2977983 24.222057 0.21171259880065918 0.19934841990470886
Pedestrian 0.0 0 -0.9006475806236267 1191.2020263671875 164.0919189453125 1242.0 280.56170654296875 0.66967225 1.7691404 0.6677463 9.696171 1.6364049 11.3492565 -0.19363687932491302 0.1984083503484726
Pedestrian 0.0 0 -0.635970413684845 537.3344116210938 126.1440658569336 584.8837280273438 212.81053161621094 0.8010845 1.7712582 0.60149246 -1.0818461 0.8169752 15.232605 -0.7068731188774109 0.18978655338287354
Pedestrian 0.0 0 1.3412647247314453 826.9271240234375 161.57008361816406 900.3676147460938 283.2432556152344 1.594012 1.6231339 0.6455029 3.578356 1.472963 10.448001 1.671235203742981 0.1891045719385147
Pedestrian 0.0 0 1.4862717390060425 758.664794921875 165.56222534179688 772.6497192382812 201.11843872070312 0.9416581 1.8406262 0.638546 8.125684 1.4635133 37.856297 1.697709083557129 0.17892514169216156
Pedestrian 0.0 0 2.2682268619537354 304.86004638671875 125.38922882080078 434.60009765625 339.6669006347656 0.91881007 1.6279964 0.5709443 -2.0295582 1.267736 6.010937 1.9426015615463257 0.17355473339557648
Pedestrian 0.0 0 -2.335421323776245 177.90272521972656 130.0992431640625 249.0817413330078 213.1101531982422 1.3772792 1.7687302 0.5762707 -8.758675 0.85810375 15.850752 -2.8402366638183594 0.15639999508857727
Pedestrian 0.0 0 -2.2331206798553467 913.2533569335938 168.896240234375 978.5797729492188 239.53778076171875 1.9154751 1.793598 0.5093995 8.902509 1.6934683 19.307785 -1.801087737083435 0.1389346718788147
Pedestrian 0.0 0 1.6000925302505493 749.48095703125 174.4912872314453 792.9793701171875 280.8872985839844 1.8530494 1.658478 0.66845095 2.709257 1.6888742 12.254701 1.817671775817871 0.12826427817344666
Cyclist 0.0 0 1.6063505411148071 750.0717163085938 173.68881225585938 793.9088134765625 280.49700927734375 1.782272 1.6623044 0.6645046 2.708101 1.6778612 12.187713 1.8249976634979248 0.7639906406402588
Cyclist 0.0 0 1.339537262916565 819.2503662109375 162.96878051757812 897.79150390625 287.823486328125 1.7227124 1.6507807 0.6824625 3.4901838 1.5204399 10.426149 1.6625648736953735 0.410016268491745
Cyclist 0.0 0 -2.2331206798553467 913.2533569335938 168.896240234375 978.5797729492188 239.53778076171875 1.9154751 1.793598 0.5093995 8.902509 1.6934683 19.307785 -1.801087737083435 0.3859651982784271
Cyclist 0.0 0 -1.308605670928955 185.8922576904297 130.13063049316406 236.279296875 215.54486083984375 1.6562374 1.7760016 0.56250453 -8.796106 0.8880207 15.8715725 -1.8146716356277466 0.30465570092201233
Cyclist 0.0 0 -2.145456552505493 1098.0323486328125 156.19918823242188 1196.2000732421875 269.05145263671875 1.6395918 1.7271894 0.4735741 8.73092 1.4726473 11.872704 -1.5113797187805176 0.20621922612190247
Cyclist 0.0 0 1.9986975193023682 668.6892700195312 175.48904418945312 685.6320190429688 199.4525604248047 1.6716214 1.7342662 0.6082463 4.9394445 1.9324303 53.284904 2.091132164001465 0.1779315322637558
Cyclist 0.0 0 1.430800437927246 1095.4827880859375 187.59329223632812 1136.748046875 272.58612060546875 0.72611153 1.6323837 0.57957953 10.086183 1.9376307 14.4677725 2.039609909057617 0.10736214369535446
Cyclist 0.0 0 0.2616689205169678 528.5377197265625 158.77122497558594 563.046630859375 214.00762939453125 1.0505947 1.8276919 0.5417331 -2.197068 1.3620714 24.228294 0.1712343692779541 0.10320324450731277
Car 0.0 0 -0.2947516441345215 747.1728515625 179.67572021484375 915.759033203125 239.19894409179688 3.8151324 1.4403778 1.615565 5.5247097 1.6229951 18.459633 -0.003950025886297226 0.3339051902294159
