Pedestrian 0.0 0 3.074288845062256 140.97140502929688 123.57901000976562 191.5263671875 254.81918334960938 0.57413405 1.805608 0.63053924 -6.4222507 1.1280383 10.347725 2.5188281536102295 0.2736959457397461
Pedestrian 0.0 0 -0.36750948429107666 0.0 233.66604614257812 145.24951171875 375.0 0.8612553 1.5589218 0.5464924 -3.070118 1.9173076 3.7359052 -1.0553946495056152 0.202149897813797
Pedestrian 0.0 0 0.2918533980846405 334.7521667480469 169.3152618408203 374.17205810546875 241.32803344726562 0.7268283 1.7365361 0.7724698 -6.343155 1.65156 17.800688 -0.050461191684007645 0.13044464588165283
Pedestrian 0.0 0 -0.42910754680633545 937.5939331054688 179.1156005859375 959.0123291015625 218.36134338378906 0.64040035 1.790459 0.75716746 15.624652 2.0841541 33.41791 0.00824737548828125 0.12734203040599823
Cyclist 0.0 0 -0.4818691611289978 0.0 235.25755310058594 155.06149291992188 375.0 0.99459785 1.4844078 0.558796 -3.1041045 1.8596474 3.7649922 -1.1713508367538452 0.13202612102031708
Car 0.0 0 1.7249600887298584 460.7113037109375 180.31915283203125 528.1033325195312 231.66835021972656 3.603918 1.470637 1.5827999 -3.6452246 1.7275618 22.991072 1.5677193403244019 0.9418573379516602
Car 0.0 0 -1.593699336051941 589.1546020507812 176.07473754882812 630.9526977539062 217.0916290283203 4.457422 1.5667671 1.6188786 -0.098404996 1.7118062 30.160938 -1.5969619750976562 0.9004163146018982
Car 0.0 0 1.6569525003433228 541.0538330078125 180.022705078125 570.2755737304688 205.0303955078125 3.709036 1.5685185 1.6347151 -3.6218257 2.0661516 48.18503 1.5819286108016968 0.7732523679733276
Car 0.0 0 -0.5433351993560791 0.0 200.45799255371094 89.18724822998047 375.0 3.6923528 1.4900645 1.5705446 -3.644171 1.6413785 2.07774 -1.5959465503692627 0.18224699795246124
Car 0.0 0 1.6918987035751343 692.2861938476562 184.15261840820312 724.2457885742188 209.13864135742188 3.74409 1.5459387 1.690202 6.610313 2.3374727 48.497154 1.8273669481277466 0.15243595838546753
