Pedestrian 0.0 0 -1.8302096128463745 694.6099853515625 166.42706298828125 720.8090209960938 212.05502319335938 0.9407345 1.7296238 0.7859565 3.7233887 1.486355 27.864868 -1.697373390197754 0.5469373464584351
Car 0.0 0 -1.608360767364502 589.5958251953125 174.11578369140625 649.5994873046875 221.68324279785156 3.4247663 1.342443 1.6982704 0.17876539 1.3846464 22.189228 -1.6003044843673706 0.9553021788597107
Car 0.0 0 -1.9477626085281372 806.6055297851562 181.19363403320312 1039.39453125 316.27923583984375 3.6570194 1.4881035 1.647275 3.9911637 1.625263 10.00248 -1.568103551864624 0.9488927125930786
Car 0.0 0 -2.0518124103546143 143.11724853515625 174.2723846435547 410.5699462890625 311.4541015625 3.5296319 1.3805051 1.5263722 -4.2776957 1.4017718 8.963259 -2.4970932006835938 0.9255275726318359
Car 0.0 0 2.3056509494781494 4.8063178062438965 172.41390991210938 239.36595153808594 272.431396484375 3.2945433 1.4735365 1.4944609 -8.171443 1.4674106 12.368457 1.7218128442764282 0.8979200720787048
Car 0.0 0 -2.2991151809692383 961.2339477539062 197.83432006835938 1242.0 375.0 3.9805534 1.4718897 1.6030579 4.0438147 1.7051243 4.7180285 -1.5905145406723022 0.8749350905418396
Car 0.0 0 -2.1924662590026855 381.0573425292969 170.66094970703125 507.91644287109375 227.87033081054688 3.678982 1.4418999 1.5639281 -4.686797 1.3869846 19.982553 -2.422846555709839 0.7744448781013489
Car 0.0 0 -0.37367767095565796 799.4313354492188 163.88304138183594 917.4413452148438 207.0273895263672 3.8747025 1.5701956 1.6193533 9.248158 1.2440645 27.153696 -0.04541432857513428 0.7507971525192261
Car 0.0 0 -2.1435294151306152 446.9150390625 169.21839904785156 538.5450439453125 209.63450622558594 3.9333193 1.4420505 1.5885015 -4.609027 1.3126897 27.731544 -2.308225631713867 0.6154870986938477
Car 0.0 0 2.025136709213257 186.36441040039062 167.09384155273438 316.27166748046875 233.36814880371094 3.2628531 1.4268198 1.4771212 -8.436306 1.3031672 17.164497 1.5683141946792603 0.5079724788665771
Car 0.0 0 -1.8497666120529175 742.27587890625 158.9263458251953 883.9354248046875 257.3763732910156 4.1715326 1.818114 1.7800267 4.089397 1.5612646 15.42516 -1.5906161069869995 0.4804494082927704
