Pedestrian 0.0 0 -1.7312030792236328 968.0623779296875 156.80325317382812 982.042724609375 185.3850860595703 0.8144925 1.8545642 0.6958718 23.900782 0.8134509 47.308517 -1.2633954286575317 0.3637121319770813
Pedestrian 0.0 0 -1.4558128118515015 1011.8703002929688 169.76568603515625 1039.5926513671875 214.8184051513672 0.9047092 1.9310324 0.9544086 18.152948 1.7990205 31.57099 -0.9339873790740967 0.3041418194770813
Pedestrian 0.0 0 -1.2849994897842407 381.7637939453125 178.67457580566406 410.3117370605469 222.21705627441406 0.9562768 1.8740591 0.972052 -9.4202175 2.1337085 31.660135 -1.5741996765136719 0.22741051018238068
Pedestrian 0.0 0 -0.06437218189239502 365.650390625 158.32196044921875 389.5162048339844 223.53094482421875 0.6441208 1.9451493 0.74134743 -7.132278 1.5120245 21.983715 -0.37809261679649353 0.1993749737739563
Pedestrian 0.0 0 0.4189551770687103 363.13922119140625 130.0782928466797 413.4894104003906 203.013916015625 1.0552615 1.8232644 0.6528952 -5.7000437 0.7543039 18.421165 0.11887049674987793 0.16389203071594238
Pedestrian 0.0 0 -1.7430113554000854 987.2509155273438 137.11700439453125 1035.4642333984375 220.51966857910156 1.0025721 1.9046988 0.8351652 9.435534 1.0889175 17.085392 -1.2384366989135742 0.15902377665042877
Pedestrian 0.0 0 2.7070813179016113 788.5256958007812 126.43950653076172 843.5897216796875 223.69342041015625 0.86383516 1.8836266 0.63903576 4.0402193 0.9850224 14.356409 2.9814088344573975 0.15243950486183167
Pedestrian 0.0 0 -1.0507619380950928 0.0 153.7564239501953 31.602764129638672 204.88954162597656 0.5986571 1.9119809 0.7894559 -22.589016 1.1982377 27.339119 -1.7413067817687988 0.15101896226406097
Pedestrian 0.0 0 -1.0301790237426758 821.7195434570312 174.41888427734375 848.337158203125 221.71493530273438 0.7212429 1.7574399 0.6905322 8.483702 1.8181763 27.339024 -0.729286253452301 0.14324058592319489
Pedestrian 0.0 0 -0.5721539258956909 779.5965576171875 133.91290283203125 815.0072021484375 183.3698272705078 1.1631769 1.8663573 0.62479866 7.146931 0.397194 27.705296 -0.31969520449638367 0.1406908631324768
Cyclist 0.0 0 -0.11355467140674591 418.2444763183594 173.4430389404297 451.2202453613281 205.17909240722656 1.7307811 1.7449242 0.6070126 -9.818623 1.77864 40.274544 -0.35268229246139526 0.1828213334083557
Cyclist 0.0 0 1.9335986375808716 358.6113586425781 126.88249206542969 406.5619201660156 201.20176696777344 1.7055229 1.8019205 0.60010314 -5.808371 0.6876687 18.35974 1.6271969079971313 0.15470105409622192
Cyclist 0.0 0 -1.7163820266723633 824.730224609375 176.1770477294922 846.0989990234375 222.39418029785156 0.90806717 1.7159872 0.64661884 8.497037 1.8446493 27.357445 -1.415235161781311 0.1174100786447525
Cyclist 0.0 0 -1.7891029119491577 966.4884033203125 157.0735321044922 981.3600463867188 186.08583068847656 0.8602304 1.8860158 0.7018478 23.875504 0.8605253 47.40577 -1.3225464820861816 0.10565181821584702
Cyclist 0.0 0 -1.8362071514129639 982.1951904296875 145.12388610839844 1032.628173828125 225.37164306640625 1.0024148 1.8564863 0.820562 9.445309 1.2153238 17.272581 -1.3357946872711182 0.10564728081226349
Car 0.0 0 -0.13239257037639618 617.3388061523438 185.05532836914062 698.9683837890625 213.1781463623047 4.1452227 1.4246068 1.6263517 2.4834924 2.0891833 38.32501 -0.06768221408128738 0.8928617238998413
Car 0.0 0 1.4044711589813232 596.832763671875 183.41220092773438 621.1541137695312 200.5144500732422 3.746254 1.4559509 1.6173166 -0.1403341 2.448975 65.85294 1.4023401737213135 0.1707090437412262
Car 0.0 0 -1.6616955995559692 789.9301147460938 172.4464874267578 841.25927734375 213.25747680664062 3.6993277 1.530853 1.6424782 8.16074 1.515925 29.031008 -1.3876632452011108 0.13457804918289185
