Car 0.0 0 1.95551598072052 191.55674743652344 186.7680206298828 353.11181640625 276.3204040527344 3.753343 1.458623 1.5724275 -6.5083914 1.7706857 14.252088 1.5271354913711548 0.9650439620018005
Car 0.0 0 -1.580543875694275 588.5313110351562 173.75257873535156 635.118408203125 217.92178344726562 3.5462747 1.5981709 1.6909844 0.0057175737 1.6355683 27.958178 -1.5803393125534058 0.9274064898490906
Car 0.0 0 -0.9658378958702087 691.5371704101562 171.59535217285156 808.1441650390625 222.15492248535156 4.0163236 1.448584 1.5892986 4.4100795 1.4128804 22.641562 -0.7734684348106384 0.8934102058410645
Car 0.0 0 -1.1875213384628296 786.2405395507812 173.844482421875 979.2164916992188 283.5691223144531 3.9815896 1.5096654 1.6070385 4.5928025 1.5292039 11.96537 -0.8210220336914062 0.8017154932022095
Car 0.0 0 1.8220247030258179 425.7695007324219 173.5968017578125 467.79052734375 199.6505126953125 4.4939733 1.7121657 1.7682441 -11.23434 1.7661496 49.815994 1.6002185344696045 0.7599278688430786
Car 0.0 0 1.720811367034912 472.6710510253906 178.0731964111328 508.1121826171875 203.15362548828125 3.9194767 1.5019627 1.6631489 -7.6089277 1.849325 45.998604 1.5568792819976807 0.7458623051643372
Car 0.0 0 -1.3724133968353271 1038.8380126953125 124.74361419677734 1242.0 375.0 3.556973 1.5290521 1.576691 4.2776446 1.3438911 4.440203 -0.6056596636772156 0.7098559737205505
Car 0.0 0 -1.4109305143356323 902.1100463867188 172.49737548828125 1113.359375 333.0108947753906 3.6405976 1.4738139 1.6100575 4.794524 1.4708973 8.548512 -0.8997872471809387 0.693872332572937
Car 0.0 0 -0.803620457649231 659.7587280273438 176.5756378173828 754.7005004882812 213.4268035888672 3.874829 1.3925846 1.6031208 3.96679 1.5543787 29.464796 -0.6697969436645508 0.5785537958145142
Car 0.0 0 1.823063611984253 449.8439025878906 176.3272247314453 483.94439697265625 196.79782104492188 4.1705856 1.509874 1.6103009 -11.097912 1.7903699 56.06627 1.6276469230651855 0.4739472270011902
