Pedestrian 0.0 0 1.1248886585235596 772.7313842773438 145.77630615234375 841.753662109375 278.85357666015625 0.9071175 1.8074484 0.6156159 2.7441547 1.4400383 10.299697 1.385270595550537 0.88914555311203
Pedestrian 0.0 0 1.1450493335723877 840.4367065429688 139.33181762695312 912.4535522460938 266.5904846191406 0.8687052 1.7155658 0.64907545 3.6872377 1.2640132 10.182671 1.4924707412719727 0.7904539704322815
Pedestrian 0.0 0 2.0128183364868164 664.50634765625 173.80784606933594 690.1271362304688 217.2422637939453 0.76629233 1.8110809 0.83693033 2.8207097 1.852678 30.649746 2.1045901775360107 0.4164324998855591
Pedestrian 0.0 0 -1.2294700145721436 195.0736846923828 163.74664306640625 331.7926025390625 375.0 0.84929496 1.5632234 0.70881945 -2.685884 1.4991493 5.562464 -1.67931067943573 0.32073646783828735
Pedestrian 0.0 0 -2.1495792865753174 455.28289794921875 167.2741241455078 488.47698974609375 225.12054443359375 0.5594161 1.7242023 0.8216341 -4.2545214 1.5582434 21.990578 -2.340688467025757 0.22773456573486328
Pedestrian 0.0 0 -0.5513898134231567 729.4720458984375 170.45794677734375 757.640625 216.25465393066406 0.8985529 1.7164097 0.5510793 5.0382423 1.6269664 27.45902 -0.36992600560188293 0.1923283487558365
Cyclist 0.0 0 1.5685237646102905 940.8677368164062 177.63404846191406 977.73486328125 270.408935546875 1.4120682 1.4761999 0.53675795 5.89944 1.5631045 12.308492 2.0154733657836914 0.906635046005249
Cyclist 0.0 0 1.6762807369232178 971.9296264648438 167.24952697753906 1012.9740600585938 254.87210083007812 1.6459333 1.6047579 0.5393948 7.410167 1.502473 14.045473 2.1617512702941895 0.6168981194496155
Cyclist 0.0 0 -1.4818165302276611 887.5062866210938 164.89532470703125 909.3427124023438 214.15924072265625 1.8517225 1.7055529 0.56924045 10.333633 1.4303758 25.932093 -1.102614164352417 0.3906491696834564
Cyclist 0.0 0 -2.0263774394989014 818.9769287109375 175.76107788085938 847.1298217773438 214.44073486328125 1.7540071 1.6052865 0.4229693 9.519801 1.7340853 30.97707 -1.7282207012176514 0.28194868564605713
Cyclist 0.0 0 -1.4670743942260742 946.5667114257812 180.3207550048828 983.222900390625 260.0549621582031 1.7242863 1.6461767 0.55455595 7.804503 1.8205643 15.936352 -1.0116767883300781 0.2255491018295288
Cyclist 0.0 0 -0.03781735897064209 368.6405029296875 181.81190490722656 411.5023193359375 223.78443908691406 1.6993116 1.7157552 0.68173903 -9.294316 2.1004102 30.350195 -0.3349851965904236 0.20264852046966553
Cyclist 0.0 0 -1.2294700145721436 195.0736846923828 163.74664306640625 331.7926025390625 375.0 0.84929496 1.5632234 0.70881945 -2.685884 1.4991493 5.562464 -1.67931067943573 0.18629291653633118
Car 0.0 0 -0.7288299798965454 1025.2462158203125 175.77325439453125 1211.9942626953125 232.2442169189453 4.0527873 1.4239365 1.6130171 13.514362 1.5067657 19.339989 -0.11892447620630264 0.36406511068344116
