Pedestrian 0.0 0 0.41903263330459595 0.0 153.81842041015625 18.27078628540039 202.81881713867188 0.7093593 1.9193702 0.61554897 -23.755594 0.83608055 28.527538 -0.2753465175628662 0.14264456927776337
Pedestrian 0.0 0 -1.8575657606124878 914.0390014648438 170.7060089111328 950.3350830078125 235.61553955078125 0.94921386 1.7808175 0.6852102 9.269672 1.4858353 20.223774 -1.4277853965759277 0.1037655621767044
Car 0.0 0 -1.3380959033966064 387.0243835449219 178.66317749023438 530.0424194335938 272.6433410644531 4.0972147 1.4041772 1.5627083 -2.3908422 1.3630987 12.814081 -1.5225542783737183 0.9578068852424622
Car 0.0 0 -1.448032021522522 496.3971252441406 173.92173767089844 559.301513671875 222.04055786132812 3.4810824 1.417729 1.5806078 -2.2991502 1.1955804 22.919853 -1.548010230064392 0.9073255658149719
Car 0.0 0 -1.5682426691055298 602.4427490234375 169.73240661621094 644.430419921875 208.14694213867188 4.170981 1.4861856 1.6251358 0.9000448 1.031937 29.899298 -1.5381492376327515 0.8480305671691895
Car 0.0 0 -1.4958826303482056 559.7183837890625 166.32579040527344 595.847412109375 196.80810546875 3.5712397 1.5576698 1.675634 -1.2282819 0.78312194 38.524883 -1.5277546644210815 0.8438637256622314
Car 0.0 0 -1.6098942756652832 588.0504150390625 166.4407501220703 609.99267578125 184.69009399414062 3.8600602 1.4005382 1.5883183 -0.19738932 0.24537429 57.08778 -1.6133519411087036 0.16355808079242706
Car 0.0 0 0.6103528141975403 724.142822265625 161.65716552734375 769.8858642578125 178.42196655273438 3.8666444 1.4627465 1.5824914 13.249898 -0.28796867 65.336525 0.810434103012085 0.10923771560192108
Car 0.0 0 -1.5334142446517944 486.21484375 178.66773986816406 527.1397705078125 213.8193359375 4.072218 1.4596183 1.6528927 -4.1655216 1.3429959 31.92883 -1.6631442308425903 0.10830830037593842
Car 0.0 0 1.061528205871582 480.0124206542969 182.99835205078125 536.4210815429688 209.63043212890625 4.3350625 1.616459 1.6832441 -6.0225844 1.7179444 46.089264 0.9315922260284424 0.10667561739683151
