Car 0.0 0 -2.581855535507202 880.7298583984375 183.4953155517578 1137.657470703125 284.2593078613281 3.586666 1.4084759 1.5556594 6.621498 1.6209214 12.435533 -2.092573642730713 0.9371121525764465
Car 0.0 0 -1.8095474243164062 654.4434204101562 184.1552734375 723.6383666992188 232.8251495361328 3.357468 1.4965403 1.5979484 2.5951064 1.912745 24.776619 -1.7051877975463867 0.9353786706924438
Car 0.0 0 3.432750701904297 292.302001953125 193.27932739257812 455.70086669921875 248.6181640625 4.142208 1.4652274 1.6196126 -6.686002 2.0728095 20.59101 3.1187856197357178 0.9120126962661743
Car 0.0 0 -2.602402925491333 116.24024963378906 196.08164978027344 361.2920837402344 286.40704345703125 3.8190844 1.5226868 1.6049633 -6.9199386 1.9898529 13.568474 -3.074019432067871 0.8399984240531921
Car 0.0 0 -1.6782596111297607 633.2265014648438 182.4607696533203 675.8255615234375 215.0216064453125 4.1088796 1.4069391 1.5880042 2.0308778 1.8944972 34.498848 -1.6194595098495483 0.817992091178894
Car 0.0 0 0.42122596502304077 190.85067749023438 196.89488220214844 390.5384521484375 275.14892578125 3.6476946 1.5664989 1.629022 -6.923352 2.120291 15.778826 0.007745981216430664 0.7997345924377441
Car 0.0 0 3.9533421993255615 0.0 214.7278594970703 120.60465240478516 375.0 3.8358228 1.4421072 1.5807681 -6.6139255 1.8408505 6.0344176 3.122159242630005 0.7089752554893494
Car 0.0 0 -2.4854087829589844 0.0 153.82858276367188 305.219970703125 336.0939636230469 4.1415505 1.9083531 1.7227087 -6.07221 1.7095113 8.48529 -3.106538772583008 0.6164894104003906
Car 0.0 0 3.2404003143310547 455.1042785644531 180.86434936523438 518.0635986328125 211.0065460205078 3.5638974 1.7405638 1.6534764 -7.3676186 2.230182 43.117588 3.071161985397339 0.4544711709022522
Car 0.0 0 3.3042662143707275 447.1199035644531 189.2619171142578 526.4781494140625 218.345703125 3.9278672 1.467063 1.5789297 -6.4984303 2.3521154 38.099903 3.135329008102417 0.4453824758529663
