Pedestrian 0.0 0 -2.407322883605957 128.631103515625 171.9932098388672 173.94236755371094 249.4510040283203 0.6996372 1.712325 0.5110083 -10.38134 1.6936538 16.257761 -2.975604295730591 0.2674626111984253
Pedestrian 0.0 0 -1.1306467056274414 813.4218139648438 168.5511016845703 840.8259887695312 226.66566467285156 0.63911885 1.8367833 0.6344932 6.9526496 1.701143 23.252062 -0.8400964140892029 0.21690411865711212
Pedestrian 0.0 0 -1.829803466796875 794.9929809570312 165.24412536621094 825.760498046875 213.82846069335938 0.935334 1.8216665 0.9203701 7.5911684 1.536693 27.523567 -1.5606878995895386 0.1497892588376999
Pedestrian 0.0 0 -3.1558992862701416 856.24560546875 151.24656677246094 895.6425170898438 229.1317138671875 0.84600466 1.767508 0.578388 6.1283717 1.277512 16.784094 -2.80580997467041 0.14375969767570496
Pedestrian 0.0 0 3.412714958190918 363.0139465332031 152.00762939453125 392.5481262207031 209.95953369140625 0.8036484 1.8444684 0.49077722 -7.5155845 1.1813372 23.224033 3.099738597869873 0.1430877447128296
Pedestrian 0.0 0 0.8009273409843445 89.0870590209961 172.10107421875 134.68141174316406 228.06356811523438 0.8881998 1.8666044 0.92153114 -17.01935 1.841849 24.60217 0.1957378387451172 0.11262181401252747
Pedestrian 0.0 0 -0.4452296495437622 1068.303466796875 122.75406646728516 1174.566650390625 277.1925354003906 0.88185704 1.7710804 0.55455846 6.030298 1.1968987 8.61782 0.16532683372497559 0.10232720524072647
Cyclist 0.0 0 -1.228349208831787 381.9766845703125 174.2837371826172 402.53509521484375 213.4843292236328 1.5581454 2.0514772 0.5644243 -11.67695 2.12991 38.607018 -1.522058367729187 0.14863555133342743
Car 0.0 0 1.7569822072982788 490.58721923828125 178.3029022216797 552.885009765625 219.26441955566406 3.8911412 1.4292518 1.6805519 -3.350481 1.6539037 27.701374 1.636616826057434 0.960349977016449
Car 0.0 0 -1.6604244709014893 823.4678344726562 194.7351531982422 1002.1962890625 364.34368896484375 3.4938807 1.4765903 1.5763608 3.3483121 1.7973067 8.664683 -1.2916688919067383 0.1070156916975975
