Pedestrian 0.0 0 1.5045477151870728 848.65576171875 174.62864685058594 870.9714965820312 217.9586181640625 0.9286133 1.7440407 0.8046397 10.212123 1.8186632 29.638268 1.836366891860962 0.4329647421836853
Car 0.0 0 2.080491542816162 0.0 208.10704040527344 336.7874755859375 375.0 3.686916 1.3605343 1.539242 -4.5754066 1.8462843 8.084441 1.565483570098877 0.9376997947692871
Car 0.0 0 1.8943195343017578 259.949462890625 193.13438415527344 434.0672912597656 301.36724853515625 4.032754 1.4889818 1.6439317 -4.4410844 1.9036125 12.709683 1.5581568479537964 0.9226701855659485
Car 0.0 0 1.6898096799850464 535.81201171875 185.8158416748047 575.1493530273438 216.70193481445312 4.1371603 1.5264316 1.6700591 -2.9671206 2.2746663 39.525402 1.6148815155029297 0.8502177596092224
Car 0.0 0 -1.709673523902893 719.6605834960938 185.95257568359375 787.9987182617188 238.28871154785156 3.9410112 1.4717107 1.6109883 4.5049076 1.9316378 23.302923 -1.5187097787857056 0.8458053469657898
Car 0.0 0 -1.7695215940475464 736.3522338867188 178.2864990234375 859.501220703125 269.7806091308594 4.830975 1.8199074 1.841412 4.193843 1.9674368 17.092434 -1.5289123058319092 0.7938818335533142
Car 0.0 0 -1.773021936416626 704.380615234375 184.1357879638672 761.1492309570312 225.8339080810547 3.4468148 1.5164992 1.5712682 4.8152814 1.9967513 28.937836 -1.6081318855285645 0.7113994359970093
Car 0.0 0 2.4538841247558594 0.0 197.36732482910156 97.15945434570312 375.0 4.0653696 1.5740893 1.6633219 -4.5536575 1.7561487 3.2624156 1.5047614574432373 0.47303885221481323
Car 0.0 0 -1.3725084066390991 594.8780517578125 184.80459594726562 621.147705078125 202.24798583984375 4.1247373 1.4882492 1.6509717 -0.16897795 2.6301007 66.7334 -1.3750405311584473 0.4179789125919342
Car 0.0 0 -1.6825733184814453 698.6853637695312 182.0927734375 740.8356323242188 216.4503631591797 3.631253 1.4917908 1.5664424 5.104075 1.9531808 34.1603 -1.5342551469802856 0.3959272801876068
