Car 0.0 0 -1.735046148300171 667.2909545898438 180.54916381835938 757.3489990234375 245.03756713867188 4.1913013 1.4492241 1.6269461 2.4945636 1.6731532 18.839352 -1.603399634361267 0.9601712226867676
Car 0.0 0 -1.9644532203674316 743.25341796875 192.2705078125 986.1290283203125 340.5178527832031 3.6068902 1.411157 1.5721658 2.910401 1.7098888 9.219663 -1.6586799621582031 0.9496955871582031
Car 0.0 0 -2.561985969543457 83.1461181640625 192.43255615234375 357.9854431152344 293.9073486328125 3.8264108 1.5215508 1.6054248 -6.4969263 1.8782353 12.159731 -3.052694320678711 0.9100549221038818
Car 0.0 0 -2.4912314414978027 0.0 195.09730529785156 284.861572265625 317.723388671875 3.6401577 1.4732264 1.5641869 -6.6687694 1.8051273 9.869043 -3.085479736328125 0.9073416590690613
Car 0.0 0 3.5297818183898926 162.4144744873047 184.46124267578125 380.5736389160156 268.4710693359375 3.6301756 1.5550816 1.5954777 -6.7109594 1.8025283 14.4768095 3.095703601837158 0.8410308957099915
Car 0.0 0 0.2905084192752838 348.8092346191406 184.7220458984375 489.84222412109375 232.5126495361328 3.9915807 1.4132954 1.5656031 -5.950356 1.7994659 22.604898 0.03311443328857422 0.8400112986564636
Car 0.0 0 -1.6881853342056274 654.541259765625 179.36424255371094 705.2977905273438 215.8946075439453 4.1899195 1.3637348 1.5893356 2.7734337 1.652074 29.800676 -1.5953865051269531 0.8318397402763367
Car 0.0 0 0.6765105724334717 0.0 188.8098907470703 222.21510314941406 360.240234375 3.5630379 1.5581256 1.576625 -6.313803 1.7434136 7.53445 -0.020970355719327927 0.8088154196739197
Car 0.0 0 0.480305016040802 226.06222534179688 179.15538024902344 418.2056579589844 254.52102661132812 3.917932 1.6595491 1.6143938 -6.7749286 1.8176442 17.056034 0.10220098495483398 0.6708250045776367
Car 0.0 0 0.8878265619277954 0.0 202.48080444335938 107.8686752319336 375.0 3.8754702 1.4293252 1.5452925 -6.1822367 1.6793528 5.2622647 0.02221536636352539 0.5472142100334167
