Pedestrian 0.0 0 -0.19629105925559998 714.9068603515625 119.0571060180664 807.5123901367188 268.8269348144531 1.0380485 1.803092 0.53329265 1.8050152 1.1557842 8.951943 0.0026750564575195312 0.3913506865501404
Pedestrian 0.0 0 1.6438428163528442 276.0170593261719 143.09780883789062 297.8048400878906 198.57418823242188 0.7083642 1.9525086 0.66355455 -11.608399 0.90558827 25.838316 1.2215955257415771 0.27092090249061584
Pedestrian 0.0 0 -1.2740089893341064 442.8995361328125 159.7267303466797 475.8132019042969 211.02598571777344 0.96383524 1.8593332 0.95217574 -5.6027555 1.3838954 26.671913 -1.4810606241226196 0.23932242393493652
Pedestrian 0.0 0 1.6137335300445557 470.3641357421875 170.55746459960938 486.7579345703125 212.4432373046875 0.81614435 1.8594154 0.69306004 -5.952114 1.7578244 32.48009 1.432490348815918 0.21572983264923096
Pedestrian 0.0 0 1.3856979608535767 322.4419860839844 147.6954803466797 348.37738037109375 202.62762451171875 0.88029444 1.877139 0.6954175 -9.643188 1.0177813 25.210619 1.0203638076782227 0.21220500767230988
Pedestrian 0.0 0 1.414018988609314 642.531005859375 150.94781494140625 667.0771484375 204.4915008544922 1.6915983 1.7901484 0.5870585 1.4935726 1.058108 24.99099 1.47371244430542 0.16685493290424347
Pedestrian 0.0 0 -2.6806232929229736 400.611083984375 154.4868621826172 451.0177307128906 205.60169982910156 1.6597728 1.7935721 0.57984924 -6.619589 1.1494445 25.77155 -2.932044506072998 0.14727745950222015
Pedestrian 0.0 0 3.5299718379974365 212.46383666992188 152.06190490722656 288.6281433105469 275.7756652832031 0.86896366 1.8237368 0.6179143 -5.504057 1.5175861 10.97511 3.065122127532959 0.14387668669223785
Cyclist 0.0 0 -1.7278822660446167 642.5192260742188 147.17918395996094 666.3018798828125 201.3044891357422 1.6591593 1.812651 0.5659318 1.4821024 0.9531623 25.01474 -1.668702244758606 0.27110758423805237
Cyclist 0.0 0 -2.704286813735962 401.62255859375 155.8791046142578 451.6286315917969 207.32382202148438 1.6416739 1.8034618 0.5684102 -6.577921 1.2087427 25.72352 -2.9546382427215576 0.22105315327644348
Car 0.0 0 2.2092747688293457 0.0 202.66236877441406 287.47662353515625 375.0 3.7350554 1.4998488 1.5540293 -3.0789099 1.7231593 3.465478 1.4828766584396362 0.736964225769043
Car 0.0 0 1.5277106761932373 517.6886596679688 182.037109375 544.2739868164062 206.179443359375 3.8926525 1.5507319 1.6566657 -5.533343 2.2129776 49.9533 1.4173901081085205 0.6494868397712708
Car 0.0 0 1.2898045778274536 499.012451171875 184.00050354003906 531.2326049804688 203.9822540283203 4.095843 1.5681964 1.6368827 -8.11631 2.549442 61.28804 1.1581417322158813 0.13672757148742676
