Pedestrian 0.0 0 2.8841936588287354 574.2413330078125 147.6109161376953 705.2664184570312 348.6598205566406 0.99535465 1.6854076 0.8793875 0.27018565 1.4027003 6.5554605 2.9253857135772705 0.8712060451507568
Pedestrian 0.0 0 0.018557220697402954 335.3096618652344 182.34259033203125 447.03521728515625 374.0 0.8340952 1.5565759 0.733089 -1.7763196 1.5654677 5.93569 -0.27222132682800293 0.6717711687088013
Pedestrian 0.0 0 2.075331449508667 930.2044677734375 181.30453491210938 1107.619873046875 374.0 0.914355 1.5667548 0.8422521 3.1341603 1.5668249 5.50492 2.592900276184082 0.6578320860862732
Pedestrian 0.0 0 -0.8859708309173584 355.26458740234375 166.7945098876953 392.3795471191406 222.23292541503906 1.0373807 1.8933598 0.75387406 -7.984624 1.3922038 25.151407 -1.1933701038360596 0.2490108609199524
Pedestrian 0.0 0 -3.0831403732299805 598.9913940429688 162.7436981201172 640.5119018554688 211.75625610351562 1.477569 1.7621965 0.74485606 0.6570038 1.088884 26.257118 -3.0581235885620117 0.23776619136333466
Pedestrian 0.0 0 1.9204999208450317 497.37713623046875 166.79527282714844 526.5006103515625 211.93511962890625 0.9772208 1.8731261 0.94635063 -3.7942605 1.263921 30.387499 1.7962802648544312 0.14594802260398865
Cyclist 0.0 0 -2.980525255203247 597.5942993164062 163.29808044433594 644.69091796875 212.9147491455078 1.6281446 1.7791668 0.71697176 0.7055455 1.1275301 26.259886 -2.9536638259887695 0.35750800371170044
Cyclist 0.0 0 2.2618355751037598 1187.6861572265625 127.9126205444336 1238.0 176.56996154785156 1.747233 1.7537193 0.54537725 22.52412 -0.18299463 26.392172 2.968322992324829 0.14895868301391602
Car 0.0 0 -0.9321407079696655 985.226318359375 147.797119140625 1233.8338623046875 240.4617156982422 4.094194 1.5477439 1.7023166 9.444667 0.9861022 13.447097 -0.3198343813419342 0.7576155066490173
Car 0.0 0 2.675128698348999 690.8854370117188 146.82774353027344 838.9256591796875 210.10890197753906 4.0328116 1.8152822 1.8078972 4.932818 0.82181406 21.970629 2.8959851264953613 0.23501139879226685
