Car 0.0 0 -1.2387330532073975 238.73092651367188 190.57028198242188 441.586669921875 311.1194152832031 3.8109157 1.4221163 1.5843414 -3.7132614 1.516138 10.556566 -1.576965093612671 0.9666529893875122
Car 0.0 0 -1.7934930324554443 696.340087890625 190.2705535888672 810.08642578125 267.16729736328125 3.5476725 1.4170296 1.5871943 2.9065828 1.5382937 15.280089 -1.6055184602737427 0.9616373777389526
Car 0.0 0 -1.6762104034423828 650.19580078125 182.694091796875 700.8849487304688 220.52645874023438 4.0513716 1.4759015 1.6781235 2.7292078 1.3786614 30.077936 -1.5857203006744385 0.9423408508300781
Car 0.0 0 -1.3937671184539795 436.4034423828125 181.76766967773438 513.028076171875 240.4246826171875 3.3752153 1.5593647 1.6070747 -3.8032331 1.4688321 20.797293 -1.574640154838562 0.9029917120933533
Car 0.0 0 -1.2793374061584473 379.3331298828125 182.35220336914062 441.92010498046875 217.7367401123047 3.6781342 1.4217287 1.590196 -8.386855 1.3078067 30.737844 -1.54570472240448 0.8082141280174255
Car 0.0 0 -0.9257625937461853 0.0 188.73291015625 183.27264404296875 318.5172424316406 3.757356 1.5299003 1.6411375 -8.138939 1.591504 10.464212 -1.586812138557434 0.7990450263023376
Car 0.0 0 -1.4317543506622314 481.2446594238281 182.05686950683594 535.7735595703125 222.564208984375 4.0222816 1.5394366 1.6609763 -4.0105686 1.4205209 29.32929 -1.5676542520523071 0.7888819575309753
Car 0.0 0 -1.6325713396072388 585.6072387695312 180.8936004638672 610.6104736328125 202.3407745361328 3.7867246 1.5268724 1.6106287 -0.7630436 1.2203048 53.12235 -1.6469342708587646 0.4681638777256012
Car 0.0 0 -1.080322265625 258.1051025390625 187.89584350585938 380.72491455078125 243.45420837402344 3.8209946 1.4072922 1.6084416 -8.068452 1.4918613 20.386105 -1.4571870565414429 0.4321780502796173
Car 0.0 0 -1.6225507259368896 623.498291015625 181.97581481933594 645.3929443359375 199.84365844726562 3.7757564 1.4266151 1.6060389 2.1594656 1.1690655 59.29149 -1.5861456394195557 0.39111778140068054
