Pedestrian 0.0 0 1.921177625656128 1151.0606689453125 92.35579681396484 1242.0 271.58660888671875 0.7439509 1.7773865 0.62619245 6.193606 0.9794642 7.6119385 2.604198455810547 0.4317653775215149
Pedestrian 0.0 0 -1.0629091262817383 163.13681030273438 188.63938903808594 190.56968688964844 235.41555786132812 0.7308014 1.6734425 0.58056575 -15.90969 2.2604768 26.438763 -1.604619026184082 0.2651161551475525
Pedestrian 0.0 0 3.2832813262939453 482.04937744140625 167.2886199951172 502.84552001953125 197.66273498535156 1.224504 1.8972192 0.5571999 -7.417908 1.5499536 45.35681 3.12117075920105 0.23484086990356445
Pedestrian 0.0 0 2.5763068199157715 790.5812377929688 143.8521728515625 823.8074951171875 205.8779754638672 0.806077 1.9425498 0.6375291 6.2415795 1.0346165 23.018452 2.841095447540283 0.1655808538198471
Pedestrian 0.0 0 -1.284254550933838 424.9112243652344 179.57456970214844 438.09857177734375 202.87420654296875 1.061153 1.7415818 0.7017469 -13.576422 2.2573712 54.79011 -1.5271518230438232 0.14948976039886475
Cyclist 0.0 0 -1.2212684154510498 423.9620361328125 179.79306030273438 438.1847839355469 203.37081909179688 1.2105128 1.7542917 0.67370045 -13.5849495 2.2868168 54.695667 -1.464715600013733 0.1022769957780838
Car 0.0 0 3.4861044883728027 197.00389099121094 184.61196899414062 385.4811096191406 245.48072814941406 4.1820946 1.4733964 1.6498345 -8.229339 1.7959043 18.801027 3.0735204219818115 0.9552419185638428
Car 0.0 0 0.18008877336978912 508.15216064453125 178.43702697753906 558.9550170898438 195.410400390625 4.319093 1.4874744 1.6295582 -6.867727 1.9971242 64.84358 0.0745699405670166 0.7045968174934387
Car 0.0 0 -1.3256371021270752 380.9505920410156 180.06651306152344 418.3293151855469 204.08934020996094 3.7323892 1.5241438 1.5697014 -14.211506 2.0313573 48.808216 -1.608973741531372 0.29227492213249207
Car 0.0 0 -2.8420803546905518 376.4910888671875 178.75071716308594 438.7568054199219 199.42724609375 4.289394 1.5446482 1.690461 -15.507498 2.0044498 55.31505 -3.1154122352600098 0.18695801496505737
Car 0.0 0 1.7502412796020508 553.0905151367188 181.2476348876953 576.3360595703125 197.92909240722656 3.6645994 1.492371 1.5716407 -4.2824206 2.3104947 68.38308 1.6876989603042603 0.15275979042053223
