Pedestrian 0.0 0 -1.2001612186431885 610.1087646484375 155.9073944091797 628.9644165039062 197.3893585205078 0.71182483 1.8925705 0.65973073 0.40432766 1.1197577 33.36999 -1.1880452632904053 0.22172856330871582
Pedestrian 0.0 0 0.1344417929649353 669.7515258789062 155.36456298828125 688.7452392578125 192.0126495361328 0.8787719 1.8214518 0.5949032 3.4438958 0.95256424 36.24799 0.22916674613952637 0.1835058182477951
Pedestrian 0.0 0 1.4921003580093384 867.6956787109375 165.48593139648438 922.1522216796875 264.4957580566406 1.0247504 1.8069503 0.8848588 5.3693023 1.6728394 13.783728 1.8635563850402832 0.14458736777305603
Pedestrian 0.0 0 2.965034246444702 607.3773803710938 174.21836853027344 621.8580932617188 197.41685485839844 1.1082044 1.8852962 0.53211385 0.35234666 1.9979596 59.033375 2.9710028171539307 0.12785491347312927
Pedestrian 0.0 0 2.136669635772705 251.53121948242188 135.9984130859375 313.0445251464844 254.58460998535156 0.76445 1.8290758 0.57785153 -5.2828374 1.2609723 11.544299 1.7075016498565674 0.11746442317962646
Pedestrian 0.0 0 -0.7011576890945435 936.041748046875 121.61602020263672 1033.474365234375 264.934326171875 0.9754157 1.8529958 0.6583525 5.000921 1.1908858 9.756884 -0.22751808166503906 0.1081077978014946
Cyclist 0.0 0 -1.865047574043274 951.5701904296875 118.35301971435547 1042.3695068359375 259.66204833984375 1.8344833 1.78891 0.59805125 5.2982774 1.0993096 10.08873 -1.3814688920974731 0.11706998944282532
Car 0.0 0 -1.62913179397583 722.2488403320312 185.88734436035156 757.5758666992188 215.9718780517578 3.995665 1.4811037 1.6579745 7.0084734 2.230878 39.40428 -1.4531117677688599 0.5961416363716125
Car 0.0 0 1.56331467628479 772.0798950195312 180.5550537109375 790.7369995117188 197.82630920410156 3.8485765 1.4776046 1.6033944 15.548775 2.200227 65.61396 1.795996069908142 0.1518077254295349
Car 0.0 0 1.7866355180740356 691.7286376953125 186.13241577148438 733.0979614257812 212.2592010498047 4.394653 1.4813722 1.6903772 6.49914 2.3652904 45.65506 1.9280385971069336 0.1327308565378189
