Cyclist 0.0 0 -2.0437755584716797 911.5567626953125 188.10792541503906 946.2521362304688 238.2499542236328 1.6926692 1.6619157 0.37918124 11.11392 2.2150578 25.288883 -1.629705786705017 0.8409938812255859
Car 0.0 0 2.1187586784362793 150.81060791015625 175.25320434570312 230.61073303222656 209.62814331054688 4.0473 1.6212623 1.6008282 -21.054129 1.7493005 36.354424 1.5938221216201782 0.9356297254562378
Car 0.0 0 1.6605336666107178 499.32879638671875 180.1981964111328 536.60498046875 211.76406860351562 3.4630756 1.4199603 1.4925328 -4.461627 1.7948025 35.030853 1.5338529348373413 0.9282881617546082
Car 0.0 0 -1.5581387281417847 569.1246337890625 176.60366821289062 620.2047729492188 226.5721893310547 4.505936 1.6061697 1.6662213 -0.56646484 1.752315 25.79 -1.5800997018814087 0.891532838344574
Car 0.0 0 2.4539198875427246 1091.7945556640625 194.22064208984375 1218.154541015625 234.42428588867188 4.307423 1.6275653 1.5945956 23.34457 2.5735276 31.040878 3.0987374782562256 0.7911938428878784
Car 0.0 0 1.9131141901016235 222.36892700195312 177.97116088867188 276.58721923828125 204.7402801513672 4.0961766 1.4814662 1.599363 -21.376413 1.8009937 42.872093 1.4505800008773804 0.7857065200805664
Car 0.0 0 1.9188039302825928 277.0846862792969 181.91848754882812 322.5258483886719 205.2764129638672 3.7174654 1.4442385 1.6058613 -20.602423 2.0713875 47.9884 1.5132791996002197 0.5873636603355408
Car 0.0 0 1.8455144166946411 50.09458541870117 177.01702880859375 131.55584716796875 217.0592498779297 4.2636 1.5165503 1.6584561 -21.56303 1.7037084 30.086845 1.2236727476119995 0.538692831993103
Car 0.0 0 1.624693512916565 540.6618041992188 178.75428771972656 564.1077270507812 198.1988525390625 3.910287 1.4687037 1.6618506 -4.5978813 1.9568467 57.67197 1.5451370477676392 0.4412916302680969
Car 0.0 0 -1.8847715854644775 821.3081665039062 186.61827087402344 859.9244384765625 208.31471252441406 3.7800646 1.4871279 1.6472791 17.10362 2.54908 53.75234 -1.5767085552215576 0.40876609086990356
