Pedestrian 0.0 0 -0.7591116428375244 1014.2754516601562 145.4324493408203 1046.011474609375 193.78924560546875 0.9177181 1.8730001 0.59806216 16.457886 0.81124145 28.341417 -0.23300358653068542 0.3607504367828369
Cyclist 0.0 0 -1.8524823188781738 1017.8727416992188 145.59336853027344 1043.0921630859375 193.9707489013672 0.8913213 1.8664771 0.6317367 16.468025 0.8150763 28.344238 -1.3261500597000122 0.12490705400705338
Car 0.0 0 -1.580208420753479 618.3848876953125 173.62367248535156 686.775634765625 235.92788696289062 3.2313972 1.4171593 1.5602123 0.99506617 1.4385868 18.099476 -1.525286078453064 0.9371166229248047
Car 0.0 0 -1.4065194129943848 528.9766845703125 169.11585998535156 602.21630859375 220.24586486816406 4.479942 1.529522 1.7035544 -1.4076513 1.4180559 23.898777 -1.465351939201355 0.8518621921539307
Car 0.0 0 -0.8425464630126953 1038.4686279296875 141.5937957763672 1201.141357421875 197.66848754882812 4.0138044 1.5537168 1.6730789 14.937493 0.68791765 21.261843 -0.23011158406734467 0.820828914642334
Car 0.0 0 -1.5683256387710571 637.8765869140625 167.55369567871094 685.146728515625 212.0220947265625 3.640043 1.5371547 1.6336288 1.8693826 1.354295 26.813019 -1.4987190961837769 0.7970746159553528
Car 0.0 0 -1.1365890502929688 1139.935302734375 128.3391876220703 1242.0 200.1906280517578 3.8440986 1.6404859 1.655823 15.24538 0.62449795 18.031528 -0.4347221851348877 0.7217648029327393
Car 0.0 0 2.776491165161133 202.54852294921875 187.67898559570312 266.8839416503906 209.64968872070312 4.0727 1.5467273 1.686057 -28.94735 2.734062 55.68558 2.2971012592315674 0.5139428377151489
Car 0.0 0 -1.1599769592285156 101.56188201904297 188.73594665527344 152.47433471679688 213.28323364257812 3.6592147 1.5565703 1.6182396 -33.572464 2.7049859 50.210804 -1.7493376731872559 0.4213811457157135
Car 0.0 0 -2.271617889404297 994.4356079101562 140.39190673828125 1081.4654541015625 181.4700927734375 4.0651026 2.052774 1.7463347 22.51241 0.43092433 38.204304 -1.7391300201416016 0.3286539316177368
