Pedestrian 0.0 0 1.4667162895202637 793.5908813476562 164.8668670654297 808.47998046875 201.86013793945312 0.72205144 1.8160112 0.6419338 9.443302 1.4242787 35.823673 1.7244582176208496 0.41683030128479004
Pedestrian 0.0 0 2.8044402599334717 278.4546203613281 174.08319091796875 297.2262268066406 197.35540771484375 1.2838225 1.8797765 0.575156 -26.3636 1.981751 58.996975 2.38419771194458 0.2617030441761017
Pedestrian 0.0 0 3.239650249481201 345.9463806152344 167.3215789794922 358.77947998046875 191.7815399169922 0.85533744 1.8155951 0.53690535 -19.277433 1.4052964 53.919273 2.8962883949279785 0.21555224061012268
Cyclist 0.0 0 2.5616981983184814 277.70458984375 174.31724548339844 297.9078063964844 197.31533813476562 1.4371362 1.8529307 0.55932784 -26.356705 1.9744408 58.98271 2.141463041305542 0.3006211817264557
Car 0.0 0 -0.9482167959213257 204.5002899169922 168.65328979492188 532.8589477539062 341.8242492675781 4.166251 1.6210876 1.6980339 -2.6798863 1.5821217 8.997941 -1.2376846075057983 0.8859320282936096
Car 0.0 0 2.317399024963379 111.61815643310547 190.13255310058594 259.9843444824219 252.4833221435547 3.3168283 1.3815303 1.4531325 -10.920794 1.8734088 18.746044 1.7898977994918823 0.8067459464073181
Car 0.0 0 -1.3934996128082275 681.470703125 169.22406005859375 711.8496704101562 191.06446838378906 3.7301142 1.582193 1.638938 6.5267634 1.3195848 54.2911 -1.2738558053970337 0.6384109854698181
Car 0.0 0 1.9395244121551514 421.5062255859375 181.21876525878906 477.43206787109375 212.9014129638672 3.4411669 1.421999 1.5223384 -7.799019 1.8509887 35.155457 1.7212162017822266 0.5254784822463989
Car 0.0 0 1.7641077041625977 514.3670043945312 179.58270263671875 548.9798583984375 202.0170135498047 4.1761184 1.5002221 1.6957048 -5.5918446 2.0027354 51.692024 1.6563506126403809 0.437813937664032
Car 0.0 0 -1.6284866333007812 734.6689453125 171.30642700195312 756.5641479492188 189.36875915527344 3.53851 1.4705106 1.6008883 11.338919 1.3448753 60.596485 -1.4435040950775146 0.26303088665008545
