Pedestrian 0.0 0 2.563711166381836 695.395263671875 155.63829040527344 718.20947265625 194.1839141845703 0.94614595 1.9047382 0.61827135 5.2683034 0.62766427 35.972973 2.7091290950775146 0.20207086205482483
Pedestrian 0.0 0 -0.46459680795669556 816.5867309570312 98.38121032714844 932.9462890625 278.5634765625 0.9707388 1.7436424 0.51455766 2.6967885 0.94066477 7.257253 -0.10881111025810242 0.18505634367465973
Pedestrian 0.0 0 0.13114023208618164 121.55569458007812 173.49330139160156 146.15228271484375 214.6165771484375 0.84425414 1.7908145 0.56920797 -20.653711 1.4431018 31.717934 -0.4460558295249939 0.14452338218688965
Car 0.0 0 -1.0019595623016357 455.4872131347656 171.31166076660156 549.0595703125 211.8800506591797 4.3533335 1.5053822 1.6506119 -3.9117494 1.1283575 28.974632 -1.1361541748046875 0.9149835109710693
Car 0.0 0 -1.442674160003662 577.5145874023438 172.47003173828125 616.1306762695312 200.321044921875 3.499429 1.3996074 1.6065989 -0.20407125 0.9466971 37.931038 -1.4480541944503784 0.9043390154838562
Car 0.0 0 2.0482139587402344 327.0450439453125 167.2556915283203 396.783447265625 204.5973663330078 4.388955 1.8767437 1.7103003 -12.710605 1.1617197 38.40154 1.7285720109939575 0.7896456718444824
Car 0.0 0 -1.3432296514511108 562.943115234375 170.1746368408203 592.3941650390625 188.59873962402344 3.6294668 1.462132 1.6404198 -1.8909707 0.5638749 58.943695 -1.3752995729446411 0.28893133997917175
Car 0.0 0 2.1034789085388184 455.29376220703125 176.60391235351562 497.7783203125 194.4602813720703 4.407011 1.4887294 1.613061 -10.73775 1.0810012 62.23308 1.9326204061508179 0.1861160844564438
Car 0.0 0 0.5458635091781616 389.11114501953125 186.38670349121094 461.6980895996094 212.6897430419922 3.9272382 1.498233 1.6250868 -10.473764 1.7993497 42.78636 0.30579233169555664 0.15167169272899628
Car 0.0 0 1.5409303903579712 537.5776977539062 179.07705688476562 563.1589965820312 201.9020233154297 3.7292333 1.4798706 1.605807 -3.469306 1.3234751 48.507286 1.4695305824279785 0.14761292934417725
