Car 0.0 0 -0.46352770924568176 878.6448974609375 146.51663208007812 1075.6729736328125 211.56434631347656 4.088581 1.5528295 1.6488656 9.02309 0.92445797 18.046577 0.00011110305786132812 0.9473068714141846
Car 0.0 0 2.0174367427825928 104.50973510742188 205.05990600585938 329.9585266113281 326.0418701171875 3.829228 1.4064716 1.5738224 -5.9347496 2.0006192 11.359617 1.5359965562820435 0.9413384795188904
Car 0.0 0 1.8386425971984863 364.54254150390625 191.22293090820312 456.431640625 246.4610595703125 4.376736 1.4230751 1.6165379 -6.0552564 2.0452456 22.232319 1.5727298259735107 0.9311881065368652
Car 0.0 0 1.9070053100585938 276.03662109375 195.85400390625 401.1576232910156 270.27337646484375 3.6059077 1.3610082 1.4982103 -5.961349 1.9335535 16.131474 1.5530232191085815 0.9159168004989624
Car 0.0 0 -1.7344262599945068 672.5982666015625 175.01284790039062 741.651611328125 226.08180236816406 3.9590957 1.5500871 1.6378211 3.102649 1.628492 24.07502 -1.606258511543274 0.8962256908416748
Car 0.0 0 2.7361907958984375 822.208740234375 151.49374389648438 945.1956787109375 205.45172119140625 3.3007107 1.646642 1.5474246 8.569911 0.99514663 22.866617 3.0947670936584473 0.8368852734565735
Car 0.0 0 1.76748788356781 435.64508056640625 188.10107421875 494.7323913574219 227.65428161621094 4.208156 1.4229842 1.5887234 -5.913229 2.095083 29.681938 1.5708426237106323 0.8152738809585571
Car 0.0 0 2.7175679206848145 865.99755859375 140.17282104492188 995.3832397460938 203.09410095214844 2.979978 1.7234752 1.5877031 9.026736 0.82866395 20.570333 3.1310882568359375 0.8089002370834351
Car 0.0 0 2.8319344520568848 775.9098510742188 159.73887634277344 904.1860961914062 205.86056518554688 4.0270085 1.5874802 1.6831015 8.071688 1.1364236 25.684065 3.13642954826355 0.7155369520187378
Car 0.0 0 2.453974485397339 0.0 225.2394256591797 155.23321533203125 375.0 3.8412378 1.5429957 1.6192023 -5.9930377 2.124308 6.007867 1.6698119640350342 0.6828428506851196
Car 0.0 0 -0.8306340575218201 1188.9974365234375 129.96066284179688 1242.0 175.48794555664062 4.306963 1.558996 1.7462085 23.403645 0.090552725 25.77513 -0.09342025220394135 0.6804461479187012
