Pedestrian 0.0 0 -1.537367343902588 147.05841064453125 135.36073303222656 189.13980102539062 233.58140563964844 0.8095545 1.855895 0.6793159 -8.704215 1.1478115 14.15068 -2.088822603225708 0.43254101276397705
Pedestrian 0.0 0 -0.3486528992652893 836.848388671875 149.09556579589844 870.04541015625 224.5441131591797 0.58961076 1.7931283 0.6015307 5.833927 1.2288376 17.45384 -0.02607855200767517 0.2799654006958008
Pedestrian 0.0 0 1.6798897981643677 710.9906616210938 151.5945587158203 732.3389282226562 209.3123779296875 0.6612436 1.7699591 0.5914275 3.4430265 1.1183808 22.519436 1.8316062688827515 0.27542054653167725
Pedestrian 0.0 0 -2.3912787437438965 1094.7921142578125 164.1699676513672 1242.0 375.0 1.0775285 1.6230338 0.6214337 3.0337858 1.5875245 3.5477457 -1.6838135719299316 0.188500314950943
Pedestrian 0.0 0 1.6228320598602295 456.26483154296875 173.45201110839844 471.3432312011719 210.89306640625 0.758601 1.7183242 0.64983964 -6.8329782 1.7468402 33.548416 1.4219051599502563 0.18179106712341309
Cyclist 0.0 0 -2.261782646179199 1086.5560302734375 173.4021453857422 1242.0 375.0 1.3403174 1.647881 0.6056734 3.011336 1.6514325 3.526086 -1.5549613237380981 0.2167680561542511
Car 0.0 0 1.8240833282470703 355.96221923828125 188.76962280273438 480.6253967285156 269.4996643066406 4.131137 1.447262 1.6333846 -4.074118 1.8420802 15.81369 1.5719342231750488 0.955427348613739
Car 0.0 0 -1.5689278841018677 621.7198486328125 173.1494140625 671.8980102539062 223.0148468017578 2.7020257 1.5560652 1.5676527 1.1727386 1.5667857 23.918621 -1.5199368000030518 0.8982616066932678
Car 0.0 0 1.7275410890579224 481.6106262207031 177.02911376953125 534.4124145507812 214.6817169189453 3.9541378 1.494108 1.6527542 -4.3599625 1.6857374 31.061497 1.588086724281311 0.8950985670089722
Car 0.0 0 2.224342107772827 0.0 199.7060546875 246.32476806640625 375.0 3.9187176 1.4693663 1.6212705 -3.8804452 1.7043833 4.283214 1.4882408380508423 0.7647532224655151
Car 0.0 0 0.754162073135376 0.0 0.0 1242.0 375.0 3.6699464 1.513802 1.5827609 3.0804975 1.1912339 1.9186773 1.7679091691970825 0.21556641161441803
Car 0.0 0 -1.3175506591796875 605.2620239257812 175.5819854736328 631.3988037109375 191.64883422851562 3.5991018 1.4674418 1.6334305 0.80059326 1.7342092 68.51084 -1.3058655261993408 0.16860000789165497
