Pedestrian 0.0 0 -2.020796537399292 979.759521484375 154.59494018554688 1060.735107421875 280.49053955078125 0.76716924 1.7967483 0.7867154 6.010257 1.5365177 10.701959 -1.509088397026062 0.21403712034225464
Pedestrian 0.0 0 -0.4692838788032532 839.8043823242188 135.59088134765625 900.4413452148438 233.35694885253906 0.89988196 1.8060511 0.616996 4.8742514 1.1180402 13.689449 -0.12722152471542358 0.19880539178848267
Pedestrian 0.0 0 0.553299069404602 158.14553833007812 165.7891387939453 225.34304809570312 269.6949462890625 0.790188 1.8220626 0.71881247 -7.584236 1.698533 13.019423 0.02582240104675293 0.13434934616088867
Pedestrian 0.0 0 1.1970075368881226 811.7906494140625 128.49710083007812 865.0387573242188 203.037109375 1.7734051 1.742572 0.6404859 5.546228 0.7059688 17.772392 1.4995005130767822 0.10544345527887344
Cyclist 0.0 0 1.1970075368881226 811.7906494140625 128.49710083007812 865.0387573242188 203.037109375 1.7734051 1.742572 0.6404859 5.546228 0.7059688 17.772392 1.4995005130767822 0.2216387242078781
Cyclist 0.0 0 -2.0618081092834473 1114.25732421875 124.9599838256836 1226.305908203125 253.5034637451172 1.7915394 1.794549 0.5609269 8.418219 1.1262758 10.999688 -1.4085776805877686 0.17824199795722961
Car 0.0 0 1.6669622659683228 499.1421813964844 172.58413696289062 552.3103637695312 221.31814575195312 4.744796 1.9485418 1.835393 -3.6013193 1.9381094 31.235714 1.5521742105484009 0.9145256280899048
Car 0.0 0 1.669417142868042 547.8001098632812 180.80322265625 573.7413330078125 201.66012573242188 3.9440835 1.4976735 1.6058413 -3.766035 2.1295755 55.32578 1.6014518737792969 0.4611071050167084
Car 0.0 0 -1.8139054775238037 613.1732177734375 180.46363830566406 644.1024169921875 200.996337890625 3.9499834 1.6016009 1.6614472 1.4879096 2.2564728 59.94952 -1.7890912294387817 0.21869544684886932
Car 0.0 0 1.3023139238357544 552.7449951171875 186.8054656982422 591.9129028320312 211.71533203125 4.0418463 1.5562736 1.6752046 -2.6694138 2.5599163 49.702686 1.2486578226089478 0.18165242671966553
