Cyclist 0.0 0 -1.8998006582260132 847.57568359375 157.29940795898438 869.5569458007812 195.75413513183594 1.6969327 1.7660818 0.45193323 11.656106 1.0520757 33.983574 -1.5693823099136353 0.8397425413131714
Cyclist 0.0 0 -1.8768366575241089 764.5772705078125 162.6864776611328 780.3864135742188 187.27488708496094 1.9887121 1.8480413 0.6077587 12.404231 1.0842171 55.24394 -1.6559642553329468 0.1496090441942215
Cyclist 0.0 0 -1.4182127714157104 453.566162109375 166.37522888183594 464.55120849609375 191.207763671875 1.7989553 1.8852261 0.5646901 -11.669059 1.3937302 55.68804 -1.624767541885376 0.14688758552074432
Car 0.0 0 1.9735238552093506 313.1701965332031 186.35238647460938 403.68035888671875 232.45626831054688 3.9210172 1.40076 1.5562212 -8.67999 1.9084623 25.106573 1.6406618356704712 0.9290513396263123
Car 0.0 0 2.0060646533966064 218.6371612548828 188.3172149658203 347.4731750488281 253.16372680664062 4.0220156 1.5260117 1.6964184 -8.917465 1.9976823 19.965769 1.5860103368759155 0.9212092757225037
Car 0.0 0 1.7671756744384766 453.86541748046875 180.36289978027344 495.9616394042969 206.38906860351562 4.053047 1.4966929 1.8080517 -8.343651 1.9834981 44.70345 1.582654356956482 0.7824137806892395
Car 0.0 0 2.2759687900543213 0.0 192.85604858398438 132.41502380371094 335.5020446777344 4.199826 1.5002382 1.7116679 -9.085467 1.8446618 10.293875 1.5528453588485718 0.7659673094749451
Car 0.0 0 -1.8302019834518433 756.0372924804688 162.0980682373047 788.6535034179688 182.51438903808594 3.7929237 1.5471991 1.5701177 12.668827 0.732445 56.60294 -1.6100116968154907 0.18662551045417786
Car 0.0 0 -1.3389036655426025 431.2374267578125 172.03457641601562 459.4183044433594 188.42979431152344 4.0935063 1.5054595 1.7072798 -15.567625 1.4305747 68.30445 -1.5629911422729492 0.18141961097717285
Car 0.0 0 1.2606450319290161 687.0204467773438 164.54168701171875 719.3094482421875 184.7054901123047 4.1905704 1.7734284 1.7120047 8.417722 1.0427091 65.67321 1.3881257772445679 0.1362369954586029
