Car 0.0 0 -2.159074544906616 137.8685760498047 214.8776092529297 446.7798156738281 375.0 3.5604389 1.4245542 1.6205819 -3.8687758 2.0171628 8.537144 -2.584561347961426 0.9134031534194946
Car 0.0 0 -1.9946094751358032 0.0 226.68577575683594 222.7584686279297 355.5288391113281 3.5722666 1.4272013 1.5580112 -7.705439 2.3572907 10.882877 -2.6107065677642822 0.8768209218978882
Car 0.0 0 -1.5183303356170654 866.789794921875 173.8935089111328 970.6563720703125 267.35882568359375 3.7378726 1.5866101 1.6782931 6.1678314 1.610579 14.338481 -1.1120977401733398 0.8316683769226074
Car 0.0 0 -1.742594838142395 1134.4111328125 164.96315002441406 1242.0 244.75946044921875 4.0560308 1.5669249 1.6552843 13.151957 1.4123337 16.340828 -1.0649020671844482 0.7971203923225403
Car 0.0 0 -1.6561293601989746 920.64013671875 177.6543731689453 975.1219482421875 221.47715759277344 3.2211099 1.4819226 1.5352272 12.329062 1.6708317 26.56205 -1.2215619087219238 0.600544273853302
Car 0.0 0 -1.6204601526260376 1088.6468505859375 155.19227600097656 1158.360107421875 214.0608367919922 4.300776 1.9200062 1.80329 18.22899 1.3443245 25.829288 -1.0058863162994385 0.5847263336181641
Car 0.0 0 -1.614271879196167 1067.32470703125 162.50552368164062 1114.685302734375 203.9541778564453 4.2342873 1.8978581 1.7341276 23.41904 1.4243784 35.296024 -1.0284621715545654 0.5310707092285156
Car 0.0 0 0.16284601390361786 680.5234375 182.84542846679688 737.6890869140625 204.7550811767578 4.1672344 1.614466 1.7007252 7.6596866 2.4085875 55.893005 0.2990396022796631 0.4993857443332672
Car 0.0 0 -1.9211931228637695 1193.9517822265625 173.13255310058594 1242.0 296.5744323730469 3.7971168 1.5036961 1.5995864 10.375085 1.5090412 10.85585 -1.158435583114624 0.4625852704048157
Car 0.0 0 -1.6488348245620728 1031.10986328125 173.0904541015625 1059.2750244140625 193.42843627929688 3.6670747 1.5402826 1.6090101 34.128925 1.5598737 56.688644 -1.1069154739379883 0.3624364733695984
Car 0.0 0 -1.6522518396377563 1053.6572265625 163.89894104003906 1097.33544921875 196.14898681640625 4.145318 1.6869347 1.6920401 25.68307 1.2188717 39.96643 -1.081084966659546 0.3475774824619293
