Pedestrian 0.0 0 -0.8216797113418579 1074.468505859375 139.22000122070312 1137.21142578125 242.2782745361328 0.73393023 1.7539599 0.54434663 8.775873 1.0356739 12.566114 -0.21204449236392975 0.6395590901374817
Pedestrian 0.0 0 -0.3795831799507141 346.8157043457031 165.07179260253906 394.21832275390625 254.13821411132812 0.6797666 1.71942 0.72803855 -4.658607 1.4035289 14.361978 -0.6932459473609924 0.6240655779838562
Pedestrian 0.0 0 -0.6783742308616638 1102.4521484375 132.0634307861328 1179.3406982421875 241.0699462890625 0.8805729 1.7463565 0.5141482 8.792248 0.9556439 11.778836 -0.03715253248810768 0.5742068290710449
Pedestrian 0.0 0 1.9675257205963135 331.4197082519531 169.72108459472656 380.0933837890625 259.54254150390625 0.8472207 1.8254442 0.6928446 -5.169589 1.5873024 15.041569 1.6364861726760864 0.4368270933628082
Pedestrian 0.0 0 1.6395368576049805 526.5015258789062 170.98171997070312 547.9014282226562 215.8933868408203 0.9457161 1.7464097 0.78174496 -2.5519829 1.3384168 28.41105 1.5499536991119385 0.4011113941669464
Pedestrian 0.0 0 -1.062339425086975 752.4650268554688 137.18682861328125 780.719970703125 192.3687286376953 0.7177107 1.8702537 0.69068325 5.6891494 0.36944473 24.841335 -0.8372024893760681 0.2731960117816925
Pedestrian 0.0 0 -2.078892707824707 887.9048461914062 125.85281372070312 1028.348388671875 354.0962829589844 0.8615491 1.639299 0.63660747 2.6931112 1.2410295 5.6057935 -1.6310349702835083 0.1965998113155365
Pedestrian 0.0 0 -3.5219380855560303 1179.05712890625 135.23269653320312 1238.0 234.37120056152344 0.9106969 1.8521119 0.6078626 11.783658 0.98900473 13.850645 -2.8169994354248047 0.19165077805519104
Pedestrian 0.0 0 -1.6901555061340332 635.8834838867188 171.81263732910156 653.3106689453125 205.9171142578125 1.7937096 1.7424773 0.69912994 2.2446964 1.2483935 37.614933 -1.630550503730774 0.15345115959644318
Cyclist 0.0 0 -1.6901555061340332 635.8834838867188 171.81263732910156 653.3106689453125 205.9171142578125 1.7937096 1.7424773 0.69912994 2.2446964 1.2483935 37.614933 -1.630550503730774 0.40255206823349
Cyclist 0.0 0 1.6469602584838867 525.9906005859375 171.09861755371094 549.0693969726562 216.39761352539062 1.056274 1.7571057 0.8326938 -2.536126 1.3546624 28.394403 1.557878851890564 0.15454716980457306
Cyclist 0.0 0 1.972891926765442 330.1602478027344 169.68109130859375 381.2588806152344 260.2076416015625 0.9254664 1.8347673 0.7090357 -5.1691427 1.5964671 15.043156 1.641911268234253 0.10151448100805283
Car 0.0 0 -1.8916270732879639 726.1732788085938 144.64454650878906 915.184326171875 278.4843444824219 3.5605018 1.7396317 1.7036104 3.132457 1.2619203 11.15252 -1.6178077459335327 0.4344673156738281
Car 0.0 0 -1.4362812042236328 525.6439819335938 170.84417724609375 565.39599609375 200.95941162109375 3.5955958 1.4954326 1.6031325 -2.8766675 0.96717966 37.508976 -1.5128241777420044 0.3089047372341156
Car 0.0 0 -0.9922977685928345 1020.0286865234375 201.83877563476562 1238.0 374.0 3.8789485 1.4217306 1.6019567 4.617048 1.5662118 3.9960716 -0.13492760062217712 0.2628583610057831
Car 0.0 0 -1.9118486642837524 646.9483032226562 163.3859100341797 683.0462646484375 184.2115936279297 3.769041 1.5562556 1.6150936 4.9097776 0.20320758 55.70364 -1.82393479347229 0.21898208558559418
