Pedestrian 0.0 0 -1.4542372226715088 300.2702331542969 173.71533203125 318.6205139160156 218.3427276611328 1.4666514 1.6174748 0.46957198 -10.90652 1.3363749 26.802094 -1.8407015800476074 0.1455649435520172
Pedestrian 0.0 0 -2.082005023956299 847.7986450195312 152.53623962402344 882.0009155273438 200.70420837402344 1.6786631 1.760369 0.44393954 9.906454 0.7028895 27.11404 -1.7317103147506714 0.10145300626754761
Cyclist 0.0 0 -1.4542372226715088 300.2702331542969 173.71533203125 318.6205139160156 218.3427276611328 1.4666514 1.6174748 0.46957198 -10.90652 1.3363749 26.802094 -1.8407015800476074 0.43367794156074524
Cyclist 0.0 0 -2.0765609741210938 848.4069213867188 152.7294158935547 881.8787231445312 200.29696655273438 1.6540406 1.7381091 0.43477705 9.909557 0.68788123 27.09588 -1.7259492874145508 0.32897016406059265
Car 0.0 0 2.139186382293701 0.0 188.37728881835938 293.78851318359375 365.32147216796875 4.0557547 1.5209742 1.65273 -5.32263 1.6217611 8.358474 1.572150468826294 0.9472746849060059
Car 0.0 0 -1.4213858842849731 511.3161315917969 172.09432983398438 569.1851806640625 211.59413146972656 4.1623807 1.3760656 1.5747843 -2.251537 1.0494626 27.151258 -1.504122257232666 0.9009592533111572
Car 0.0 0 -1.6265294551849365 605.3436889648438 168.13645935058594 639.5513916015625 198.91085815429688 3.7750876 1.599271 1.6502854 1.1008168 0.9056554 39.237167 -1.598481297492981 0.8695478439331055
Car 0.0 0 -1.5300723314285278 576.329833984375 169.0692596435547 601.6439208984375 190.54766845703125 3.8043447 1.4285111 1.5995373 -0.8154492 0.60243106 49.694324 -1.5464801788330078 0.7749817371368408
Car 0.0 0 -1.467000126838684 546.1234741210938 173.1764373779297 582.3440551757812 201.97982788085938 3.4936154 1.4428353 1.5498526 -1.9178042 1.0267653 37.766064 -1.5177377462387085 0.7060484290122986
Car 0.0 0 -0.29512590169906616 665.1846923828125 173.61962890625 760.000244140625 206.1127471923828 4.0687547 1.4649924 1.624286 5.1359468 1.110636 33.478 -0.14290015399456024 0.24363674223423004
