Pedestrian 0.0 0 2.2771434783935547 948.1563720703125 151.180908203125 995.0039672851562 219.44805908203125 1.0317278 1.7626072 0.57793593 9.519866 1.2033823 19.094572 2.7396416664123535 0.1364719718694687
Pedestrian 0.0 0 -3.5976555347442627 1068.79345703125 140.5620880126953 1124.44287109375 223.78733825683594 0.85770506 1.8195776 0.5910916 10.811905 1.1139281 16.122887 -3.006939172744751 0.11459175497293472
Cyclist 0.0 0 -1.9675318002700806 945.7716674804688 151.98472595214844 1053.4678955078125 294.3694152832031 2.0296621 1.8206638 0.5924801 5.4110594 1.5541675 10.260564 -1.4822328090667725 0.8911514282226562
Cyclist 0.0 0 -0.13632851839065552 868.000244140625 165.76580810546875 904.7837524414062 200.17335510253906 1.8826275 1.9261135 0.59399754 15.617067 1.5296786 40.891003 0.22849464416503906 0.3556859493255615
Cyclist 0.0 0 1.869478464126587 442.48309326171875 182.7501220703125 459.7790222167969 210.32118225097656 1.7648631 1.7886285 0.64298666 -10.669016 2.4647415 48.361694 1.6523475646972656 0.19165083765983582
Cyclist 0.0 0 1.659793496131897 917.2660522460938 173.5040283203125 931.6416015625 205.1558074951172 1.5923808 1.7918301 0.62458724 18.157555 1.8305467 41.727394 2.0702273845672607 0.1181592345237732
Car 0.0 0 -1.5989981889724731 581.0601806640625 178.75994873046875 623.9503173828125 220.0524444580078 3.3421047 1.6891162 1.7800635 -0.41838774 1.9629948 31.70717 -1.6121927499771118 0.8129763007164001
Car 0.0 0 1.8250346183776855 384.22088623046875 189.77047729492188 427.2114562988281 215.84768676757812 4.256232 1.5653893 1.7517728 -13.6253195 2.7471352 48.240864 1.5497615337371826 0.7828566431999207
Car 0.0 0 -1.6264019012451172 652.7214965820312 180.27503967285156 676.2802124023438 201.01504516601562 3.3889403 1.5967575 1.7134718 4.3655744 2.2162259 58.48224 -1.5518922805786133 0.2244509905576706
Car 0.0 0 1.6287109851837158 506.1475524902344 176.1645965576172 539.26611328125 204.87669372558594 4.0807176 1.6515061 1.7764696 -5.317394 1.8636949 44.073727 1.508643627166748 0.125213161110878
Car 0.0 0 -0.1805858612060547 298.1705627441406 177.1706085205078 349.07940673828125 194.6846160888672 3.978266 1.4940279 1.6394256 -25.473658 1.8887004 64.15939 -0.5585353970527649 0.11602648347616196
