Pedestrian 0.0 0 0.3591962158679962 299.9024353027344 157.50856018066406 411.3923645019531 311.74200439453125 1.0823811 1.7546518 0.67011327 -2.9821506 1.4947726 8.383271 0.017429113388061523 0.8778719305992126
Pedestrian 0.0 0 1.2778359651565552 670.2015380859375 160.9271240234375 720.5853881835938 251.88088989257812 1.0194048 1.793474 0.75945365 1.7976213 1.4091557 14.503482 1.401151180267334 0.13864962756633759
Pedestrian 0.0 0 0.48551326990127563 635.058837890625 173.68130493164062 699.8680419921875 276.07373046875 0.94782555 1.7955348 0.74250084 1.1045358 1.6776077 12.962102 0.5705206394195557 0.12479211390018463
Pedestrian 0.0 0 3.362907648086548 197.49208068847656 150.5946502685547 249.19415283203125 243.4586181640625 0.7648675 1.7755377 0.701165 -7.561605 1.2053882 13.9549675 2.866337299346924 0.1116054430603981
Pedestrian 0.0 0 -3.481884479522705 928.131591796875 147.50267028808594 1003.0719604492188 259.86541748046875 0.92190504 1.7921332 0.69292104 5.8898773 1.2674961 11.674164 -3.0146255493164062 0.10182884335517883
Cyclist 0.0 0 -2.2500977516174316 1138.0489501953125 146.03341674804688 1224.0 269.56573486328125 1.545965 2.004731 0.5831225 10.06117 1.4470468 12.24473 -1.562280297279358 0.18063370883464813
Cyclist 0.0 0 -0.9421583414077759 171.9629669189453 141.54969787597656 253.87840270996094 237.2386932373047 1.6422415 1.7892917 0.57084715 -7.7997394 1.0625954 14.065972 -1.4484584331512451 0.1661478728055954
Cyclist 0.0 0 -1.9746227264404297 838.8899536132812 142.46795654296875 909.3916625976562 248.59835815429688 1.5947701 1.733078 0.56075174 4.6196117 1.1136783 12.350332 -1.616687297821045 0.10903245210647583
Car 0.0 0 -2.205719470977783 594.4156494140625 130.3935546875 700.3699951171875 196.3386993408203 5.0803976 2.5873637 1.8797201 1.6799212 0.6229331 30.376215 -2.1504719257354736 0.14343832433223724
Car 0.0 0 -2.168426036834717 749.1862182617188 149.47203063964844 807.5346069335938 179.4281463623047 4.2323275 1.9214103 1.744867 11.653298 -0.07464172 47.79819 -1.9292891025543213 0.12836229801177979
