Pedestrian 0.0 0 -0.4563673436641693 938.5530395507812 113.95460510253906 1045.3778076171875 267.2916564941406 0.98160714 1.7473499 0.5215594 4.4220357 1.0765206 8.4918785 0.02373194694519043 0.25666844844818115
Pedestrian 0.0 0 -2.880603790283203 625.6527709960938 159.92491149902344 655.50830078125 192.07469177246094 1.6439259 1.8386713 0.5366492 1.7360525 1.0996042 41.763596 -2.8390591144561768 0.2123163938522339
Pedestrian 0.0 0 -1.9537651538848877 946.3656005859375 139.726806640625 990.60986328125 213.2831268310547 1.0658804 1.8326019 0.6649539 9.142342 1.0076202 18.530298 -1.4954334497451782 0.13363897800445557
Pedestrian 0.0 0 0.7518372535705566 85.4622802734375 173.0748291015625 119.15093994140625 221.05763244628906 0.9326067 1.8463039 0.57452846 -19.820303 1.8553736 28.112682 0.1377429962158203 0.13147422671318054
Pedestrian 0.0 0 -0.178000807762146 596.564697265625 164.18240356445312 614.1654663085938 195.5081787109375 0.9241171 1.801136 0.6291286 -0.3060319 1.3029034 41.87777 -0.18530842661857605 0.13068683445453644
Pedestrian 0.0 0 -1.982048749923706 831.2657470703125 130.9370574951172 877.449951171875 225.9280548095703 0.7697419 1.7555932 0.57077324 4.591625 0.9812554 13.741138 -1.6595617532730103 0.1046714037656784
Cyclist 0.0 0 -2.911609649658203 618.3566284179688 159.04129028320312 650.7944946289062 190.1478271484375 1.7950386 1.7817256 0.58079845 1.3919063 0.9909167 41.839535 -2.878354072570801 0.5362247824668884
Cyclist 0.0 0 -1.462069034576416 1030.531982421875 154.27915954589844 1081.7579345703125 235.493896484375 1.7015882 1.7443453 0.8143931 10.117357 1.3457493 16.416143 -0.9097464084625244 0.23460853099822998
Cyclist 0.0 0 1.1634058952331543 790.2713012695312 166.62364196777344 812.6456298828125 207.0503387451172 1.6158812 1.9612489 0.46980226 9.459822 1.6593486 35.835606 1.4214967489242554 0.16566959023475647
Cyclist 0.0 0 -1.417255163192749 976.3660278320312 134.47244262695312 1030.3817138671875 212.03729248046875 1.8686026 1.6969742 0.82980883 9.117309 0.85761505 16.777718 -0.9194796085357666 0.1302107721567154
Cyclist 0.0 0 -0.3357725441455841 944.6092529296875 125.3755111694336 1061.410400390625 282.5848083496094 1.0805987 1.7735246 0.5672705 4.5477467 1.2382636 8.501004 0.1554548740386963 0.10359154641628265
Car 0.0 0 1.8580384254455566 381.58990478515625 177.2366943359375 413.7820129394531 195.65438842773438 3.77476 1.5174464 1.6638151 -18.292627 1.9072976 62.232533 1.572150468826294 0.4712512195110321
Car 0.0 0 1.9632620811462402 403.4951171875 176.60159301757812 435.44671630859375 193.31039428710938 3.7948716 1.4958832 1.5570725 -17.795927 1.8569901 67.46912 1.7053714990615845 0.20109768211841583
