Pedestrian 0.0 0 -0.8766907453536987 1178.8485107421875 135.43051147460938 1224.0 233.4197998046875 0.71847695 1.7063828 0.53959 10.780575 0.9231891 12.634331 -0.17029766738414764 0.5748371481895447
Pedestrian 0.0 0 2.547593832015991 990.4193115234375 106.43000030517578 1069.462158203125 239.955322265625 0.7561898 1.7843599 0.54720014 5.793993 0.7962006 9.738443 3.0842998027801514 0.44341540336608887
Pedestrian 0.0 0 0.9380049109458923 270.443603515625 177.87310791015625 325.4409484863281 263.59954833984375 0.8406149 1.6915727 0.66125274 -6.313517 1.6413682 14.443611 0.5259177684783936 0.38777244091033936
Pedestrian 0.0 0 3.6104025840759277 122.54464721679688 120.43000793457031 203.80667114257812 258.6721496582031 0.75835174 1.8575947 0.63014334 -6.1823497 1.0520903 9.8443775 3.049643039703369 0.305862694978714
Pedestrian 0.0 0 -0.2404569387435913 508.12237548828125 163.8511505126953 522.2647094726562 186.73284912109375 1.1036576 1.9550385 0.5707436 -7.714186 0.53373796 60.870323 -0.3665164113044739 0.18655864894390106
Pedestrian 0.0 0 1.1393349170684814 876.75634765625 158.55545043945312 902.8514404296875 194.04800415039062 1.6919928 1.6449126 0.484947 13.512339 0.62934005 33.62033 1.521486520767212 0.12129111588001251
Cyclist 0.0 0 -1.6877057552337646 981.4744262695312 138.49398803710938 1024.659912109375 207.94252014160156 1.7463415 1.732542 0.7850078 10.403856 0.68620723 18.5908 -1.1775038242340088 0.7745932340621948
Cyclist 0.0 0 1.1972289085388184 879.2477416992188 158.9916534423828 902.5027465820312 194.53648376464844 1.5843422 1.6480999 0.47564027 13.546448 0.6522807 33.573128 1.5807409286499023 0.24766448140144348
Car 0.0 0 -0.14111122488975525 743.8905029296875 164.26956176757812 895.1013793945312 212.6179656982422 4.3823423 1.4527951 1.6674999 6.6390347 0.96665657 22.386847 0.147186279296875 0.9416564702987671
Car 0.0 0 -0.816964864730835 0.0 202.63291931152344 290.49969482421875 370.0 3.6594448 1.493202 1.6062902 -3.161557 1.6573768 3.3535922 -1.5728963613510132 0.8824039101600647
Car 0.0 0 -1.6963216066360474 556.042236328125 169.2799072265625 589.5097045898438 196.49710083007812 4.1632447 1.7473052 1.7342137 -2.2126272 1.0283273 47.585865 -1.7427856922149658 0.3812315762042999
