Pedestrian 0.0 0 0.8327542543411255 21.8843994140625 174.7671661376953 107.33956909179688 300.4062194824219 0.78813124 1.7378086 0.6061329 -7.8717403 1.7666191 10.358336 0.18292021751403809 0.25243109464645386
Pedestrian 0.0 0 1.9918038845062256 944.9683227539062 135.50650024414062 1004.030517578125 233.37216186523438 0.76674134 1.7732099 0.7470767 6.8195095 1.0968752 13.602489 2.4565250873565674 0.22908389568328857
Cyclist 0.0 0 -1.8422274589538574 726.806884765625 163.4580841064453 755.7784423828125 214.4088134765625 1.9098263 1.7817253 0.53796905 4.706401 1.4535125 26.205019 -1.6645227670669556 0.9257977604866028
Cyclist 0.0 0 -1.693755030632019 1175.7060546875 115.41624450683594 1242.0 271.86700439453125 1.7032036 1.6818023 0.57215595 7.1737113 1.0647203 8.624739 -0.999946117401123 0.16389913856983185
Car 0.0 0 1.9172379970550537 351.8067626953125 185.33770751953125 562.6476440429688 319.6694030761719 3.9308999 1.4365222 1.6072521 -1.941279 1.6485614 10.164784 1.7285295724868774 0.9633581638336182
Car 0.0 0 1.6628313064575195 509.2264099121094 178.78639221191406 549.5006103515625 210.88885498046875 3.8191 1.4735643 1.6401787 -3.9802535 1.7837276 35.753204 1.5519620180130005 0.9028753042221069
Car 0.0 0 1.8253369331359863 307.5184631347656 189.86282348632812 449.63287353515625 288.1629943847656 3.6999416 1.434036 1.5404989 -4.055759 1.7867073 13.059042 1.5242104530334473 0.8616070747375488
Car 0.0 0 1.6214600801467896 519.4073486328125 176.88458251953125 548.741455078125 203.43215942382812 3.8642764 1.5221684 1.5848136 -4.6168337 1.7790066 43.939285 1.5167711973190308 0.22097879648208618
Car 0.0 0 1.6944904327392578 722.565185546875 173.68972778320312 761.98193359375 202.76498413085938 3.9585173 1.4857063 1.6274332 7.1813054 1.5338509 39.12176 1.8760323524475098 0.18586324155330658
Car 0.0 0 0.4819985628128052 585.4403686523438 170.9701690673828 637.7783813476562 189.8671112060547 4.300476 1.6178349 1.7206061 0.11202131 1.4569105 63.532364 0.4837617874145508 0.16476602852344513
