Pedestrian 0.0 0 -1.122780442237854 204.2399444580078 157.65614318847656 241.7255401611328 209.84156799316406 0.94644755 1.9218574 0.92100745 -14.5481 1.3625168 27.063225 -1.6160224676132202 0.6734486222267151
Pedestrian 0.0 0 1.9030911922454834 288.2383117675781 163.58824157714844 308.42706298828125 208.73947143554688 0.49173364 1.8025005 0.62095624 -12.5966835 1.4329566 29.070965 1.4942046403884888 0.34490013122558594
Pedestrian 0.0 0 2.750690221786499 562.5421752929688 160.54530334472656 589.3858032226562 212.50863647460938 0.87037975 1.8990897 0.49931887 -1.3075495 1.4496052 26.778257 2.7019002437591553 0.2827732563018799
Pedestrian 0.0 0 -1.4850783348083496 352.7247619628906 165.92294311523438 391.6625671386719 249.27685546875 0.9632148 1.7671328 0.7351219 -5.259353 1.6205498 15.847996 -1.8055044412612915 0.20915324985980988
Pedestrian 0.0 0 -2.1417124271392822 0.0 113.36830139160156 30.887821197509766 184.87510681152344 0.7214146 1.7940797 0.5914496 -15.463768 0.30196318 18.490355 -2.838207960128784 0.18707944452762604
Pedestrian 0.0 0 2.5485806465148926 574.2837524414062 169.55532836914062 596.3314819335938 206.70896911621094 0.9650207 1.9116191 0.6261452 -1.325224 1.7422547 37.65849 2.513404607772827 0.15229886770248413
Pedestrian 0.0 0 -0.6069732308387756 707.7786254882812 173.6364288330078 773.5662231445312 293.2686767578125 0.68101 1.7019877 0.7055756 1.8826572 1.7144881 10.731661 -0.43331021070480347 0.1396138072013855
Pedestrian 0.0 0 0.7933199405670166 0.0 144.25704956054688 113.91276550292969 301.68719482421875 1.001299 1.7456197 0.7488178 -6.610333 1.4288883 8.433303 0.12851262092590332 0.13386721909046173
Pedestrian 0.0 0 1.7997207641601562 241.77391052246094 152.48086547851562 299.2958984375 243.01097106933594 1.0460523 1.8355108 0.88656294 -7.1936383 1.4228003 15.231228 1.3584814071655273 0.12917524576187134
Pedestrian 0.0 0 0.2547292709350586 296.7677307128906 171.4575653076172 329.9429016113281 217.23609924316406 0.94241285 1.6843141 0.95680517 -11.16648 1.633294 27.082563 -0.13634605705738068 0.11618263274431229
Cyclist 0.0 0 -1.4554699659347534 348.81878662109375 163.2456817626953 388.0369567871094 247.74305725097656 0.9385375 1.7804283 0.71019596 -5.3043065 1.5783311 15.733583 -1.7806360721588135 0.11696264892816544
Cyclist 0.0 0 2.116015672683716 573.7681274414062 170.1169891357422 595.7081909179688 205.21560668945312 1.2683985 1.79927 0.5712615 -1.3498019 1.6593196 37.678608 2.080206871032715 0.10988868772983551
Car 0.0 0 0.3345578610897064 0.0 179.19342041015625 158.0425567626953 228.1789093017578 4.6538253 1.7572793 1.9398073 -20.47355 2.017027 27.909327 -0.2983473241329193 0.20334568619728088
Car 0.0 0 -1.6674625873565674 662.2245483398438 175.09979248046875 703.3698120117188 208.42269897460938 3.7631526 1.5070617 1.6052449 3.4155738 1.6214966 34.76586 -1.569531798362732 0.13240884244441986
Car 0.0 0 -2.7899041175842285 410.7847900390625 162.56651306152344 498.5492858886719 190.64620971679688 4.569475 1.5566591 1.7686354 -8.8689575 0.9867079 41.190914 -3.0019798278808594 0.11437499523162842
