Pedestrian 0.0 0 1.942910075187683 148.41090393066406 183.44580078125 164.27206420898438 210.11953735351562 0.7866262 1.7657335 0.66395545 -30.56258 2.4856503 48.56646 1.3812289237976074 0.38566306233406067
Pedestrian 0.0 0 -1.9287636280059814 1081.3724365234375 129.06353759765625 1107.377197265625 177.86782836914062 0.6915509 1.8962078 0.64912117 19.045687 0.19516176 28.44253 -1.338719129562378 0.16555552184581757
Pedestrian 0.0 0 0.3934556543827057 211.45762634277344 169.03158569335938 228.98074340820312 199.49781799316406 0.7760622 1.8713863 0.6213485 -24.158962 1.6369525 44.666355 -0.10235562175512314 0.14483213424682617
Pedestrian 0.0 0 0.16820454597473145 425.4822998046875 180.81805419921875 432.92913818359375 201.13186645507812 0.5326514 1.7545142 0.62891275 -15.78436 2.4529982 62.912945 -0.07761355489492416 0.13689151406288147
Pedestrian 0.0 0 -1.9157772064208984 792.042724609375 177.5664520263672 812.5112915039062 209.5975799560547 1.6711905 1.7959658 0.607728 11.031048 2.0734117 41.56455 -1.6563618183135986 0.10659880936145782
Cyclist 0.0 0 1.9326045513153076 148.61578369140625 183.3582000732422 164.3447723388672 210.2074432373047 0.8504273 1.7760367 0.63766783 -30.562382 2.490676 48.581497 1.3710658550262451 0.25338488817214966
Cyclist 0.0 0 -1.914043664932251 791.6849975585938 177.5170440673828 813.0284423828125 209.61859130859375 1.8048354 1.7957406 0.61354905 11.031146 2.0706375 41.55326 -1.654558777809143 0.2126782089471817
Cyclist 0.0 0 -1.7924189567565918 716.0586547851562 171.28074645996094 730.0362548828125 197.40652465820312 1.8343238 1.8561889 0.6084983 8.14175 1.74477 52.19667 -1.637683629989624 0.15819911658763885
Car 0.0 0 -1.64629328250885 585.918701171875 176.623046875 620.1505737304688 207.12144470214844 3.574634 1.6234224 1.6583232 -0.4685783 1.8461527 40.71504 -1.6578015089035034 0.8930281400680542
Car 0.0 0 -1.7402005195617676 426.7423400878906 181.0362548828125 450.96282958984375 198.66067504882812 3.437519 1.5721021 1.6633179 -16.178177 2.3656554 68.036644 -1.9736512899398804 0.22981855273246765
Car 0.0 0 -1.1771858930587769 285.34124755859375 173.41943359375 342.9986877441406 202.6172332763672 3.5356426 1.4617456 1.5710143 -15.531123 1.4932425 37.960545 -1.5655454397201538 0.22540992498397827
