Pedestrian 0.0 0 -1.985093593597412 791.271484375 160.40614318847656 851.4129028320312 266.0804443359375 0.908837 1.776368 0.70016265 3.6293128 1.5674791 12.623402 -1.7051376104354858 0.2972717881202698
Pedestrian 0.0 0 -3.578397274017334 962.2055053710938 111.6329574584961 1031.807373046875 235.04452514648438 0.7366223 1.8270296 0.6320829 5.8394475 0.9210488 11.013467 -3.0908749103546143 0.17206041514873505
Pedestrian 0.0 0 -2.225632905960083 1046.600830078125 176.63961791992188 1175.6190185546875 372.2460021972656 0.78209996 1.6001073 0.5669008 4.3030844 1.6357816 6.3219614 -1.628007411956787 0.14201346039772034
Pedestrian 0.0 0 1.158416986465454 892.5438232421875 151.6272430419922 987.3787231445312 307.89276123046875 0.88319033 1.6930636 0.68618625 3.6941917 1.4634396 8.259174 1.5790095329284668 0.13920339941978455
Cyclist 0.0 0 -2.291215181350708 1080.916748046875 158.60690307617188 1242.0 375.0 1.2980961 1.5953983 0.49056444 3.4734836 1.5228777 4.3478703 -1.6171494722366333 0.12561264634132385
Car 0.0 0 1.8373403549194336 356.69989013671875 189.12600708007812 495.00103759765625 274.8412170410156 4.371197 1.4406396 1.6924133 -3.7155519 1.8329339 15.169463 1.5971331596374512 0.9636833071708679
Car 0.0 0 1.8164316415786743 524.5042114257812 174.3416748046875 567.0909423828125 201.40150451660156 3.672477 1.436143 1.5313098 -3.5835335 1.523867 40.437405 1.7280433177947998 0.6829374432563782
Car 0.0 0 1.765791893005371 447.1376037597656 172.948974609375 521.4332275390625 233.10906982421875 4.0731945 1.789962 1.6221265 -4.0414977 1.7936882 23.528028 1.5956783294677734 0.3892643451690674
Car 0.0 0 1.7628626823425293 550.2120361328125 171.57301330566406 586.0755615234375 196.5589599609375 3.75307 1.5427471 1.6230385 -2.6865013 1.4640113 46.516678 1.7051732540130615 0.15221644937992096
Car 0.0 0 -1.2571792602539062 306.4678039550781 147.07403564453125 375.7225036621094 194.48886108398438 4.315825 2.095327 1.8189167 -12.634601 0.9564327 34.07674 -1.612235426902771 0.14807218313217163
