Pedestrian 0.0 0 -1.757236361503601 902.9208374023438 167.69386291503906 926.4527587890625 221.6454620361328 0.8525953 1.7495438 0.5672001 10.028483 1.5825688 23.87159 -1.3595223426818848 0.4208868741989136
Cyclist 0.0 0 -1.7591001987457275 902.5134887695312 167.51217651367188 926.7562866210938 221.9676055908203 0.9082848 1.7639508 0.5772025 10.027041 1.5912735 23.873907 -1.3614721298217773 0.1622730791568756
Car 0.0 0 1.9514683485031128 209.9506072998047 197.19271850585938 407.0514221191406 312.503173828125 3.653791 1.3755449 1.5370535 -4.485782 1.8155158 11.202834 1.5706043243408203 0.9508740305900574
Car 0.0 0 1.8603723049163818 341.3095397949219 187.86456298828125 470.5298156738281 270.7469787597656 3.974789 1.4997022 1.6310757 -4.3387833 1.8701636 15.783308 1.5921019315719604 0.9187076091766357
Car 0.0 0 2.189817428588867 0.0 192.7534942626953 294.9448547363281 375.0 4.2589245 1.442751 1.6933081 -4.590674 1.677107 6.346302 1.5635837316513062 0.8826340436935425
Car 0.0 0 1.6971791982650757 547.0709838867188 178.77694702148438 582.5833740234375 206.14328002929688 3.8482695 1.5026786 1.6140381 -2.6452672 1.8676441 42.4422 1.634933352470398 0.7999133467674255
Car 0.0 0 -1.730445384979248 728.0269165039062 167.57965087890625 822.8809204101562 240.708251953125 4.8501196 1.7853413 1.7777983 4.395945 1.6569331 20.083563 -1.5149610042572021 0.7113237380981445
Car 0.0 0 -1.6416903734207153 715.1078491210938 181.47659301757812 768.1069946289062 227.97189331054688 3.7094338 1.5223621 1.6222323 4.6769753 1.8597178 26.267477 -1.4654849767684937 0.6526519060134888
Car 0.0 0 -1.7897733449935913 700.0016479492188 177.76980590820312 752.5198974609375 212.28184509277344 3.565174 1.4290218 1.5667917 5.089244 1.661381 32.222237 -1.6331254243850708 0.46299973130226135
Car 0.0 0 -1.3062666654586792 10.503344535827637 161.6213836669922 179.02716064453125 246.86769104003906 4.6104374 1.6165088 1.8983439 -11.307821 1.403865 16.170105 -1.9165254831314087 0.26321426033973694
