Pedestrian 0.0 0 3.783822536468506 0.0 157.00732421875 34.89979934692383 245.08372497558594 0.7626852 1.795483 0.44301113 -12.5289755 1.472798 14.948432 3.0862505435943604 0.2954099178314209
Pedestrian 0.0 0 0.025253206491470337 315.4359436035156 182.12252807617188 326.0345458984375 210.39193725585938 0.6200539 1.7975173 0.60470676 -18.68143 2.4005733 46.524708 -0.35657820105552673 0.1373004913330078
Pedestrian 0.0 0 -1.1716187000274658 1040.5753173828125 92.99234008789062 1147.8248291015625 277.98992919921875 0.79472274 1.7136818 0.6274286 4.7495847 0.97426 7.1621866 -0.5860564708709717 0.13545429706573486
Pedestrian 0.0 0 2.1470894813537598 253.36875915527344 138.77976989746094 292.90118408203125 206.4773406982422 0.8957327 1.7810786 0.57180166 -9.125042 0.88496625 19.463354 1.7086858749389648 0.1129336878657341
Pedestrian 0.0 0 -3.156526803970337 1023.3749389648438 54.84524917602539 1139.5780029296875 316.6346435546875 0.6779555 1.7597643 0.602777 3.3729765 0.9668602 5.282036 -2.5882251262664795 0.10674818605184555
Pedestrian 0.0 0 0.2833394706249237 318.45196533203125 170.9589385986328 334.419677734375 199.07518005371094 0.8857791 1.915988 0.6076516 -19.484198 1.7872066 49.509705 -0.09158816188573837 0.10210590809583664
Cyclist 0.0 0 -1.860373616218567 612.4873657226562 184.95895385742188 650.591064453125 251.98497009277344 1.6584404 1.6789314 0.5607199 0.5077351 2.017112 19.26017 -1.8340177536010742 0.1955273300409317
Cyclist 0.0 0 -1.946388840675354 1041.6995849609375 92.82935333251953 1159.8734130859375 284.69757080078125 0.99342805 1.7415595 0.63439125 4.729767 1.0155455 7.0989094 -1.3586632013320923 0.11987043917179108
Car 0.0 0 0.259593665599823 15.93919849395752 189.47036743164062 395.77642822265625 312.3890686035156 4.592442 1.5190102 1.7455231 -5.6623 1.7963891 10.655489 -0.22885532677173615 0.9467423558235168
Car 0.0 0 1.6219046115875244 339.26251220703125 186.6189727783203 365.2283935546875 209.3401641845703 3.990291 1.5838003 1.6657383 -19.653498 2.675411 55.048603 1.2789888381958008 0.34082698822021484
Car 0.0 0 1.0923681259155273 709.8370361328125 145.29176330566406 793.3181762695312 191.1276092529297 3.9707775 1.7356712 1.6932331 5.643926 0.69232655 29.464182 1.2816276550292969 0.19939996302127838
Car 0.0 0 -0.4242827594280243 783.427734375 155.3778839111328 930.4071655273438 206.3264923095703 4.1362076 1.5633953 1.7006892 7.8251553 1.027486 23.1884 -0.09882289171218872 0.12220508605241776
