Car 0.0 0 2.165151596069336 0.0 204.38182067871094 226.57826232910156 363.0513000488281 3.8446586 1.4265649 1.6187763 -6.7241964 1.9147005 9.209985 1.5345096588134766 0.9319434762001038
Car 0.0 0 -1.57370924949646 590.9152221679688 174.56224060058594 644.408935546875 225.5633087158203 3.6430497 1.6019547 1.6895803 0.20584491 1.6649052 24.609346 -1.5653449296951294 0.9236017465591431
Car 0.0 0 -1.3226420879364014 905.5115966796875 167.97332763671875 1227.7476806640625 375.0 4.293789 1.4915406 1.6263522 4.6329594 1.4577186 7.1032457 -0.7446999549865723 0.9226908683776855
Car 0.0 0 1.9006736278533936 343.3979797363281 179.5912628173828 412.85272216796875 217.26571655273438 4.411112 1.6339209 1.8094822 -10.960178 1.9754257 34.309097 1.5914660692214966 0.8983815312385559
Car 0.0 0 1.8520982265472412 393.4764709472656 180.68173217773438 442.0718994140625 211.34442138671875 3.9457953 1.597781 1.6104145 -10.786559 2.0602255 40.601173 1.5924255847930908 0.7320911884307861
Car 0.0 0 -0.9094980359077454 728.2100219726562 176.9828338623047 938.7576904296875 264.11700439453125 4.1626835 1.4231834 1.6386627 4.304974 1.5132838 13.819465 -0.6075105667114258 0.620895504951477
Car 0.0 0 1.8308218717575073 426.31280517578125 180.2050323486328 467.94573974609375 205.50648498535156 4.263105 1.5479856 1.6363039 -10.706412 2.0549324 47.559746 1.6093980073928833 0.5924926400184631
Car 0.0 0 1.7006609439849854 480.1300048828125 178.8570098876953 504.6651306152344 196.34893798828125 4.116648 1.462065 1.6241945 -10.387766 2.0107358 63.819565 1.5393081903457642 0.4923476278781891
Car 0.0 0 -0.9618924856185913 708.7608032226562 173.5933837890625 826.18359375 230.98434448242188 3.6893368 1.5717919 1.6256875 4.733593 1.596239 21.655485 -0.7466909885406494 0.472675085067749
Car 0.0 0 -0.948365330696106 717.4266357421875 178.07261657714844 862.806396484375 244.2140350341797 3.6876085 1.4173511 1.5726765 4.3882184 1.5575073 17.53401 -0.7031335830688477 0.44984081387519836
