Car 0.0 0 1.9932430982589722 151.42213439941406 199.31723022460938 352.4641418457031 305.6854553222656 4.0008526 1.4006131 1.5830859 -5.9857907 1.9343231 12.520985 1.5473004579544067 0.9325714707374573
Car 0.0 0 -3.5593461990356445 862.0565795898438 148.45806884765625 1039.1124267578125 208.82009887695312 3.9518824 1.5388691 1.6191174 8.92916 0.9172774 19.234884 -3.124732494354248 0.9177528619766235
Car 0.0 0 1.8994781970977783 296.7749938964844 192.6566619873047 412.5145568847656 267.6545104980469 3.6058266 1.5055015 1.5128269 -6.0079823 2.028812 17.243904 1.5642188787460327 0.8739321231842041
Car 0.0 0 1.8358631134033203 375.156005859375 189.95013427734375 461.49786376953125 242.55621337890625 4.2380857 1.4410591 1.6289622 -6.1016855 2.043226 23.27044 1.5794283151626587 0.8580902814865112
Car 0.0 0 2.248758316040039 0.0 216.9189453125 202.4567108154297 375.0 3.6332767 1.4726307 1.5861615 -5.869639 2.018492 7.1030354 1.5581518411636353 0.8510022163391113
Car 0.0 0 -1.7260136604309082 671.2673950195312 174.76632690429688 736.143310546875 222.13412475585938 3.9464428 1.511834 1.6343745 3.139199 1.5842451 25.18559 -1.6020104885101318 0.8316563367843628
Car 0.0 0 1.8110853433609009 440.74267578125 187.7650604248047 500.65576171875 225.66705322265625 4.0794506 1.4234948 1.5844414 -5.9065027 2.1035101 30.808111 1.6216647624969482 0.7974454164505005
Car 0.0 0 2.6442596912384033 851.2504272460938 145.7725830078125 977.6754760742188 203.08653259277344 3.1644158 1.6523051 1.5195166 9.065478 0.87193257 21.715181 3.039736747741699 0.7882017493247986
Car 0.0 0 2.7563493251800537 811.3738403320312 152.56082153320312 930.6570434570312 204.10470581054688 3.3523233 1.6463107 1.6275847 8.549824 0.998505 23.926678 3.0995430946350098 0.7527211308479309
Car 0.0 0 -3.3394813537597656 772.2191772460938 159.90036010742188 887.5897827148438 204.82431030273438 3.840187 1.6026435 1.6163241 8.022791 1.1408858 26.722218 -3.04781436920166 0.7224178314208984
Car 0.0 0 -0.7037855386734009 1209.4375 133.07505798339844 1242.0 180.67843627929688 4.646591 1.5338334 1.7689466 23.234257 0.2524703 24.267864 0.05985689163208008 0.626107394695282
Car 0.0 0 -0.8398255705833435 1163.512451171875 131.81761169433594 1242.0 176.0318145751953 4.4224205 1.5861691 1.7549156 23.453243 0.11436107 27.02874 -0.12513647973537445 0.6115580201148987
