Pedestrian 0.0 0 1.779597282409668 851.7612915039062 174.91537475585938 866.130859375 205.19656372070312 0.60674 1.7178625 0.66904235 14.25857 1.8378005 41.42144 2.111124038696289 0.474258691072464
Pedestrian 0.0 0 -1.9226725101470947 1062.381591796875 144.16201782226562 1086.9769287109375 189.6836700439453 0.75355357 1.8969336 0.65361494 19.597565 0.7016676 30.503283 -1.3516061305999756 0.4048610031604767
Pedestrian 0.0 0 2.306201219558716 1028.4068603515625 116.40766906738281 1102.4952392578125 245.40859985351562 0.6850669 1.7421991 0.5644893 6.318644 0.9802309 10.106926 2.864929676055908 0.2027997076511383
Pedestrian 0.0 0 1.785433053970337 291.5274658203125 157.9276580810547 336.0764465332031 244.21705627441406 1.043562 1.8089042 0.69261694 -6.4776454 1.4963578 15.697554 1.394066572189331 0.11914333701133728
Cyclist 0.0 0 -0.8942363262176514 128.093505859375 183.1346435546875 211.83587646484375 271.53765869140625 1.7365855 1.7546105 0.5673935 -9.411003 1.9875684 15.424516 -1.442073106765747 0.1570497453212738
Cyclist 0.0 0 -0.728193461894989 514.6029052734375 165.67434692382812 540.611328125 192.90542602539062 1.8247792 1.8176113 0.5938164 -5.621041 1.3387442 49.036728 -0.8423244953155518 0.12253443151712418
Cyclist 0.0 0 1.7258942127227783 294.4617919921875 148.91488647460938 334.1548156738281 234.89016723632812 1.1734684 1.8018614 0.63152105 -6.4935927 1.3005058 15.763412 1.3351366519927979 0.10098956525325775
Car 0.0 0 -1.6674126386642456 738.90673828125 172.2282257080078 784.0760498046875 208.75794982910156 3.8267741 1.5999953 1.68408 6.9519625 1.5729448 33.593124 -1.4633471965789795 0.9368866086006165
Car 0.0 0 -2.0561723709106445 949.1297607421875 155.01316833496094 998.6952514648438 177.39569091796875 3.9445539 1.6443444 1.7266428 27.644697 0.33401513 54.99423 -1.590380311012268 0.19604957103729248
Car 0.0 0 -1.387270450592041 997.5381469726562 173.00137329101562 1033.15625 194.79263305664062 3.8253632 1.5328345 1.6006771 29.63694 1.5443732 52.759617 -0.8754620552062988 0.1645052582025528
Car 0.0 0 0.9655735492706299 401.2090759277344 168.52056884765625 453.4141845703125 191.05992126464844 4.067588 1.5855889 1.679163 -13.40328 1.2810997 52.724632 0.7166337966918945 0.12239833176136017
