Pedestrian 0.0 0 1.2577903270721436 699.9976806640625 163.0723419189453 727.8577270507812 224.241455078125 0.88815844 1.8133279 0.5891997 3.0972202 1.5237135 21.874908 1.3984432220458984 0.8251564502716064
Pedestrian 0.0 0 1.2699846029281616 669.8524780273438 165.5363311767578 698.2122802734375 227.9710693359375 0.86397076 1.8638189 0.6316085 2.2064567 1.6457279 22.023125 1.3698395490646362 0.7269037365913391
Pedestrian 0.0 0 -1.4042835235595703 410.6707763671875 167.61473083496094 438.2499694824219 231.74606323242188 0.8770222 1.6807812 0.58185977 -5.020728 1.5438265 19.369781 -1.6579060554504395 0.5261930823326111
Pedestrian 0.0 0 -1.5939209461212158 451.06463623046875 168.49093627929688 493.61322021484375 260.7052001953125 0.87206525 1.6507066 0.75321996 -2.6226835 1.5729624 13.419989 -1.7869194746017456 0.5121442675590515
Pedestrian 0.0 0 1.1707262992858887 655.8639526367188 174.5127716064453 673.8037719726562 205.75643920898438 0.88685954 1.7410332 0.7222386 3.0618837 1.836418 40.796925 1.2456376552581787 0.3842827081680298
Pedestrian 0.0 0 1.4453589916229248 769.0642700195312 167.48782348632812 782.9682006835938 200.39108276367188 0.86174345 1.7545769 0.62700266 8.918201 1.4687821 38.933445 1.670536994934082 0.2434520572423935
Pedestrian 0.0 0 1.9509557485580444 153.7660675048828 166.97894287109375 187.5025177001953 225.9036407470703 0.7586661 1.745354 0.63544333 -13.31069 1.5716925 21.79639 1.4027179479599 0.1896963268518448
Cyclist 0.0 0 2.0574588775634766 812.7423706054688 174.32400512695312 850.7236938476562 221.68206787109375 1.6021296 1.6242563 0.61040634 7.8254166 1.6783209 25.575577 2.3543856143951416 0.478778213262558
Cyclist 0.0 0 1.4453589916229248 769.0642700195312 167.48782348632812 782.9682006835938 200.39108276367188 0.86174345 1.7545769 0.62700266 8.918201 1.4687821 38.933445 1.670536994934082 0.11564526706933975
Car 0.0 0 -1.973132610321045 755.7478637695312 173.7857666015625 822.9586791992188 208.97169494628906 3.6824117 1.472093 1.5873398 7.8940077 1.516591 32.23284 -1.7329542636871338 0.24019142985343933
