Cyclist 0.0 0 -1.695204257965088 692.19873046875 185.108642578125 732.2108154296875 289.3334045410156 1.7758015 1.6312289 0.4401779 1.6889577 1.6306846 12.137951 -1.5569452047348022 0.3530273735523224
Cyclist 0.0 0 1.3681477308273315 613.4627075195312 176.3368682861328 627.0040283203125 202.9371337890625 1.6652713 1.7485397 0.5810221 0.80588686 1.1660316 48.121445 1.3848930597305298 0.27768006920814514
Car 0.0 0 -1.577155351638794 550.4046630859375 176.345703125 599.1593017578125 220.5482940673828 3.8077474 1.5935143 1.7591311 -1.3318933 1.2748805 27.859827 -1.624925971031189 0.9497556090354919
Car 0.0 0 -1.0929919481277466 82.86569213867188 189.5867156982422 284.9934387207031 274.01202392578125 4.2728305 1.3796922 1.60171 -8.080782 1.4799832 14.136163 -1.6122967004776 0.9426427483558655
Car 0.0 0 -1.3351550102233887 312.88818359375 179.05528259277344 470.56695556640625 291.4932556152344 3.7703497 1.5750759 1.6469157 -3.4431086 1.4899093 11.98588 -1.6148866415023804 0.9270379543304443
Car 0.0 0 -1.3827135562896729 407.7052307128906 184.46426391601562 485.7203674316406 239.02330017089844 3.3437457 1.3985355 1.5285254 -4.459861 1.3804047 20.117067 -1.6008803844451904 0.8579866886138916
Car 0.0 0 -1.2034434080123901 294.7033996582031 182.2954864501953 386.9470520019531 231.06163024902344 3.8166027 1.4792142 1.5828713 -8.729292 1.3917671 23.720896 -1.5560630559921265 0.73438960313797
Car 0.0 0 -1.1651642322540283 195.8135986328125 184.5081329345703 286.8194580078125 226.42527770996094 3.9742398 1.4622071 1.6156791 -13.729467 1.4386561 27.106436 -1.6340000629425049 0.4860210716724396
Car 0.0 0 -0.9197728633880615 0.0 157.90846252441406 139.6323699951172 244.49241638183594 4.2622027 1.6814955 1.7848002 -12.784712 1.1523088 16.10517 -1.5907381772994995 0.4123435616493225
Car 0.0 0 -1.9082967042922974 598.4260864257812 172.37420654296875 645.0939331054688 199.31057739257812 3.8553255 1.5487287 1.6251669 0.76876533 0.81152815 43.412804 -1.8905903100967407 0.3563281297683716
