Pedestrian 0.0 0 -1.1926627159118652 961.336669921875 159.5797882080078 1029.5401611328125 285.6173095703125 0.57559484 1.6970699 0.6842633 5.371554 1.5186931 10.159683 -0.7063096165657043 0.6440476179122925
Pedestrian 0.0 0 -0.13305224478244781 760.67578125 169.24501037597656 786.9793701171875 208.7144012451172 1.0690802 1.7262868 0.5482001 7.191926 1.5687973 31.875866 0.08885502815246582 0.5171338319778442
Pedestrian 0.0 0 -2.187237501144409 916.6359252929688 177.12625122070312 949.6532592773438 235.82830810546875 0.7520208 1.6920582 0.55531406 9.477553 1.8209381 21.279997 -1.7682374715805054 0.3913181722164154
Pedestrian 0.0 0 3.495492458343506 0.0 195.12490844726562 40.70415115356445 264.13580322265625 0.7808072 1.6896905 0.6021629 -15.1184435 2.269046 18.342928 2.806162118911743 0.33061447739601135
Pedestrian 0.0 0 2.703078031539917 676.863525390625 161.03726196289062 698.4144287109375 194.83258056640625 1.0777677 1.8785052 0.5366666 4.325497 1.2220327 40.53319 2.8093905448913574 0.30963894724845886
Pedestrian 0.0 0 -0.33423352241516113 1137.0850830078125 144.12010192871094 1174.3568115234375 198.21514892578125 0.9676746 1.9723879 0.5680097 20.160254 0.9250641 26.724455 0.3120615482330322 0.19601689279079437
Pedestrian 0.0 0 1.2091789245605469 104.13321685791016 189.60829162597656 119.88947296142578 216.4891357421875 0.66037333 1.7779127 0.68744314 -33.695744 2.921875 48.777103 0.6046469211578369 0.17463374137878418
Pedestrian 0.0 0 -0.858902096748352 867.3796997070312 145.4238739013672 889.6620483398438 194.72691345214844 0.5649835 1.8912814 0.58549047 10.402166 0.83941036 28.068459 -0.5039946436882019 0.17335699498653412
Cyclist 0.0 0 -1.9773086309432983 748.5081176757812 175.61537170410156 765.49853515625 203.4296112060547 1.5556587 1.7041205 0.4630864 9.163428 1.8804673 45.17375 -1.7771756649017334 0.1795613169670105
Car 0.0 0 -1.609514832496643 599.4088745117188 180.32351684570312 628.0714111328125 208.5477752685547 3.706391 1.6757293 1.6661406 0.16883789 2.1688244 45.713337 -1.6058214902877808 0.8466283679008484
Car 0.0 0 1.8369128704071045 434.4146423339844 187.00994873046875 470.10443115234375 208.84544372558594 3.9602787 1.519187 1.6683016 -11.967497 2.6350968 54.837395 1.6220457553863525 0.5984325408935547
Car 0.0 0 1.6778738498687744 489.6869812011719 184.71670532226562 514.7320556640625 204.8446502685547 3.8636453 1.4529085 1.5324317 -8.410581 2.412079 56.354446 1.529723048210144 0.20026443898677826
Car 0.0 0 1.878832221031189 205.1012420654297 184.31640625 246.01319885253906 206.1475372314453 3.9028375 1.5556037 1.6819836 -29.623222 2.4730754 55.656982 1.3897216320037842 0.16375301778316498
