Pedestrian 0.0 0 0.8954133987426758 125.60350036621094 182.11329650878906 160.4922332763672 238.46144104003906 0.7331168 1.868033 0.68745464 -15.899672 2.1885464 24.50407 0.3198411464691162 0.37726494669914246
Pedestrian 0.0 0 3.5452966690063477 16.9874210357666 161.5134735107422 68.96195983886719 238.4292449951172 0.7987279 1.7932961 0.61529726 -13.570327 1.5292491 17.221058 2.87791109085083 0.2515413463115692
Pedestrian 0.0 0 -2.252908945083618 1179.694580078125 128.78546142578125 1242.0 232.52110290527344 1.0819738 1.7524321 0.54218316 10.695596 1.008329 12.73178 -1.554207682609558 0.2163766771554947
Cyclist 0.0 0 1.9761252403259277 0.0 170.678955078125 109.88322448730469 375.0 1.6201813 1.582211 0.5505862 -4.2497106 1.5696414 5.1406193 1.2853190898895264 0.6956869959831238
Cyclist 0.0 0 -2.252908945083618 1179.694580078125 128.78546142578125 1242.0 232.52110290527344 1.0819738 1.7524321 0.54218316 10.695596 1.008329 12.73178 -1.554207682609558 0.11689763516187668
Car 0.0 0 -0.8549618721008301 897.9715576171875 176.6632843017578 1242.0 294.52642822265625 4.511574 1.4385719 1.6947283 6.5510445 1.5013262 10.357149 -0.29097726941108704 0.9548357129096985
Car 0.0 0 -1.7682603597640991 496.6064453125 190.77256774902344 576.4342651367188 244.69126892089844 4.0080276 1.349186 1.6013113 -2.3425195 1.9403195 21.634344 -1.8761179447174072 0.9461369514465332
Car 0.0 0 -0.6826397180557251 787.513916015625 180.98141479492188 984.41796875 260.840087890625 3.616765 1.4673688 1.5511032 5.5993686 1.6495146 14.828687 -0.3215881884098053 0.9211117625236511
Car 0.0 0 -1.6034308671951294 399.81158447265625 192.22633361816406 452.4959716796875 244.1296844482422 4.336033 1.5453714 1.645312 -6.614427 2.293013 25.518333 -1.857052206993103 0.8930431604385376
Car 0.0 0 -1.028639316558838 0.0 204.52957153320312 124.73353576660156 375.0 3.8341405 1.425541 1.6193236 -6.776299 1.8381338 7.346662 -1.7736738920211792 0.5639674663543701
