Pedestrian 0.0 0 2.2551116943359375 982.0916748046875 159.65577697753906 1016.38037109375 211.27247619628906 0.8903975 1.8044517 0.66109145 13.816541 1.3434172 25.697145 2.7484378814697266 0.44207316637039185
Cyclist 0.0 0 1.1049011945724487 982.5970458984375 159.86520385742188 1016.7044677734375 212.09132385253906 1.0883498 1.820085 0.6472099 13.820718 1.3677821 25.695797 1.5983754396438599 0.17468196153640747
Car 0.0 0 1.8943527936935425 579.3141479492188 179.36485290527344 708.784423828125 257.5079345703125 3.9657304 1.44047 1.6407664 0.83398724 1.6027956 15.801044 1.9470844268798828 0.9637370109558105
Car 0.0 0 -1.8840221166610718 1047.8428955078125 193.39169311523438 1242.0 374.2793884277344 3.3268483 1.40872 1.5224117 5.9843616 1.6845025 7.8518534 -1.2327845096588135 0.9485911726951599
Car 0.0 0 1.7610324621200562 719.8704223632812 173.08946228027344 785.46533203125 218.3867950439453 4.0533094 1.5588961 1.6740946 5.375597 1.5687959 27.044264 1.9572453498840332 0.9334222674369812
Car 0.0 0 -1.6917951107025146 958.4204711914062 179.5491180419922 1041.4505615234375 242.49732971191406 3.1901464 1.4310448 1.481416 9.865229 1.6196367 18.528524 -1.2025377750396729 0.8688887357711792
Car 0.0 0 3.206491231918335 0.0 175.51158142089844 392.2204284667969 375.0 3.967618 1.6586572 1.7416245 -4.3065925 1.6901768 6.7373886 2.637740135192871 0.8329879641532898
Car 0.0 0 -1.6359575986862183 938.3228759765625 174.70462036132812 988.7491455078125 213.1021270751953 4.0678897 1.4661888 1.6032104 14.555999 1.5489659 29.94556 -1.1835062503814697 0.6723436713218689
Car 0.0 0 1.6946816444396973 782.2434692382812 172.4899444580078 821.933837890625 203.70950317382812 3.9235644 1.5913762 1.5962796 10.361012 1.5731775 38.894638 1.9550225734710693 0.6326952576637268
Car 0.0 0 1.7605947256088257 755.311767578125 174.90359497070312 804.5115966796875 210.1635284423828 3.4619324 1.4624684 1.5010817 7.5464015 1.5591778 32.030174 1.9919779300689697 0.6147131323814392
Car 0.0 0 1.9858207702636719 816.387939453125 171.0736846923828 865.2542114257812 196.2125244140625 3.6320384 1.4907796 1.5490776 14.283457 1.3855618 44.659 2.29537296295166 0.5069245100021362
