Pedestrian 0.0 0 -1.6178075075149536 880.6602783203125 145.65853881835938 972.651611328125 311.37042236328125 0.9016924 1.605219 0.8275697 3.2872398 1.2694126 7.414108 -1.2004754543304443 0.8868813514709473
Pedestrian 0.0 0 1.606600046157837 712.4436645507812 153.95266723632812 737.625244140625 221.40208435058594 1.0098368 1.8336296 0.6612623 3.3312917 1.113514 19.77748 1.7734723091125488 0.8096126317977905
Pedestrian 0.0 0 1.5062929391860962 760.1759643554688 156.58746337890625 780.010986328125 203.94602966308594 0.7778923 1.7418573 0.67173415 6.1423 0.8638665 26.438929 1.734563946723938 0.5391685366630554
Pedestrian 0.0 0 2.408902168273926 721.5103759765625 152.28915405273438 757.8748779296875 210.51380920410156 0.98447794 1.8471788 0.6404334 4.342839 0.95373905 22.955378 2.5958783626556396 0.501595139503479
Pedestrian 0.0 0 -1.953119158744812 873.0205078125 140.13536071777344 944.7789306640625 260.21856689453125 0.8096518 1.7905508 0.7718032 4.641344 1.1903386 10.949705 -1.552198886871338 0.46600642800331116
Pedestrian 0.0 0 1.810888648033142 701.1799926757812 158.6090087890625 727.26025390625 213.84451293945312 1.0889043 1.826708 0.6362613 3.6863158 1.1042864 24.002775 1.963276743888855 0.4590826630592346
Pedestrian 0.0 0 2.4154748916625977 1039.633544921875 135.22900390625 1093.0185546875 229.041015625 0.6193893 1.7146053 0.56332195 8.591671 0.8888253 13.242718 2.990995168685913 0.25303083658218384
Pedestrian 0.0 0 -1.2148001194000244 353.94708251953125 161.7589874267578 383.4085998535156 218.54563903808594 1.0779003 1.7589756 0.5478496 -7.523401 1.180025 22.44357 -1.5382423400878906 0.21609702706336975
Pedestrian 0.0 0 -1.3340082168579102 393.4302673339844 186.90045166015625 430.00274658203125 261.34515380859375 0.92996687 1.6165241 0.5946888 -4.3764634 1.7664357 15.903831 -1.6025445461273193 0.21500448882579803
Pedestrian 0.0 0 -1.748564600944519 905.6703491210938 150.06227111816406 927.5863037109375 199.4199981689453 0.59816325 1.8112322 0.64946324 11.565236 0.6958059 26.307747 -1.3343816995620728 0.1917661428451538
Cyclist 0.0 0 -0.9143860936164856 569.8348999023438 164.95127868652344 620.1303100585938 223.19873046875 1.8562498 1.7714634 0.58575094 -0.32879904 1.3001436 22.417109 -0.9290523529052734 0.7256444692611694
Cyclist 0.0 0 1.7503602504730225 701.3619384765625 157.04653930664062 725.8106689453125 213.05130004882812 1.2289102 1.857552 0.61737067 3.6854196 1.0811942 24.1277 1.90193510055542 0.24927759170532227
Cyclist 0.0 0 -2.137094497680664 915.6342163085938 153.736083984375 945.404296875 186.0420379638672 2.023124 1.8429209 0.585479 19.022186 0.31753376 41.371056 -1.7061253786087036 0.20478148758411407
Cyclist 0.0 0 -1.675905704498291 858.689697265625 167.8983917236328 889.3798828125 241.30406188964844 1.3441522 1.6210952 0.51897186 6.158981 1.3444147 16.325388 -1.3151516914367676 0.18678611516952515
Cyclist 0.0 0 -1.3340082168579102 393.4302673339844 186.90045166015625 430.00274658203125 261.34515380859375 0.92996687 1.6165241 0.5946888 -4.3764634 1.7664357 15.903831 -1.6025445461273193 0.1445489525794983
Cyclist 0.0 0 -1.9491652250289917 872.390625 139.86526489257812 948.4627685546875 260.4948425292969 0.911245 1.7836136 0.7939878 4.645591 1.184456 10.914396 -1.5467536449432373 0.13708463311195374
Cyclist 0.0 0 -1.2148001194000244 353.94708251953125 161.7589874267578 383.4085998535156 218.54563903808594 1.0779003 1.7589756 0.5478496 -7.523401 1.180025 22.44357 -1.5382423400878906 0.11490900069475174
Car 0.0 0 0.8353277444839478 1039.500732421875 160.16989135742188 1188.3759765625 211.99252319335938 3.9259179 1.5777384 1.8642606 16.753084 0.96034753 23.57999 1.4530519247055054 0.2915132939815521
