Pedestrian 0.0 0 1.1170200109481812 841.6549682617188 130.52317810058594 920.58544921875 259.4103088378906 0.847507 1.7593862 0.75772524 3.799139 1.181903 10.306336 1.4701870679855347 0.42998912930488586
Car 0.0 0 2.328629970550537 38.63688659667969 187.03533935546875 235.22866821289062 267.31500244140625 3.731461 1.5259218 1.5977545 -10.569512 1.8874546 16.392698 1.7559404373168945 0.9493390917778015
Car 0.0 0 -1.5648034811019897 648.2084350585938 174.23280334472656 686.3388061523438 209.65921020507812 3.6485832 1.53968 1.6633646 2.617454 1.6074581 33.390987 -1.4865753650665283 0.9296467304229736
Car 0.0 0 -1.4590754508972168 601.4398803710938 173.50814819335938 639.627197265625 201.82241821289062 4.494111 1.5329208 1.7065592 0.6276059 1.5730295 41.505882 -1.443955659866333 0.8151995539665222
Car 0.0 0 -1.574704647064209 663.4895629882812 170.89749145507812 691.8972778320312 198.56195068359375 3.8770316 1.6080214 1.6467894 4.077526 1.4946556 43.94109 -1.4821743965148926 0.6436718106269836
Car 0.0 0 2.2913293838500977 0.0 192.42819213867188 65.56546783447266 335.51190185546875 3.9083936 1.4683548 1.601704 -9.754602 1.7926661 9.943257 1.5155082941055298 0.6119234561920166
Car 0.0 0 -0.4855530560016632 890.5675659179688 159.81036376953125 974.7293090820312 190.98878479003906 3.6700568 1.5820113 1.6086636 16.708364 0.92052776 37.533398 -0.06673142313957214 0.5484955906867981
Car 0.0 0 -0.988432765007019 1154.2132568359375 138.64047241210938 1242.0 195.0430908203125 4.4009247 1.5505433 1.7125038 18.507809 0.61035 21.248463 -0.27186205983161926 0.4525285065174103
Car 0.0 0 -0.7193672060966492 1036.034912109375 146.2315673828125 1171.507080078125 188.1093292236328 4.015076 1.4708487 1.6273636 17.965233 0.5361621 26.390759 -0.12168505042791367 0.43134021759033203
Car 0.0 0 2.4742391109466553 921.7352294921875 154.80873107910156 1014.08935546875 188.23794555664062 3.733143 1.5386723 1.6367829 16.997244 0.70844656 34.39484 2.9332199096679688 0.40662914514541626
