Pedestrian 0.0 0 3.1405842304229736 471.33349609375 169.6479949951172 486.49322509765625 191.5093231201172 1.2883638 1.883281 0.559283 -10.91144 0.9496081 61.293747 2.9644110202789307 0.32061901688575745
Pedestrian 0.0 0 -2.300288200378418 1074.4888916015625 21.838958740234375 1224.0 370.0 0.93705446 1.6903583 0.61238104 3.0914774 0.94930553 3.7869015 -1.6156506538391113 0.261312335729599
Pedestrian 0.0 0 -0.3571476936340332 857.1952514648438 154.9112091064453 949.4478149414062 292.6028137207031 0.9901878 1.778975 0.58935446 3.917542 1.4500428 9.442461 0.03612494468688965 0.19906339049339294
Pedestrian 0.0 0 3.2591047286987305 505.3503723144531 168.3064422607422 521.5162963867188 189.73143005371094 1.3741249 1.9067366 0.5942065 -8.163345 0.8227322 63.224148 3.130697727203369 0.19472165405750275
Pedestrian 0.0 0 -2.151613235473633 86.6326675415039 194.74856567382812 122.20230865478516 253.23312377929688 0.7249628 1.6835302 0.55211425 -14.849515 2.114751 20.926716 -2.7687504291534424 0.14640246331691742
Pedestrian 0.0 0 3.0523762702941895 612.1480712890625 163.59054565429688 631.9451293945312 184.83602905273438 1.7102609 1.8718168 0.5501166 1.527665 0.3832008 62.618927 3.076767683029175 0.14290940761566162
Pedestrian 0.0 0 1.4138047695159912 775.911865234375 134.78643798828125 810.7488403320312 219.74583435058594 1.6131579 1.7442012 0.47650647 4.025593 0.8073345 15.336905 1.6704920530319214 0.10198706388473511
Cyclist 0.0 0 -0.06629174202680588 576.3507080078125 162.8334197998047 599.3131103515625 184.23648071289062 1.9516952 1.8426436 0.6251302 -1.4722223 0.32287496 61.26598 -0.09031713008880615 0.5944008231163025
Cyclist 0.0 0 -0.8698177933692932 419.0721130371094 171.4367218017578 444.44610595703125 198.95042419433594 1.7803122 1.7678343 0.614074 -11.348393 1.1868285 46.358765 -1.109891653060913 0.47644850611686707
Cyclist 0.0 0 1.4166408777236938 775.3280029296875 134.35546875 811.3020629882812 220.4684600830078 1.7647036 1.7582572 0.48028257 4.021842 0.8177023 15.333838 1.6731483936309814 0.198522686958313
Cyclist 0.0 0 3.1405842304229736 471.33349609375 169.6479949951172 486.49322509765625 191.5093231201172 1.2883638 1.883281 0.559283 -10.91144 0.9496081 61.293747 2.9644110202789307 0.17030730843544006
Cyclist 0.0 0 -2.300288200378418 1074.4888916015625 21.838958740234375 1224.0 370.0 0.93705446 1.6903583 0.61238104 3.0914774 0.94930553 3.7869015 -1.6156506538391113 0.1463281512260437
Car 0.0 0 0.7000803351402283 2.8852121829986572 161.02996826171875 97.81543731689453 197.66184997558594 3.3308523 1.7173734 1.6272856 -26.652842 0.8060307 34.014996 0.03544354438781738 0.3871169686317444
Car 0.0 0 -1.634462833404541 545.5938720703125 165.2305145263672 569.3860473632812 184.97100830078125 3.8064275 1.5153195 1.6445706 -3.7982712 0.34445727 56.26387 -1.7018687725067139 0.3443129062652588
Car 0.0 0 -1.5357866287231445 722.8599243164062 159.97288513183594 742.9845581054688 177.24452209472656 3.8881326 1.4822768 1.6461442 11.54227 -0.30095583 63.533527 -1.356074571609497 0.19325779378414154
Car 0.0 0 1.6945812702178955 215.224609375 180.2524871826172 241.63165283203125 198.20223999023438 3.8558545 1.5794693 1.6588455 -34.190628 1.5588688 64.30804 1.2059201002120972 0.14892537891864777
