Pedestrian 0.0 0 -0.6590148210525513 980.7045288085938 169.59219360351562 1028.2142333984375 229.01173400878906 1.0261241 1.8961072 0.89617234 12.816719 1.7923793 23.546223 -0.16054163873195648 0.36313214898109436
Pedestrian 0.0 0 -1.5616978406906128 887.2887573242188 158.60733032226562 901.294189453125 206.47251892089844 1.6415218 2.1515038 0.58759135 13.088129 1.511485 33.30089 -1.1872175931930542 0.11560948938131332
Cyclist 0.0 0 -1.5626440048217773 890.3546142578125 157.9686737060547 903.8456420898438 207.33499145507812 1.6242958 2.2228036 0.56616575 13.234389 1.552924 33.344696 -1.1848160028457642 0.3625370264053345
Cyclist 0.0 0 2.3568482398986816 981.4288940429688 167.41981506347656 1034.1650390625 227.0580596923828 1.3730066 1.8857558 0.7421042 12.82867 1.7142855 23.359943 2.8590569496154785 0.1964743435382843
Cyclist 0.0 0 -0.4962659180164337 703.059326171875 168.4635467529297 725.8946533203125 190.62945556640625 1.8951039 1.8923397 0.59228593 8.985942 1.517877 62.201397 -0.35279324650764465 0.19038031995296478
Car 0.0 0 -1.5550273656845093 578.5094604492188 170.2623291015625 632.7139892578125 223.6560821533203 4.3019443 1.6200432 1.6453552 -0.16037266 1.5417663 24.048113 -1.5616960525512695 0.9365388751029968
Car 0.0 0 2.2285242080688477 1.6477123498916626 171.9444122314453 125.48209381103516 216.77162170410156 4.188625 1.6667699 1.7607813 -21.775309 1.6333072 28.930708 1.5833157300949097 0.7168059945106506
Car 0.0 0 2.103893518447876 90.57953643798828 163.7128143310547 165.0175323486328 199.01315307617188 4.083313 1.9365695 1.7394075 -27.7745 1.4354436 41.666927 1.5159482955932617 0.5039807558059692
Car 0.0 0 2.1056792736053467 330.66607666015625 173.28662109375 374.9335021972656 191.7086181640625 4.183008 1.4959102 1.6133705 -21.673515 1.5341061 60.898926 1.7637640237808228 0.34199953079223633
Car 0.0 0 -2.0552618503570557 687.978271484375 167.20274353027344 725.2933349609375 185.86334228515625 3.8179104 1.5945354 1.6777381 8.476427 1.111996 63.733337 -1.923039436340332 0.21729573607444763
Car 0.0 0 -0.8186959624290466 0.0 176.95077514648438 28.759056091308594 228.0506591796875 3.6862352 1.5381474 1.5665824 -21.564072 1.6845937 23.870281 -1.5533784627914429 0.21059159934520721
