Pedestrian 0.0 0 1.0238738059997559 582.2884521484375 134.5923309326172 639.7684936523438 239.5400390625 0.91564417 1.8012978 0.647889 0.055134065 1.014996 12.689984 1.0282185077667236 0.764989972114563
Pedestrian 0.0 0 -1.9918091297149658 699.68798828125 173.98350524902344 783.99072265625 345.7085876464844 0.72997093 1.5126503 0.5196102 1.2166281 1.4569515 6.639348 -1.8105747699737549 0.6850106716156006
Pedestrian 0.0 0 1.2418556213378906 566.1829833984375 135.73338317871094 607.3646850585938 227.7389373779297 0.87224686 1.7177117 0.5419194 -0.40503705 0.8835715 13.698853 1.212296962738037 0.6793183088302612
Pedestrian 0.0 0 -1.7040307521820068 625.7252197265625 145.0742950439453 658.4199829101562 218.8046112060547 0.7883576 1.6644415 0.6545922 0.8113053 0.8663271 16.376635 -1.6545307636260986 0.6637844443321228
Pedestrian 0.0 0 1.2240116596221924 759.2525634765625 167.82955932617188 861.6629638671875 346.0846252441406 0.88088936 1.6420813 0.7061115 1.9466481 1.5270609 6.973866 1.4962178468704224 0.6523751020431519
Pedestrian 0.0 0 1.3028693199157715 534.89453125 138.8202667236328 582.5318603515625 242.85316467285156 0.929227 1.7709208 0.6174676 -0.8787643 1.0630668 12.57157 1.2330819368362427 0.6340957283973694
Pedestrian 0.0 0 0.9610680341720581 425.8458251953125 142.51046752929688 459.0685119628906 205.3004608154297 0.8795044 1.7842964 0.5343459 -4.7682366 0.706324 20.580019 0.7333927154541016 0.6334110498428345
Pedestrian 0.0 0 -1.648529291152954 644.4515380859375 138.29273986816406 666.430908203125 201.3843231201172 0.746979 1.8868451 0.6089676 1.4970721 0.62613827 21.51635 -1.5790629386901855 0.5982255339622498
Pedestrian 0.0 0 1.0945868492126465 456.2221374511719 154.67288208007812 485.325927734375 211.1918182373047 0.8090823 1.655631 0.5459549 -4.0603433 0.90063363 21.193655 0.9052975177764893 0.4267534017562866
Pedestrian 0.0 0 1.2368305921554565 479.4621887207031 147.14617919921875 506.5055847167969 205.88011169433594 0.795523 1.7270398 0.573137 -3.407702 0.7478542 21.271442 1.077979564666748 0.406137079000473
Pedestrian 0.0 0 -1.8490021228790283 269.7033996582031 138.97410583496094 328.5638427734375 247.86036682128906 0.64843124 1.7116457 0.7348489 -5.063501 1.0605327 11.593461 -2.260787010192871 0.40067964792251587
Pedestrian 0.0 0 0.781201958656311 234.00164794921875 139.36111450195312 290.2672119140625 246.172119140625 0.53042555 1.7595757 0.6928214 -5.883809 1.0835161 12.056025 0.32716894149780273 0.3824465870857239
Cyclist 0.0 0 0.749306321144104 480.6624755859375 141.7952423095703 523.3585205078125 193.5132598876953 1.4674655 1.7645433 0.5952057 -3.6436226 0.4455275 24.779892 0.6033129692077637 0.3071760833263397
Cyclist 0.0 0 -2.0077102184295654 694.7035522460938 170.138427734375 787.0202026367188 343.31964111328125 0.84205145 1.5084105 0.5383876 1.2008302 1.4198638 6.6291585 -1.82850980758667 0.18553736805915833
