Pedestrian 0.0 0 1.3758927583694458 934.2078247070312 151.15582275390625 954.5020751953125 195.6680908203125 0.6319186 1.9217775 0.69467604 14.569641 0.9853362 31.537914 1.8086581230163574 0.6113590598106384
Car 0.0 0 -1.7646719217300415 734.7353515625 190.0019073486328 840.9641723632812 265.41162109375 4.252767 1.4808214 1.6387892 4.057234 1.9436271 17.300955 -1.534325122833252 0.9575745463371277
Car 0.0 0 1.2527618408203125 790.8271484375 191.33132934570312 1000.5397338867188 313.6637878417969 4.442858 1.4290731 1.652213 4.1155796 1.7776341 11.349465 1.6006377935409546 0.9354203939437866
Car 0.0 0 -1.7281605005264282 724.9856567382812 183.93316650390625 793.2169799804688 238.98379516601562 3.201422 1.5396999 1.5814401 4.5198536 1.9101299 22.46654 -1.529629111289978 0.905229926109314
Car 0.0 0 -1.7354469299316406 702.1099243164062 183.68096923828125 754.7355346679688 223.68167114257812 3.4216957 1.4708767 1.547028 4.684145 1.9347568 29.172562 -1.5762391090393066 0.8236686587333679
Car 0.0 0 1.6446595191955566 553.7567138671875 178.5827178955078 595.1029052734375 212.63717651367188 4.088792 1.5319108 1.7188851 -1.716573 1.8282834 35.215263 1.5959529876708984 0.758743405342102
Car 0.0 0 1.7460353374481201 408.2154541015625 158.72630310058594 541.8519287109375 277.26629638671875 4.3127875 1.8714142 1.7017193 -2.386189 1.6487353 13.545442 1.5716626644134521 0.7234312891960144
Car 0.0 0 0.5800057649612427 970.7969970703125 177.75038146972656 1242.0 375.0 3.9930425 1.545288 1.6462399 3.69794 1.5829928 3.3970988 1.4077801704406738 0.665418267250061
Car 0.0 0 -1.7006648778915405 688.696044921875 181.35675048828125 733.5735473632812 217.26808166503906 3.5914595 1.5452708 1.612903 4.6285567 1.9640021 33.69905 -1.56416916847229 0.6520777344703674
Car 0.0 0 1.7192301750183105 479.4376525878906 181.7814483642578 561.0735473632812 249.6070098876953 3.7396176 1.5618008 1.5902895 -2.3073895 1.8206829 19.000748 1.5983850955963135 0.6282097101211548
Car 0.0 0 2.501284122467041 0.0 193.50758361816406 229.21920776367188 375.0 3.6932843 1.5038244 1.5584188 -2.9346516 1.6188114 2.148811 1.5625123977661133 0.5299155712127686
