Pedestrian 0.0 0 0.5836066603660583 763.3904418945312 159.83889770507812 807.1004638671875 229.6766815185547 1.0290059 1.8805364 0.57259065 4.9588256 1.3257726 19.606945 0.8313238620758057 0.628777265548706
Pedestrian 0.0 0 2.5311546325683594 751.6900634765625 135.9788360595703 784.1974487304688 193.6483154296875 0.86642164 1.9050899 0.6216783 5.454274 0.4358913 23.80297 2.756408452987671 0.3526619076728821
Pedestrian 0.0 0 -2.304868221282959 744.7432861328125 162.37033081054688 791.6680297851562 232.21128845214844 1.2399682 1.8440534 0.5632408 4.417129 1.3669499 19.342274 -2.0803518295288086 0.2947619557380676
Pedestrian 0.0 0 -0.3361239433288574 977.3577880859375 123.60578918457031 1026.15478515625 222.47906494140625 0.65310323 1.8174001 0.5575097 7.423781 0.77326053 13.321974 0.17227482795715332 0.26466286182403564
Pedestrian 0.0 0 0.7410767674446106 1191.019775390625 180.5026397705078 1224.0 224.42880249023438 1.5387467 1.7803438 0.61994106 25.395327 1.781943 29.45255 1.4526370763778687 0.14303694665431976
Cyclist 0.0 0 0.9103921055793762 1187.887451171875 174.2241668701172 1224.0 217.77410888671875 1.611125 1.7791544 0.5935575 25.400297 1.5242566 29.69891 1.6179320812225342 0.3637409210205078
Cyclist 0.0 0 2.6961922645568848 750.105224609375 136.45578002929688 783.9141845703125 194.05592346191406 0.9384446 1.9065287 0.6077777 5.419808 0.45023346 23.797455 2.9201202392578125 0.1075824499130249
Car 0.0 0 1.5273679494857788 248.0833282470703 166.5238037109375 328.0720520019531 235.36476135253906 3.717953 1.4492855 1.560716 -7.685577 1.1566705 16.891045 1.1003563404083252 0.9107774496078491
Car 0.0 0 1.6558911800384521 280.0541076660156 168.12832641601562 338.2394714355469 212.36233520507812 4.287558 1.4946743 1.6256491 -10.887154 1.0781702 26.17577 1.2617323398590088 0.9058939814567566
Car 0.0 0 2.4070682525634766 1024.0955810546875 166.8420867919922 1221.1558837890625 230.4923858642578 4.581082 1.7461268 1.8305327 14.917938 1.3730264 20.545141 3.0351006984710693 0.46470019221305847
