Car 0.0 0 1.9901423454284668 183.1502685546875 193.67518615722656 340.49407958984375 278.8686828613281 3.5185359 1.4543264 1.6296704 -7.077393 1.9377544 14.960385 1.5482653379440308 0.9484684467315674
Car 0.0 0 2.1815850734710693 0.0 197.44998168945312 209.5148468017578 288.9734802246094 4.1893153 1.4953165 1.6444906 -10.378764 2.0791287 15.013724 1.5767320394515991 0.9456970691680908
Car 0.0 0 -1.631807804107666 596.3125 181.43017578125 699.3026123046875 282.2292175292969 3.5138168 1.5646292 1.6342324 0.51982874 1.7438774 13.27344 -1.5926647186279297 0.9438463449478149
Car 0.0 0 1.783971905708313 500.48468017578125 183.79762268066406 542.7236328125 210.6531219482422 4.270239 1.5033213 1.7150334 -5.4112945 2.210417 44.389305 1.6626651287078857 0.8634990453720093
Car 0.0 0 1.8941631317138672 346.2962951660156 186.01934814453125 417.35260009765625 224.4477996826172 4.399858 1.4663328 1.6168407 -9.820159 2.0775645 31.261814 1.5897973775863647 0.8292083740234375
Car 0.0 0 2.145662307739258 219.76031494140625 184.0190887451172 301.0487976074219 221.35240173339844 3.303294 1.4084666 1.4818074 -14.483935 1.8996432 29.98504 1.6956754922866821 0.7794228196144104
Car 0.0 0 -1.1289052963256836 727.8286743164062 172.50527954101562 847.2481689453125 233.46817016601562 4.079908 1.5559103 1.7168248 5.0920258 1.5473683 20.535427 -0.8858447670936584 0.6522965431213379
Car 0.0 0 1.990243911743164 450.041015625 183.09300231933594 500.49578857421875 208.78948974609375 4.0559597 1.5640931 1.7921237 -8.90166 2.2742445 47.835007 1.8062574863433838 0.6470978856086731
Car 0.0 0 -0.9241074323654175 191.2800750732422 184.85870361328125 267.19195556640625 214.19659423828125 4.03842 1.4673334 1.6075605 -21.018112 2.1676352 39.94453 -1.4084810018539429 0.5227001905441284
Car 0.0 0 1.8217833042144775 395.49822998046875 179.49375915527344 447.94769287109375 217.19888305664062 4.1612554 1.8244035 1.6716708 -9.806176 2.1911294 37.726788 1.5674844980239868 0.5007736682891846
Car 0.0 0 1.8541524410247803 525.6468505859375 177.66534423828125 556.8034057617188 196.0242156982422 4.230435 1.4945718 1.5509486 -5.9020247 1.9240315 62.12503 1.7594343423843384 0.49722787737846375
Car 0.0 0 -0.9766648411750793 671.51513671875 179.53192138671875 741.1381225585938 210.2660675048828 4.0894165 1.4917235 1.6223778 5.082201 1.8627722 37.98298 -0.8436527848243713 0.4889148771762848
Car 0.0 0 -1.0599117279052734 692.4385375976562 177.91256713867188 762.9815673828125 216.39324951171875 3.4372642 1.5478237 1.5395582 5.1120195 1.7805897 31.323353 -0.8981363773345947 0.4754374027252197
