Car 0.0 0 -0.48574575781822205 833.1417236328125 192.30914306640625 1055.211669921875 267.44049072265625 3.8676534 1.4042051 1.5606042 6.722781 1.8289897 14.842375 -0.06044537574052811 0.9506586194038391
Car 0.0 0 3.6574182510375977 0.0 181.6031951904297 309.97808837890625 296.9170227050781 3.8272069 1.3692641 1.5098007 -6.2604475 1.4963309 9.57225 3.0782217979431152 0.9295220971107483
Car 0.0 0 3.5549464225769043 90.12628173828125 185.76953125 399.03863525390625 283.1110534667969 4.2979584 1.4647105 1.6339991 -5.941457 1.69651 12.012034 3.0956077575683594 0.8988178968429565
Car 0.0 0 -0.36847391724586487 800.8494873046875 185.32638549804688 975.1829223632812 257.0644226074219 3.5183396 1.5950596 1.6159632 6.463187 1.9060977 17.148243 -0.008037812076508999 0.8979583978652954
Car 0.0 0 -0.2443688064813614 712.8126220703125 184.87142944335938 823.89111328125 229.42649841308594 3.760358 1.5784156 1.6282367 5.803545 2.041458 26.90356 -0.03190779685974121 0.8855652213096619
Car 0.0 0 -3.8000991344451904 964.5635986328125 181.7321319580078 1242.0 369.11505126953125 4.2695923 1.6269946 1.7208394 6.0923047 1.728666 7.2911935 -3.1040420532226562 0.8774834275245667
Car 0.0 0 0.38856419920921326 271.360107421875 180.71534729003906 457.8964538574219 254.89627075195312 3.7723515 1.6025318 1.5587348 -5.63439 1.7943096 16.67043 0.06263113021850586 0.8405537009239197
Car 0.0 0 -1.6289911270141602 642.5341796875 183.31317138671875 674.8065795898438 209.7876434326172 3.9122503 1.3853571 1.6072369 2.7052095 2.0123725 41.266014 -1.563529372215271 0.8397108316421509
Car 0.0 0 0.10164204239845276 435.5735778808594 180.28683471679688 527.4116821289062 213.50546264648438 4.23952 1.5456133 1.6396402 -6.2069054 1.9163738 34.979565 -0.07397377490997314 0.748077392578125
Car 0.0 0 3.380194664001465 319.372314453125 172.36526489257812 472.5176696777344 229.45169067382812 4.125029 1.6382321 1.6691885 -6.367002 1.6245646 21.635311 3.093986749649048 0.6742931604385376
