Pedestrian 0.0 0 2.69808292388916 813.3060913085938 166.75546264648438 921.3960571289062 317.2812194824219 0.98630047 1.6420212 0.61293185 2.9639716 1.4825358 8.185767 3.0454862117767334 0.8745465874671936
Pedestrian 0.0 0 0.03440582752227783 364.2823486328125 190.71470642089844 497.60107421875 374.0 1.033772 1.5044796 0.9813848 -1.4983408 1.5929029 6.198579 -0.20276793837547302 0.695698082447052
Pedestrian 0.0 0 -1.32307767868042 1141.9227294921875 161.42173767089844 1238.0 363.8172912597656 0.68412644 1.6211559 0.62718123 5.120277 1.461724 6.2063437 -0.6332734823226929 0.32894471287727356
Pedestrian 0.0 0 -1.5531048774719238 1094.774658203125 207.601318359375 1238.0 374.0 0.575464 1.6403103 0.5715017 2.225825 1.7571656 2.7698812 -0.8761840462684631 0.1647452563047409
Pedestrian 0.0 0 -0.8188313841819763 131.01626586914062 166.84996032714844 175.21035766601562 219.71478271484375 1.0106323 1.9280229 0.970466 -16.726814 1.3947684 26.784922 -1.377061128616333 0.11951292306184769
Pedestrian 0.0 0 -2.454195737838745 245.74893188476562 152.13230895996094 303.929931640625 218.9455108642578 1.258189 1.7610301 0.727507 -8.865269 0.98813856 19.44397 -2.8819777965545654 0.10506535321474075
Cyclist 0.0 0 -1.4793727397918701 254.693603515625 152.81568908691406 288.6939697265625 219.68338012695312 1.7311001 1.7259094 0.68560946 -8.947328 0.9867189 19.46849 -1.910164713859558 0.1483875960111618
Cyclist 0.0 0 -1.7796865701675415 1036.598388671875 40.24761199951172 1238.0 374.0 1.5912105 1.6756535 0.6415593 2.779226 1.0861219 3.8601487 -1.155677318572998 0.12052891403436661
Cyclist 0.0 0 -1.8082516193389893 1140.5823974609375 173.21438598632812 1238.0 363.09442138671875 0.7860853 1.5451156 0.5167463 5.1017256 1.4790831 6.3085356 -1.1282269954681396 0.11648733168840408
Car 0.0 0 2.350327253341675 1035.267822265625 148.46133422851562 1155.6339111328125 192.95960998535156 3.7671564 1.649278 1.6751391 19.062317 0.425775 27.800236 2.9513838291168213 0.27985677123069763
