Pedestrian 0.0 0 1.8153119087219238 920.6029052734375 116.48651885986328 972.2551879882812 226.1584014892578 0.6122491 1.7676877 0.6561851 5.5783553 0.85951644 12.071144 2.248201608657837 0.5276209115982056
Car 0.0 0 -0.557929515838623 867.7273559570312 183.20716857910156 1222.947021484375 307.7767639160156 3.9129224 1.5304841 1.6243544 5.727037 1.6852655 9.883596 -0.03275837004184723 0.9509437084197998
Car 0.0 0 -1.697750449180603 651.3876953125 183.49887084960938 713.8885498046875 227.87939453125 3.9738004 1.3235568 1.5988839 2.3361046 1.714958 24.491842 -1.6026551723480225 0.9388185739517212
Car 0.0 0 0.3280715048313141 254.65380859375 181.05154418945312 448.98486328125 246.56649780273438 4.279678 1.5439018 1.6445574 -6.3984017 1.7591381 18.061857 -0.012383932247757912 0.9287253022193909
Car 0.0 0 3.6965813636779785 0.0 195.0528564453125 302.87518310546875 314.27337646484375 3.5646715 1.4338925 1.4845465 -6.298862 1.7578864 9.740442 3.1225500106811523 0.8740050792694092
Car 0.0 0 3.8367671966552734 0.0 202.2943115234375 195.1857147216797 372.91656494140625 3.7598906 1.4405172 1.5614383 -6.5586586 1.771408 7.2413864 3.100801467895508 0.8444976806640625
Car 0.0 0 1.6503132581710815 551.182861328125 177.05824279785156 578.5403442382812 199.3599090576172 3.7168477 1.4224577 1.5506165 -3.0354528 1.7168932 48.595833 1.5879310369491577 0.5516898036003113
Car 0.0 0 0.5254380702972412 56.628509521484375 192.4011993408203 326.6527404785156 286.22119140625 3.6076734 1.4203804 1.5558386 -6.889798 1.7682607 12.037236 0.005579710006713867 0.5421866774559021
Car 0.0 0 3.3815548419952393 356.9682922363281 177.3488311767578 491.6752014160156 222.52481079101562 4.3188806 1.5258406 1.6731884 -6.5006604 1.6897873 25.39802 3.1309826374053955 0.45582664012908936
Car 0.0 0 3.318857192993164 408.37542724609375 181.2316131591797 512.9652709960938 218.47042846679688 4.134091 1.5183314 1.6092917 -6.325097 1.8846873 30.661083 3.115420341491699 0.4556320011615753
