Pedestrian 0.0 0 2.5128326416015625 990.2306518554688 109.74158477783203 1067.6148681640625 244.7666015625 0.7119632 1.8035412 0.5781629 5.793073 0.86008674 9.760063 3.048495054244995 0.5355450510978699
Pedestrian 0.0 0 2.500303030014038 1047.44580078125 145.84097290039062 1118.4962158203125 251.17723083496094 0.7879005 1.7436831 0.6179104 8.074663 1.1716061 12.027431 3.091543674468994 0.5099458694458008
Pedestrian 0.0 0 1.9549901485443115 273.8460693359375 178.7498321533203 323.0971374511719 264.7564697265625 0.7491152 1.7118976 0.6955546 -6.29588 1.6786907 14.4520035 1.544141411781311 0.3877648711204529
Pedestrian 0.0 0 3.499318838119507 119.83256530761719 103.60108184814453 200.5907440185547 243.82247924804688 0.77434003 1.8692689 0.64441454 -6.2027736 0.8458138 9.815126 2.935729742050171 0.3759978413581848
Pedestrian 0.0 0 -0.8471620678901672 1071.7330322265625 146.3185577392578 1147.3079833984375 255.6617431640625 0.8890067 1.7096448 0.54121304 8.094601 1.1768548 11.415094 -0.23034559190273285 0.17156599462032318
Cyclist 0.0 0 -1.705716609954834 982.714599609375 137.20355224609375 1027.06201171875 206.9261474609375 1.709774 1.7429551 0.7872511 10.462337 0.6622069 18.60991 -1.193561315536499 0.676720142364502
Cyclist 0.0 0 -2.066577196121216 875.6539916992188 156.3321533203125 905.3466796875 192.90538024902344 1.8644589 1.6891704 0.47567055 13.5352745 0.57440984 33.603867 -1.6836687326431274 0.36933204531669617
Cyclist 0.0 0 2.555722713470459 1036.1673583984375 144.1124267578125 1115.1766357421875 250.3058624267578 0.9865542 1.7871418 0.56188846 8.04832 1.1764201 12.175865 3.139796257019043 0.1056756004691124
Car 0.0 0 -0.8064256310462952 0.0 205.00469970703125 293.42291259765625 370.0 3.748712 1.4868511 1.618974 -3.1654332 1.6692336 3.3301833 -1.566465973854065 0.8831616640090942
Car 0.0 0 0.9349386096000671 478.9004821777344 171.6183624267578 580.3035278320312 211.94219970703125 4.220038 1.4221458 1.6663218 -2.9806733 1.1104336 27.046722 0.8251769542694092 0.85410475730896
