Pedestrian 0.0 0 3.6718437671661377 0.0 192.8411865234375 37.01560592651367 259.8397216796875 1.1675397 1.6032499 0.9862412 -15.459085 2.1240933 18.200104 2.967700719833374 0.19227546453475952
Pedestrian 0.0 0 -1.5818729400634766 1025.5517578125 135.3115997314453 1055.555908203125 203.44528198242188 1.5008111 1.8315761 0.6987623 12.002995 0.8227158 20.218184 -1.0461184978485107 0.17017193138599396
Cyclist 0.0 0 -2.114006280899048 1139.0023193359375 139.1663360595703 1242.0 263.16436767578125 1.7453132 1.7557064 0.48824584 8.881049 1.2790756 11.110694 -1.4396774768829346 0.9589803814888
Cyclist 0.0 0 -1.2500107288360596 1095.4378662109375 160.3646240234375 1151.303955078125 236.63287353515625 1.7867594 1.5675765 0.4420111 11.017593 1.3112344 15.534089 -0.6331018805503845 0.6598955988883972
Cyclist 0.0 0 2.2923014163970947 72.68173217773438 176.8899688720703 110.55848693847656 211.39723205566406 1.7705609 1.8097197 0.65647244 -28.009556 2.0331538 38.964844 1.6690415143966675 0.3446226119995117
Cyclist 0.0 0 -1.5837876796722412 1024.0654296875 141.1915740966797 1054.1519775390625 206.9812774658203 1.4659584 1.7722545 0.7024696 11.977063 0.91968447 20.244701 -1.0495567321777344 0.21237842738628387
Car 0.0 0 0.38527151942253113 151.7761688232422 185.0511016845703 348.1253662109375 257.9566650390625 3.733539 1.5633799 1.650959 -8.279613 1.8632091 16.752127 -0.07375945895910263 0.9084946513175964
Car 0.0 0 -2.7173967361450195 255.19920349121094 184.45396423339844 406.4135437011719 238.1010284423828 3.9383943 1.522473 1.6360193 -8.409704 1.8882842 21.802027 -3.0855414867401123 0.8557476997375488
Car 0.0 0 1.3015177249908447 914.2705688476562 162.9287872314453 961.7766723632812 188.71255493164062 3.8192809 1.5466676 1.754609 20.497581 0.95165074 45.30203 1.7264195680618286 0.7629952430725098
Car 0.0 0 -0.7116643190383911 1117.3624267578125 151.5620574951172 1233.97900390625 185.5377197265625 4.2413588 1.5587635 1.7192854 26.60603 0.58227223 34.062103 -0.0485522598028183 0.6808191537857056
