Pedestrian 0.0 0 -1.7767276763916016 376.75579833984375 174.43765258789062 412.5714111328125 248.49801635742188 0.6778037 1.701915 0.6858031 -5.1448617 1.7407352 17.059654 -2.069633960723877 0.42838266491889954
Pedestrian 0.0 0 -0.7525203824043274 400.5945129394531 177.88064575195312 439.2346496582031 242.70797729492188 0.7192487 1.6964637 0.7056484 -5.168847 1.8357499 19.447384 -1.0123006105422974 0.41193297505378723
Cyclist 0.0 0 -3.3027570247650146 1025.2650146484375 177.46725463867188 1183.4461669921875 286.3389892578125 1.9777256 1.6186665 0.89224905 7.8158197 1.6985244 11.612819 -2.7103593349456787 0.7184706926345825
Car 0.0 0 2.700216770172119 725.69287109375 171.0316162109375 830.4791870117188 203.25392150878906 4.5445614 1.464167 1.667054 7.8769355 1.3817166 34.081173 2.927351236343384 0.9143374562263489
Car 0.0 0 2.4530575275421143 454.35040283203125 172.23802185058594 565.61865234375 218.872802734375 3.9406073 1.5916914 1.6105623 -3.6640995 1.5710255 26.618006 2.3162622451782227 0.9128304719924927
Car 0.0 0 -3.4587793350219727 994.1408081054688 163.3673858642578 1098.0474853515625 198.4496307373047 3.8173096 1.5779206 1.678264 20.236298 1.1515918 33.69202 -2.9178998470306396 0.8433938026428223
Car 0.0 0 2.1214711666107178 629.4442138671875 174.32330322265625 685.4334716796875 200.69187927246094 3.5702312 1.4255699 1.5455197 2.7082264 1.5135471 41.121346 2.1872355937957764 0.8270449042320251
Car 0.0 0 0.0796118974685669 300.0972595214844 177.29283142089844 389.96832275390625 213.74652099609375 3.6188605 1.5347126 1.5753422 -11.6860895 1.7391138 31.920937 -0.27132871747016907 0.7767277359962463
Car 0.0 0 -2.5759565830230713 1176.3779296875 191.6127166748047 1242.0 375.0 3.8722017 1.4553703 1.5515583 3.7897487 1.5615137 2.0853615 -1.5082060098648071 0.3448447585105896
Car 0.0 0 -2.2219393253326416 185.3594970703125 181.50326538085938 261.44976806640625 201.88555908203125 5.566813 1.4262631 2.1130943 -29.183832 2.104077 54.397106 -2.714355707168579 0.3419157564640045
