Pedestrian 0.0 0 1.5125417709350586 1212.619384765625 136.70236206054688 1242.0 198.0548858642578 0.67508405 1.8558898 0.6533215 19.018587 0.76267505 22.289778 2.2189152240753174 0.3769855797290802
Pedestrian 0.0 0 0.8495355248451233 1176.484130859375 156.68966674804688 1242.0 254.8902587890625 0.848248 1.8071098 0.54808724 11.325936 1.5100079 13.707496 1.5400840044021606 0.32966768741607666
Pedestrian 0.0 0 -1.9962033033370972 757.9566650390625 177.98545837402344 815.4679565429688 225.19313049316406 1.1756594 1.2666221 1.1814079 4.8803535 1.4155115 20.194305 -1.7590800523757935 0.16818654537200928
Pedestrian 0.0 0 1.8324073553085327 1165.288330078125 173.6097869873047 1187.384521484375 203.85679626464844 1.7011129 1.8390459 0.65965617 35.04327 1.8870189 44.680595 2.4975054264068604 0.10735400766134262
Cyclist 0.0 0 1.6497148275375366 1167.4539794921875 174.75421142578125 1183.74853515625 204.7034912109375 1.7553568 1.8167652 0.6600196 35.050476 1.937262 44.746548 2.3141965866088867 0.17109675705432892
Cyclist 0.0 0 -1.7295894622802734 1062.9178466796875 194.3760528564453 1094.5198974609375 257.38604736328125 1.5475068 1.6345503 0.49488273 12.97708 2.257867 20.074434 -1.1557152271270752 0.1532408595085144
Cyclist 0.0 0 -1.822034239768982 981.4711303710938 192.6851043701172 1028.8817138671875 261.8616638183594 1.7589005 1.6428564 0.6492054 10.109012 2.180102 18.599361 -1.3241844177246094 0.12642943859100342
Car 0.0 0 -1.6862468719482422 528.18115234375 175.81597900390625 573.8324584960938 210.8999481201172 3.5458317 1.4699534 1.637742 -2.7431548 1.611331 32.449368 -1.7705827951431274 0.8575193881988525
Car 0.0 0 1.6709154844284058 431.7460021972656 169.38311767578125 463.88873291015625 195.87916564941406 3.7591572 1.5971544 1.6095154 -10.205762 1.3882905 45.453632 1.450047254562378 0.6703933477401733
Car 0.0 0 -1.5930402278900146 512.6023559570312 170.744873046875 536.816650390625 192.99551391601562 3.8537087 1.472646 1.5667412 -5.943048 1.3334128 49.769733 -1.711888313293457 0.1740715205669403
Car 0.0 0 -1.6582318544387817 519.822509765625 169.61276245117188 556.54052734375 198.93475341796875 3.890854 1.4929856 1.6214031 -3.9430194 1.3283101 38.798725 -1.7595117092132568 0.16559617221355438
Car 0.0 0 -1.5313562154769897 521.6437377929688 167.5747833251953 550.3092651367188 193.82054138183594 3.778726 1.5549792 1.62016 -4.578414 1.2425597 44.68252 -1.63346529006958 0.13020499050617218
