Pedestrian 0.0 0 -1.4519178867340088 1189.763427734375 144.2558135986328 1208.166259765625 180.8533935546875 0.5818252 1.8823843 0.6781107 30.619804 0.4118042 37.555283 -0.7679014205932617 0.18139399588108063
Pedestrian 0.0 0 -0.5075042843818665 1053.319580078125 115.19610595703125 1112.491943359375 216.6680908203125 0.7724539 1.8414718 0.4967044 8.699104 0.79547805 13.365981 0.06946063041687012 0.16411954164505005
Pedestrian 0.0 0 -2.9388062953948975 581.1430053710938 170.50750732421875 592.0101318359375 192.012939453125 0.786092 1.7668381 0.63838065 -1.9583285 1.5744126 59.658257 -2.9716203212738037 0.12490779906511307
Pedestrian 0.0 0 2.765158176422119 790.27734375 161.05569458007812 807.284423828125 187.3588409423828 1.0904425 1.9170067 0.5228074 13.813891 1.0574881 52.909157 3.0205440521240234 0.10681313276290894
Pedestrian 0.0 0 1.2195649147033691 880.5490112304688 128.8377685546875 935.1640014648438 208.51585388183594 1.6117992 1.7743512 0.6611162 6.8899045 0.79451185 16.882524 1.6070419549942017 0.1021275594830513
Cyclist 0.0 0 1.3095686435699463 884.2465209960938 131.0717315673828 933.4876098632812 213.7626190185547 1.4978666 1.8342291 0.68951315 6.8788276 0.9077832 16.788954 1.6984291076660156 0.12987050414085388
Car 0.0 0 1.9718518257141113 384.2210998535156 178.85557556152344 452.458251953125 211.33995056152344 4.0267687 1.4091045 1.6850895 -9.0328045 1.7114384 34.18951 1.7135554552078247 0.9156973361968994
Car 0.0 0 -1.583011507987976 705.5960693359375 173.91981506347656 735.1484375 201.36830139160156 3.7126741 1.5491368 1.6594822 6.488358 1.6156412 42.823982 -1.432642936706543 0.7829513549804688
Car 0.0 0 0.15545004606246948 825.5728759765625 165.5839385986328 873.4240112304688 183.0460968017578 3.7184021 1.4686968 1.5760527 20.631847 0.85758823 62.235714 0.47555994987487793 0.19592498242855072
Car 0.0 0 2.1868855953216553 1004.717529296875 173.36009216308594 1100.907958984375 208.67677307128906 3.984513 1.480264 1.6099646 19.48537 1.5040046 31.808475 2.736506938934326 0.12743526697158813
Car 0.0 0 -3.3084301948547363 940.9559936523438 163.3302001953125 988.1058349609375 179.93551635742188 3.803757 1.5451984 1.5703524 33.56659 0.6593236 68.43448 -2.8524177074432373 0.11120623350143433
Car 0.0 0 -1.322000503540039 256.1815490722656 157.23873901367188 299.8952941894531 185.29229736328125 4.149061 1.8261425 1.7381849 -22.583258 0.81002676 49.16314 -1.7526054382324219 0.10445902496576309
Car 0.0 0 -0.4692337214946747 926.10009765625 168.0838623046875 996.8969116210938 189.2427978515625 4.3369837 1.5189649 1.7240938 25.603125 1.1768817 52.69389 -0.016942450776696205 0.1008630096912384
