Cyclist 0.0 0 1.7249486446380615 572.1068115234375 175.978759765625 581.6439208984375 197.1207733154297 1.5320498 1.6915337 0.5484106 -2.7164211 1.9497631 58.751144 1.6787455081939697 0.640662670135498
Car 0.0 0 -1.7068454027175903 668.9380493164062 182.1794891357422 735.8367309570312 233.17196655273438 3.4994063 1.4152972 1.5827843 2.7454023 1.728323 22.428377 -1.5850437879562378 0.9534360766410828
Car 0.0 0 -1.9127764701843262 747.8646850585938 176.1264190673828 983.5234985351562 334.79718017578125 3.3641543 1.5112263 1.5339388 2.7408166 1.558563 8.647759 -1.6058522462844849 0.9273414015769958
Car 0.0 0 3.636706590652466 90.44953155517578 166.09617614746094 329.8667907714844 284.8497314453125 3.2159934 1.905692 1.6208258 -6.7869887 1.7976037 12.395859 3.1357688903808594 0.9084826111793518
Car 0.0 0 0.7523819804191589 0.0 187.2653350830078 257.6294860839844 368.0227966308594 4.1629443 1.5698906 1.6784546 -6.135323 1.736803 7.376548 0.058588504791259766 0.9073566794395447
Car 0.0 0 -0.14965207874774933 721.62255859375 173.39462280273438 835.82080078125 218.5911102294922 4.027041 1.6584264 1.6601101 6.3051066 1.6801084 27.476965 0.0759117603302002 0.9031413197517395
Car 0.0 0 0.55451500415802 0.0 184.86154174804688 336.6976318359375 310.3901062011719 4.1229544 1.5666164 1.6259793 -6.2019515 1.7466086 9.974968 -0.0017449334263801575 0.875349760055542
Car 0.0 0 0.09626302868127823 439.0024719238281 168.49050903320312 527.9418334960938 202.99757385253906 4.6228533 1.8288515 1.7769402 -6.862602 1.5979477 39.301044 -0.07661030441522598 0.8022525906562805
Car 0.0 0 0.28784945607185364 321.63140869140625 179.02621459960938 476.8235778808594 240.35861206054688 3.8336325 1.6175967 1.5992098 -5.805876 1.7959913 20.000069 0.005321979522705078 0.7615232467651367
Car 0.0 0 0.2972399592399597 261.7552490234375 185.1542510986328 447.5244445800781 247.52488708496094 4.036945 1.4325022 1.5325928 -6.2227225 1.7499125 17.749352 -0.03995925560593605 0.7586967945098877
Car 0.0 0 3.5296132564544678 175.5433349609375 185.13356018066406 375.90203857421875 260.83013916015625 3.4230902 1.4470154 1.5642616 -6.846007 1.7158751 14.920653 3.099442720413208 0.756726086139679
Car 0.0 0 0.23756293952465057 356.9122619628906 177.30596923828125 495.3614807128906 226.66627502441406 4.3026843 1.613303 1.6584969 -6.2287707 1.7706317 24.585762 -0.01056493166834116 0.5892435312271118
