Cyclist 0.0 0 0.7829937934875488 0.0 141.1533966064453 55.663734436035156 193.55381774902344 1.6718848 1.7005168 0.588541 -19.345787 0.6721158 23.789297 0.10024738311767578 0.41182515025138855
Car 0.0 0 1.8943476676940918 218.84190368652344 191.31167602539062 447.4369201660156 326.7678527832031 4.4724274 1.464705 1.734804 -3.7897298 1.7955287 10.664272 1.5528995990753174 0.9582457542419434
Car 0.0 0 1.8103073835372925 401.4073486328125 187.26956176757812 494.7532043457031 251.15975952148438 3.4793432 1.3993376 1.5270844 -4.055523 1.8014276 18.348999 1.592782974243164 0.9097242951393127
Car 0.0 0 2.832350254058838 768.3403930664062 164.72640991210938 917.3184814453125 211.59622192382812 4.5792203 1.559323 1.7160376 7.8915567 1.2892823 24.86467 3.1396751403808594 0.9058979749679565
Car 0.0 0 -1.6699944734573364 641.6300659179688 176.75531005859375 686.7236938476562 211.6572265625 3.9484727 1.4265648 1.5926574 2.2963805 1.6103727 31.93045 -1.5981998443603516 0.8980278372764587
Car 0.0 0 2.1491246223449707 0.0 204.1715087890625 267.0299377441406 340.50347900390625 3.95727 1.4219534 1.6196787 -6.7582054 1.960403 10.413787 1.573475956916809 0.8761910796165466
Car 0.0 0 2.866468906402588 751.2265625 153.12405395507812 868.102294921875 200.51638793945312 4.051433 1.7780068 1.688185 7.619547 1.038161 27.928871 3.1328070163726807 0.8135127425193787
Car 0.0 0 2.0034046173095703 366.4136047363281 189.99037170410156 458.0333251953125 238.64071655273438 3.802035 1.4575777 1.6170334 -6.7982516 2.1003988 25.03935 1.7382925748825073 0.426106721162796
Car 0.0 0 1.6987792253494263 488.67132568359375 181.72189331054688 521.1947631835938 207.6094970703125 3.8351982 1.5831817 1.6386921 -6.886635 2.1895795 47.377132 1.5544323921203613 0.40257784724235535
Car 0.0 0 2.8801591396331787 724.1453247070312 165.95252990722656 815.8949584960938 199.00331115722656 3.9442596 1.5205587 1.6274742 7.4772058 1.2034028 34.095554 3.096043109893799 0.38546988368034363
