Pedestrian 0.0 0 3.020561695098877 434.0305480957031 162.92466735839844 450.9539489746094 198.03237915039062 0.79586875 1.7981913 0.5170741 -8.705986 1.289976 37.333237 2.791459321975708 0.22797559201717377
Pedestrian 0.0 0 -1.8864644765853882 747.5740966796875 188.00799560546875 795.0396728515625 232.36964416503906 1.1360583 1.3138642 1.1401844 4.948318 1.798051 22.412853 -1.6691699028015137 0.17510223388671875
Pedestrian 0.0 0 3.476163387298584 0.0 20.42422103881836 162.5121612548828 375.0 0.786628 1.6545501 0.5325751 -2.4407825 1.1006294 3.0052974 2.7940516471862793 0.17025397717952728
Pedestrian 0.0 0 2.1588664054870605 985.8912963867188 172.06011962890625 1034.9810791015625 235.01568603515625 0.9671504 1.8660327 0.9300661 12.16883 1.8428601 22.019304 2.6637370586395264 0.12657809257507324
Pedestrian 0.0 0 1.240983247756958 698.6473999023438 203.0014190673828 754.9329223632812 247.3520050048828 1.201345 1.0990491 1.173814 3.0915985 1.9437039 19.511776 1.3981246948242188 0.12141931802034378
Car 0.0 0 -1.694549322128296 534.1544189453125 177.92843627929688 577.0076904296875 210.95286560058594 3.5731828 1.4769754 1.6203817 -2.7081764 1.7353164 34.767464 -1.772286295890808 0.890356719493866
Car 0.0 0 1.5425209999084473 443.5894470214844 170.0633087158203 470.75958251953125 197.02081298828125 3.9450877 1.7064359 1.6424172 -10.184152 1.5301405 47.78193 1.3325251340866089 0.6027860641479492
Car 0.0 0 -1.6853134632110596 514.6634521484375 172.4653778076172 543.7418212890625 194.90695190429688 4.0931153 1.5575389 1.6288512 -5.9159184 1.5309247 52.25242 -1.7980514764785767 0.179681658744812
Car 0.0 0 -1.7112020254135132 519.091552734375 172.23440551757812 553.2855224609375 197.6964111328125 4.0515676 1.5845479 1.6604184 -4.8879642 1.5463479 47.06621 -1.8146840333938599 0.12814946472644806
Car 0.0 0 0.9503647089004517 1030.223876953125 0.0 1242.0 375.0 4.355317 1.5835105 1.7638243 4.2964177 0.8898676 4.297255 1.7356654405593872 0.10641690343618393
Car 0.0 0 -1.6246970891952515 522.5682983398438 159.23509216308594 547.3634033203125 186.0427703857422 4.6467915 2.1164975 1.7753229 -6.2377753 1.041627 59.397892 -1.72933030128479 0.10391292721033096
