Pedestrian 0.0 0 2.18819260597229 223.0050811767578 180.10032653808594 249.80349731445312 211.36778259277344 1.5994369 1.7435808 0.54253644 -21.482183 2.1685443 41.44686 1.7100071907043457 0.11618845909833908
Pedestrian 0.0 0 -1.8889204263687134 782.3468627929688 177.08981323242188 861.5562133789062 344.0130615234375 1.0149852 1.6645738 0.5152013 2.1910937 1.7134064 7.7366705 -1.612938642501831 0.10221108049154282
Cyclist 0.0 0 2.18819260597229 223.0050811767578 180.10032653808594 249.80349731445312 211.36778259277344 1.5994369 1.7435808 0.54253644 -21.482183 2.1685443 41.44686 1.7100071907043457 0.15970982611179352
Cyclist 0.0 0 1.9346749782562256 33.72484588623047 190.17861938476562 59.91936492919922 229.3864288330078 1.3539582 1.7615894 0.52021134 -26.393295 2.5904362 33.778656 1.2714036703109741 0.13581573963165283
Car 0.0 0 -1.5963549613952637 580.7169799804688 178.6498260498047 614.0410766601562 205.00279235839844 3.4386873 1.2512804 1.6021986 -0.7196451 1.5612037 36.782135 -1.6159175634384155 0.9110265970230103
Car 0.0 0 -1.5246940851211548 540.3114013671875 175.74453735351562 568.7471313476562 200.8761749267578 3.9799256 1.4758208 1.5823462 -3.4406018 1.6639056 44.844795 -1.6012665033340454 0.8133982419967651
Car 0.0 0 0.1533297896385193 14.822537422180176 200.83799743652344 150.20010375976562 244.97555541992188 3.9536579 1.4528726 1.6166586 -19.945915 2.5801466 27.430119 -0.47538870573043823 0.16342125833034515
Car 0.0 0 -2.674654960632324 736.7442016601562 176.38528442382812 791.2166748046875 198.49534606933594 3.4391692 1.500289 1.5722367 10.878041 1.7594404 51.1866 -2.4652528762817383 0.1443648338317871
Car 0.0 0 1.2079963684082031 753.857666015625 178.5915069580078 806.950439453125 207.1890411376953 3.8683858 1.5034878 1.6448634 9.527937 1.84418 40.77077 1.4375715255737305 0.11352583020925522
Car 0.0 0 2.0454261302948 0.0 196.83383178710938 66.60509490966797 233.71664428710938 3.7048273 1.4648895 1.7154942 -27.022406 2.6358967 33.231693 1.3627171516418457 0.10382522642612457
