Pedestrian 0.0 0 0.6161742210388184 929.1607666015625 185.11305236816406 959.2868041992188 227.5497589111328 0.94776195 1.6891061 0.60171497 13.6657295 2.2019718 29.60138 1.0486810207366943 0.4345811903476715
Pedestrian 0.0 0 1.4793676137924194 655.6018676757812 150.24668884277344 672.7299194335938 195.98377990722656 1.2517111 1.8068662 0.57504773 2.1377985 0.91411126 29.13293 1.5526171922683716 0.2282223254442215
Pedestrian 0.0 0 -3.4203526973724365 1051.376220703125 199.9706268310547 1079.5419921875 251.4601593017578 0.6973252 1.7981738 0.68784267 16.407963 2.7945929 26.073532 -2.858670234680176 0.19810080528259277
Cyclist 0.0 0 -2.030486583709717 854.4727783203125 184.06512451171875 879.9644775390625 225.0907440185547 1.5960095 1.6670868 0.34206298 10.845366 2.1551669 30.573933 -1.6896077394485474 0.6455479860305786
Cyclist 0.0 0 1.4793676137924194 655.6018676757812 150.24668884277344 672.7299194335938 195.98377990722656 1.2517111 1.8068662 0.57504773 2.1377985 0.91411126 29.13293 1.5526171922683716 0.2069416493177414
Cyclist 0.0 0 0.6456534266471863 930.0354614257812 185.42007446289062 961.4088134765625 228.0338134765625 0.9844074 1.6858492 0.6232812 13.663221 2.20954 29.465765 1.0798401832580566 0.14859914779663086
Car 0.0 0 -1.542803168296814 559.5695190429688 180.34725952148438 612.1128540039062 233.71348571777344 4.462522 1.588776 1.6100289 -0.79717237 1.8651578 24.341 -1.575541615486145 0.9214558601379395
Car 0.0 0 2.5892136096954346 948.1940307617188 191.0388946533203 1031.6763916015625 219.9785919189453 4.2812805 1.6505119 1.4724292 22.649235 2.7603872 43.138695 3.0726864337921143 0.833451509475708
Car 0.0 0 1.6041523218154907 536.0448608398438 180.99783325195312 556.8904418945312 199.5976104736328 4.030863 1.528253 1.6857859 -5.551625 2.264553 63.143097 1.5164564847946167 0.5921690464019775
Car 0.0 0 -1.3461415767669678 334.3184814453125 194.28973388671875 417.0743408203125 249.07266235351562 3.820795 1.4348913 1.6284732 -7.2124033 2.1598582 22.414255 -1.6574561595916748 0.23839980363845825
