Car 0.0 0 -1.7837311029434204 702.3546752929688 171.3377685546875 837.791748046875 260.49139404296875 4.0935597 1.3991978 1.5562432 2.725446 1.3757594 13.377164 -1.5827432870864868 0.9708568453788757
Car 0.0 0 -1.329196572303772 363.2877502441406 181.83567810058594 506.30303955078125 272.45782470703125 4.188145 1.370845 1.595075 -3.108108 1.5646752 13.434511 -1.5565491914749146 0.9613707661628723
Car 0.0 0 1.8901292085647583 200.82005310058594 189.26539611816406 461.4190979003906 361.6990661621094 3.7177706 1.3704451 1.4993461 -2.794729 1.594512 7.960476 1.5524964332580566 0.9294687509536743
Car 0.0 0 -1.5401272773742676 504.31378173828125 174.08154296875 552.3207397460938 218.0244598388672 4.139759 1.4655108 1.6039231 -2.9557676 1.5142514 26.307787 -1.6520113945007324 0.872272789478302
Car 0.0 0 -1.745605707168579 680.0950317382812 174.32183837890625 768.3383178710938 236.83883666992188 3.8824918 1.4513955 1.5877869 2.8109908 1.493999 18.802118 -1.597200870513916 0.8298282027244568
Car 0.0 0 -1.766930103302002 657.6685791015625 172.20811462402344 725.7288818359375 218.8601837158203 3.6529806 1.4239973 1.5394102 2.5796325 1.4046406 23.908781 -1.6594511270523071 0.8188936114311218
Car 0.0 0 1.4820843935012817 534.665283203125 169.7465057373047 572.4675903320312 199.58941650390625 4.0413175 1.4431801 1.570346 -2.9811645 1.293262 37.014233 1.4017168283462524 0.7274886965751648
Car 0.0 0 -1.6940454244613647 630.1575317382812 164.66720581054688 662.4767456054688 189.55760192871094 3.923886 1.5487101 1.6204277 2.2875445 1.0396758 46.90902 -1.6453185081481934 0.6675289273262024
Car 0.0 0 -1.675193190574646 653.10693359375 163.5623016357422 705.8057250976562 209.81044006347656 3.8746488 1.6939738 1.6513541 2.6186128 1.353996 28.373075 -1.58316171169281 0.42131340503692627
Car 0.0 0 -1.447974443435669 399.86151123046875 186.21376037597656 458.314208984375 231.1200408935547 3.8933432 1.45352 1.6224083 -6.6291804 1.9838734 26.590761 -1.6922978162765503 0.4187815487384796
