Pedestrian 0.0 0 1.0417364835739136 564.8178100585938 152.62525939941406 637.3114013671875 273.7772216796875 0.98119897 1.7221867 0.6870376 -0.11840725 1.3276109 10.643207 1.0306117534637451 0.8440558910369873
Pedestrian 0.0 0 2.3157949447631836 148.24432373046875 150.78099060058594 202.35191345214844 232.8383026123047 0.9792898 1.9379811 0.63229895 -10.500055 1.237699 17.23593 1.7686413526535034 0.8319336771965027
Pedestrian 0.0 0 0.6509407162666321 663.3019409179688 149.42799377441406 754.1651000976562 281.6461181640625 0.9889714 1.7059473 0.7441874 1.3747922 1.306715 9.731002 0.7912914752960205 0.8035304546356201
Pedestrian 0.0 0 0.5030190348625183 629.47314453125 149.17298889160156 726.1918334960938 297.1274719238281 0.9850901 1.7230318 0.6949006 0.8579278 1.3598903 8.794026 0.6002693176269531 0.7879264950752258
Pedestrian 0.0 0 1.007008671760559 599.7972412109375 154.5640869140625 679.6937866210938 276.47076416015625 1.0301222 1.8014832 0.8276027 0.48584753 1.4198762 11.096074 1.0507662296295166 0.7685085535049438
Pedestrian 0.0 0 2.0631537437438965 213.9633026123047 153.35182189941406 244.51690673828125 206.48236083984375 0.79607064 1.8999417 0.6864171 -13.667772 0.93064946 25.678162 1.574022889137268 0.7263055443763733
Pedestrian 0.0 0 1.8931851387023926 251.33551025390625 155.59580993652344 284.1699523925781 208.06451416015625 0.99137956 1.8844641 0.81672347 -12.385321 0.99152863 25.9315 1.4476038217544556 0.6969642043113708
Pedestrian 0.0 0 -0.2820647954940796 1128.1507568359375 130.84161376953125 1224.0 344.3997497558594 0.95397776 1.7096974 0.6624158 5.172382 1.313851 6.1515326 0.4170804023742676 0.6689460873603821
Pedestrian 0.0 0 0.6743075251579285 926.0455322265625 154.80667114257812 1047.4501953125 328.1367492675781 0.8972811 1.7133757 0.7009874 3.9970372 1.4610908 7.5352273 1.1620148420333862 0.6381946206092834
Pedestrian 0.0 0 0.5078277587890625 843.1283569335938 141.04551696777344 993.031005859375 353.50091552734375 1.0301149 1.7546314 0.73008996 2.7932274 1.4304894 6.465246 0.9156439304351807 0.5645249485969543
Pedestrian 0.0 0 0.2794261574745178 888.6162109375 145.64112854003906 1022.657470703125 340.3515625 1.0246447 1.741079 0.7031099 3.37573 1.4310759 6.921465 0.7332007884979248 0.46343734860420227
Pedestrian 0.0 0 0.23966246843338013 957.2085571289062 140.26483154296875 1137.8485107421875 296.8778381347656 1.7646235 1.726845 0.68986005 5.325492 1.2848917 8.660969 0.7909543514251709 0.11215014010667801
Cyclist 0.0 0 1.3571416139602661 485.6391296386719 163.8030242919922 522.8439331054688 228.6192169189453 1.7572728 1.7001021 0.65096843 -2.830182 1.263734 19.47762 1.212847113609314 0.891535222530365
Cyclist 0.0 0 1.5751047134399414 550.1845703125 169.97242736816406 564.3084716796875 205.5482177734375 1.5667127 1.5835764 0.62771946 -2.1961558 1.1164306 32.26945 1.5071526765823364 0.8546348214149475
Cyclist 0.0 0 1.2833322286605835 518.27294921875 159.41033935546875 558.2354125976562 222.9097442626953 1.896141 1.7674625 0.64629704 -2.007244 1.1820223 20.675335 1.186551570892334 0.8240448832511902
Cyclist 0.0 0 -0.9878944754600525 192.15292358398438 165.81224060058594 226.0052490234375 205.35671997070312 1.6965395 1.7255251 0.47070536 -17.758726 1.0860952 31.710218 -1.4984068870544434 0.5469434857368469
Cyclist 0.0 0 0.24418455362319946 957.7550659179688 138.87173461914062 1140.1181640625 295.12457275390625 1.7785921 1.718925 0.68424636 5.332761 1.2626634 8.648288 0.7967395782470703 0.4657752215862274
Car 0.0 0 -2.271285057067871 1030.6119384765625 185.29217529296875 1158.9468994140625 232.5377197265625 3.4763148 1.4438895 1.6971321 16.300604 1.6189456 23.784887 -1.6704696416854858 0.7874100208282471
Car 0.0 0 0.9150373935699463 1098.7684326171875 183.7725372314453 1224.0 231.71372985839844 3.8899543 1.5097761 1.5816526 19.20872 1.6336532 24.480062 1.5803593397140503 0.674002468585968
Car 0.0 0 -1.6854678392410278 600.486328125 174.2972412109375 639.0059814453125 203.09628295898438 3.71097 1.4341171 1.5981082 0.7139717 1.1266669 37.12742 -1.666239857673645 0.6055271029472351
