Pedestrian 0.0 0 0.03652871027588844 569.7816162109375 153.48455810546875 666.0772705078125 304.0717468261719 1.1157578 1.7384611 0.5412394 0.111510776 1.428264 8.455593 0.04971575736999512 0.8452696204185486
Pedestrian 0.0 0 1.4337776899337769 625.8229370117188 178.6551055908203 662.298583984375 267.51239013671875 0.90918475 1.773681 0.62939996 0.75370246 1.7384834 14.588213 1.4853969812393188 0.29047298431396484
Pedestrian 0.0 0 -2.9105021953582764 612.876708984375 152.0446319580078 653.3240966796875 223.05029296875 0.8663096 1.7370862 0.7623279 0.67648184 1.0425509 17.774927 -2.872462272644043 0.2406478375196457
Pedestrian 0.0 0 1.2149255275726318 827.4788208007812 174.68052673339844 878.4869995117188 245.12144470214844 0.9558411 1.7346482 0.9418935 6.2237167 1.5929377 17.8943 1.5496430397033691 0.1966358870267868
Pedestrian 0.0 0 1.303457498550415 484.26373291015625 169.64984130859375 544.9658203125 269.6212158203125 0.95689917 1.7758291 0.89754105 -1.7389768 1.5847365 13.169726 1.1721735000610352 0.15795467793941498
Pedestrian 0.0 0 -2.853855609893799 667.9258422851562 159.75437927246094 722.5413208007812 249.18252563476562 0.97309226 1.7747504 0.635737 1.8148966 1.3646713 14.512949 -2.729447841644287 0.15299615263938904
Pedestrian 0.0 0 1.203961968421936 856.1489868164062 149.52223205566406 921.6439819335938 262.5384826660156 0.9792156 1.8123268 0.70862937 4.6826525 1.3172221 11.82644 1.5809701681137085 0.13800913095474243
Cyclist 0.0 0 1.4162752628326416 626.4622192382812 173.42449951171875 665.1246337890625 261.96875 0.99833035 1.7625022 0.64678717 0.7883526 1.6232905 14.598176 1.4702264070510864 0.14871269464492798
Cyclist 0.0 0 -1.7226603031158447 615.625 151.8936004638672 651.4248657226562 223.08282470703125 0.9163928 1.743243 0.76821804 0.67089605 1.0443432 17.807844 -1.6850038766860962 0.12421266734600067
Cyclist 0.0 0 1.2655282020568848 671.5455932617188 161.90536499023438 718.3775634765625 252.6524200439453 1.0129385 1.7915252 0.6767864 1.7911403 1.4260604 14.513028 1.3883233070373535 0.11101789772510529
