Pedestrian 0.0 0 -3.4458250999450684 995.0897216796875 197.41183471679688 1030.804443359375 244.9150848388672 1.0215505 1.7923931 0.81775874 15.72111 2.7713835 28.246878 -2.9379584789276123 0.1477876901626587
Pedestrian 0.0 0 -0.5265581607818604 1187.4061279296875 177.8686065673828 1242.0 313.6891784667969 0.79217285 1.7829677 0.62016237 8.484973 1.854589 9.874085 0.1833202838897705 0.14692996442317963
Pedestrian 0.0 0 -0.635837197303772 1133.056884765625 144.7685089111328 1219.2154541015625 261.6756286621094 0.87964964 1.7485147 0.5615678 8.625952 1.3288133 11.080854 0.025628089904785156 0.1319810003042221
Pedestrian 0.0 0 -2.6023764610290527 256.689208984375 167.70668029785156 277.9759826660156 199.72149658203125 0.95110303 1.8408035 0.5816529 -19.89254 1.5451987 41.819336 -3.0463778972625732 0.12632927298545837
Cyclist 0.0 0 3.698580741882324 64.43934631347656 179.56454467773438 109.54285430908203 221.7620849609375 1.5679845 1.8576055 0.56614923 -23.376135 2.160657 32.20587 3.070725679397583 0.11908821016550064
Car 0.0 0 1.8507959842681885 360.0810546875 185.90499877929688 414.7937316894531 220.4842529296875 3.3689284 1.4874399 1.5962486 -10.467913 2.1338496 34.015903 1.5522572994232178 0.8840557932853699
Car 0.0 0 1.928175449371338 216.82542419433594 188.33935546875 332.6555480957031 247.44326782226562 4.4239902 1.493963 1.702815 -9.944798 2.0085905 21.691692 1.4983075857162476 0.8839497566223145
Car 0.0 0 1.6231956481933594 482.78778076171875 176.13299560546875 508.67559814453125 198.86695861816406 3.9319026 1.527763 1.6095864 -8.087185 1.7696824 51.11332 1.466275691986084 0.22553421556949615
Car 0.0 0 -1.2931007146835327 575.1958618164062 177.9365997314453 601.377685546875 193.3855743408203 3.4919317 1.3970485 1.5849065 -2.0485728 1.8923547 68.37435 -1.3230528831481934 0.18778279423713684
Car 0.0 0 2.1153361797332764 342.6922607421875 185.49032592773438 405.28802490234375 213.257568359375 4.119779 1.4807907 1.616936 -13.908999 2.2666278 42.65867 1.8001518249511719 0.12866954505443573
Car 0.0 0 1.9669568538665771 947.1788330078125 178.10107421875 1023.201171875 213.89395141601562 4.282543 1.5608358 1.6609697 17.71176 1.8235114 34.059963 2.4464895725250244 0.11827214807271957
