Pedestrian 0.0 0 1.2714427709579468 287.26806640625 142.63687133789062 338.8715515136719 241.8085174560547 0.6657929 1.8562366 0.7624824 -5.815132 1.291008 14.002233 0.8778164386749268 0.30253085494041443
Pedestrian 0.0 0 3.1220622062683105 269.2535400390625 114.51021575927734 329.7611999511719 241.5908660888672 0.78696966 1.7695081 0.600356 -4.566003 0.95747006 10.481127 2.7112135887145996 0.2135723978281021
Pedestrian 0.0 0 0.8875067234039307 1220.876220703125 144.05726623535156 1242.0 204.6525421142578 0.6101365 1.8387505 0.692832 19.362804 0.9652779 22.208748 1.6045526266098022 0.19833387434482574
Pedestrian 0.0 0 -1.8556187152862549 865.2245483398438 132.90512084960938 888.3132934570312 178.6690216064453 0.72421044 1.8219471 0.6971622 10.71466 0.23186445 29.107952 -1.5029103755950928 0.1660541445016861
Pedestrian 0.0 0 2.616152286529541 681.158203125 159.9446563720703 698.6460571289062 192.2786865234375 0.8502451 1.8710364 0.55901724 4.635837 1.1243836 42.177105 2.7256264686584473 0.16128414869308472
Pedestrian 0.0 0 -0.8112339377403259 1138.01220703125 70.3865737915039 1242.0 305.7226257324219 0.7666599 1.7432517 0.6055492 4.7116904 0.9845822 5.6883483 -0.11947024613618851 0.15407459437847137
Car 0.0 0 -3.296485424041748 669.6396484375 173.25637817382812 782.895751953125 209.54652404785156 4.4000382 1.4519587 1.6326265 4.6807895 1.4693396 29.703354 -3.140186309814453 0.9467030763626099
Car 0.0 0 -3.109510898590088 651.2056274414062 173.44302368164062 710.2234497070312 194.2079315185547 4.1430297 1.4545746 1.646293 5.0523763 1.4980122 51.686 -3.0120692253112793 0.45221081376075745
Car 0.0 0 2.0054898262023926 24.581775665283203 177.293701171875 155.11767578125 228.832763671875 4.3405824 1.581512 1.9943589 -17.754347 1.7490755 24.854357 1.3852075338363647 0.4512629508972168
Car 0.0 0 -1.3729846477508545 645.5386352539062 171.05160522460938 675.156005859375 190.1049041748047 3.9120004 1.4605649 1.6149839 4.015541 1.3227556 57.4079 -1.3031508922576904 0.1575876772403717
