Pedestrian 0.0 0 2.37603497505188 1039.798095703125 144.75779724121094 1103.5635986328125 246.7394561767578 0.764814 1.773834 0.59193224 8.203028 1.2854961 12.913356 2.9419610500335693 0.17088207602500916
Pedestrian 0.0 0 0.6946772336959839 0.0 197.94970703125 52.75187683105469 275.0081787109375 1.7641296 1.8069277 0.60525906 -14.622976 2.4239504 17.42144 -0.0036111578810960054 0.16040624678134918
Pedestrian 0.0 0 -0.48135560750961304 730.35009765625 165.78233337402344 741.0118408203125 190.34918212890625 0.507272 1.7701938 0.67505425 9.095893 1.2609938 52.38727 -0.30944156646728516 0.12348862737417221
Pedestrian 0.0 0 -1.677459955215454 902.3616943359375 145.99122619628906 918.4759521484375 186.82029724121094 0.82226276 1.8748038 0.60754097 13.950021 0.6416675 33.609352 -1.2840354442596436 0.11529912054538727
Cyclist 0.0 0 0.6946772336959839 0.0 197.94970703125 52.75187683105469 275.0081787109375 1.7641296 1.8069277 0.60525906 -14.622976 2.4239504 17.42144 -0.0036111578810960054 0.4058510363101959
Car 0.0 0 -1.5461547374725342 594.6619262695312 176.57220458984375 625.0425415039062 206.2498779296875 3.6569712 1.6087859 1.6565136 -0.0049756896 1.8321382 41.4222 -1.5462749004364014 0.8970377445220947
Car 0.0 0 -0.6748569011688232 920.657958984375 154.33920288085938 1019.2047729492188 187.2839813232422 4.2145042 1.5722282 1.7232231 17.754862 0.68900174 35.719963 -0.2135663479566574 0.15183275938034058
Car 0.0 0 2.4874980449676514 63.46705627441406 208.9791259765625 206.3070526123047 265.70672607421875 3.4666064 1.4481528 1.6632878 -14.900752 2.6839027 22.761286 1.9078584909439087 0.14685620367527008
Car 0.0 0 -3.2358217239379883 814.0091552734375 177.59080505371094 882.873291015625 202.1965789794922 4.0167007 1.5060369 1.6784254 15.080113 1.8160902 45.9092 -2.9184482097625732 0.13553398847579956
Car 0.0 0 2.1687328815460205 807.1680297851562 179.93081665039062 861.229248046875 203.63717651367188 3.926032 1.5474513 1.6633854 15.556154 2.0574527 50.086914 2.4698705673217773 0.10612796247005463
