Pedestrian 0.0 0 2.560920000076294 989.1732177734375 111.2840576171875 1068.597412109375 244.8551788330078 0.7704416 1.7893534 0.5382901 5.788164 0.8637904 9.753063 3.096525192260742 0.5557045936584473
Pedestrian 0.0 0 3.4715023040771484 119.58647155761719 109.64591217041016 203.01055908203125 249.7117462158203 0.8289322 1.8716563 0.6213299 -6.202885 0.9265271 9.840904 2.9090890884399414 0.3785252869129181
Pedestrian 0.0 0 0.5491956472396851 271.09075927734375 179.57763671875 325.11334228515625 265.72467041015625 0.7802355 1.7130619 0.6662575 -6.3003817 1.6963493 14.438468 0.1377418041229248 0.2792041301727295
Pedestrian 0.0 0 0.534111738204956 114.39530944824219 153.84506225585938 140.99505615234375 193.48634338378906 0.9056528 1.9296805 0.5982364 -23.463581 0.6335946 34.73887 -0.05993145331740379 0.2707052528858185
Pedestrian 0.0 0 -0.14751067757606506 776.4721069335938 160.95953369140625 799.514404296875 192.52699279785156 1.2157528 1.796058 0.51616555 10.481544 0.6856702 40.543854 0.10547399520874023 0.19972819089889526
Cyclist 0.0 0 -1.5952461957931519 990.8529052734375 149.53846740722656 1027.275146484375 218.5814971923828 1.7200941 1.7046262 0.77484596 10.453052 0.94180346 18.392622 -1.0784401893615723 0.8531575202941895
Car 0.0 0 -0.8009641170501709 0.0 204.60585021972656 292.78192138671875 370.0 3.716175 1.4885013 1.6252117 -3.1794329 1.6679698 3.3430758 -1.5612785816192627 0.8786816596984863
Car 0.0 0 1.839015007019043 366.0386657714844 179.31092834472656 405.22430419921875 201.00958251953125 4.2184067 1.5140911 1.6673378 -15.903782 1.432419 51.46598 1.5393078327178955 0.6464939713478088
Car 0.0 0 0.7691267728805542 455.75787353515625 172.130859375 565.9478759765625 212.80776977539062 4.348131 1.5018076 1.7394991 -3.810552 1.1943318 28.088497 0.6342875957489014 0.5679120421409607
Car 0.0 0 -1.8044440746307373 479.4233093261719 166.19375610351562 524.58447265625 194.3078155517578 4.0592732 1.5225182 1.6546767 -5.9553065 0.74916524 40.477055 -1.9505239725112915 0.20704087615013123
Car 0.0 0 -1.5080602169036865 0.0 189.3558349609375 14.633794784545898 219.5578155517578 4.288367 1.4695736 1.6645222 -32.866875 1.9734355 37.903175 -2.2224137783050537 0.19225753843784332
