Pedestrian 0.0 0 1.8647395372390747 286.362548828125 195.980712890625 341.8858947753906 235.30242919921875 1.2669612 1.1317693 1.2748331 -9.152872 1.8681835 22.270033 1.4747908115386963 0.6103891730308533
Car 0.0 0 -1.8678767681121826 750.8574829101562 178.0737762451172 964.9345703125 314.3671875 3.820812 1.4666319 1.6089777 3.0374515 1.5518929 9.820824 -1.5679218769073486 0.9684998393058777
Car 0.0 0 -1.666292428970337 705.1984252929688 176.92332458496094 793.611328125 252.7630157470703 3.5766754 1.4827256 1.5743144 2.9577987 1.5846186 16.151424 -1.4851701259613037 0.9329240918159485
Car 0.0 0 1.8646669387817383 341.5395812988281 192.14903259277344 440.9305114746094 256.0093688964844 3.8552282 1.530071 1.6304013 -6.095255 2.127161 20.381763 1.5740779638290405 0.926947295665741
Car 0.0 0 -1.6175352334976196 640.7764282226562 176.53598022460938 668.7898559570312 202.05145263671875 3.7793958 1.5650958 1.6274422 2.830758 1.8135005 46.705048 -1.5570000410079956 0.8115548491477966
Car 0.0 0 -2.298977851867676 890.744384765625 158.66378784179688 1242.0 375.0 3.8805153 1.4739889 1.6002358 2.8472562 1.4467597 3.3597672 -1.5959622859954834 0.7588421702384949
Car 0.0 0 1.718864917755127 484.7125549316406 184.1981658935547 521.0955810546875 211.60504150390625 3.8480275 1.5104545 1.6099716 -6.4094415 2.2215934 43.281147 1.5718449354171753 0.5838231444358826
Car 0.0 0 1.6880989074707031 502.58233642578125 184.99078369140625 532.8696899414062 209.44419860839844 3.9390717 1.5131606 1.5744374 -6.2023463 2.3640568 48.58512 1.5611263513565063 0.5513959527015686
Car 0.0 0 1.6973588466644287 444.9122619628906 171.81312561035156 473.5458679199219 195.1161651611328 3.8816655 1.7444205 1.7011061 -11.690673 1.66686 56.0122 1.4915962219238281 0.34220561385154724
Car 0.0 0 1.932084321975708 327.8191223144531 197.48902893066406 371.9436950683594 220.7221221923828 3.8322492 1.4174882 1.6301546 -18.011229 3.192222 50.038406 1.586574673652649 0.33465301990509033
