Pedestrian 0.0 0 1.746130108833313 522.8080444335938 167.4023895263672 536.5551147460938 199.2932586669922 0.9458092 1.8910294 0.6661301 -4.705083 0.8358871 43.116173 1.637434482574463 0.343569278717041
Pedestrian 0.0 0 1.2167741060256958 635.0606079101562 175.5476531982422 657.9256591796875 209.53817749023438 1.7394252 1.8056521 0.6789654 2.0670884 1.2931956 39.114727 1.2695717811584473 0.11307466775178909
Cyclist 0.0 0 1.2167741060256958 635.0606079101562 175.5476531982422 657.9256591796875 209.53817749023438 1.7394252 1.8056521 0.6789654 2.0670884 1.2931956 39.114727 1.2695717811584473 0.3081921637058258
Car 0.0 0 -1.129424810409546 0.0 190.87179565429688 391.0116882324219 376.0 3.8863473 1.4697739 1.6084541 -3.2270172 1.5348694 6.1506286 -1.6126089096069336 0.9564934372901917
Car 0.0 0 -1.6007537841796875 560.2481689453125 178.0125732421875 603.116455078125 216.8648681640625 3.8733091 1.6226003 1.778991 -1.2518595 1.3229061 32.011433 -1.6398404836654663 0.9327768683433533
Car 0.0 0 -1.3513554334640503 328.7625427246094 188.9803009033203 452.0438537597656 272.4493713378906 3.4758098 1.3825303 1.53622 -4.0846806 1.4655623 13.8496475 -1.6381546258926392 0.9117903709411621
Car 0.0 0 -1.229004979133606 265.3811340332031 186.29078674316406 362.44635009765625 237.19247436523438 3.7040899 1.4230249 1.6017052 -8.933129 1.4599686 22.057188 -1.613813042640686 0.868342936038971
Car 0.0 0 -1.0156461000442505 32.79987716674805 188.2643585205078 193.15219116210938 248.23052978515625 4.0229607 1.4063216 1.6205254 -12.969909 1.4971609 19.105696 -1.6120362281799316 0.8225423693656921
Car 0.0 0 -1.0548360347747803 120.60564422607422 185.91531372070312 306.48529052734375 265.71759033203125 4.118952 1.4597051 1.6112555 -8.155275 1.477716 15.260755 -1.5456197261810303 0.6035889387130737
Car 0.0 0 2.2127208709716797 0.0 161.230224609375 53.92668151855469 202.4800567626953 3.574949 1.6503166 1.6083263 -25.71335 0.6918411 30.58657 1.513665795326233 0.45106473565101624
Car 0.0 0 -1.3969485759735107 413.2593078613281 179.09388732910156 456.54168701171875 209.30880737304688 3.6871974 1.522003 1.6177787 -9.134797 1.2147634 38.096672 -1.6322849988937378 0.3365553319454193
Car 0.0 0 -1.2373337745666504 227.03831481933594 185.1947021484375 304.4582214355469 224.92758178710938 3.700641 1.4502258 1.6139469 -13.333964 1.4505908 28.16099 -1.6795498132705688 0.31909385323524475
