Pedestrian 0.0 0 2.1618380546569824 768.7444458007812 156.68511962890625 787.2897338867188 194.50027465820312 0.7649305 1.8846933 0.58553743 8.447553 1.0792003 36.433514 2.389674425125122 0.21206936240196228
Pedestrian 0.0 0 -2.6177115440368652 1010.8336181640625 142.70413208007812 1033.810302734375 190.63046264648438 0.5991281 1.8610258 0.53332794 16.191074 0.6906353 28.408451 -2.099689245223999 0.19397051632404327
Pedestrian 0.0 0 -0.5995125770568848 1063.7156982421875 84.29489135742188 1170.0904541015625 254.57736206054688 0.7623073 1.804295 0.58071345 5.5002465 0.8662899 7.9354515 0.006583213806152344 0.18499420583248138
Pedestrian 0.0 0 0.2834066152572632 185.17047119140625 199.9596405029297 259.807861328125 320.4333190917969 0.8116102 1.6370239 0.5899159 -5.5908613 2.0401015 10.343655 -0.2121223509311676 0.17874325811862946
Pedestrian 0.0 0 -2.075111150741577 1116.6634521484375 121.4223403930664 1171.644775390625 209.6995849609375 0.9154981 1.8360213 0.5766357 11.404128 0.7666854 15.495345 -1.4406490325927734 0.1520523577928543
Pedestrian 0.0 0 2.2083592414855957 14.3530912399292 254.25257873535156 190.76747131347656 374.31365966796875 1.3090122 1.0346532 0.96878785 -5.4549613 1.9890425 7.786928 1.5972789525985718 0.14841999113559723
Pedestrian 0.0 0 -2.1773996353149414 960.1419677734375 126.8763427734375 1018.8346557617188 233.1994171142578 0.7762025 1.829672 0.5845017 6.6861615 1.0388184 12.835756 -1.6971712112426758 0.12709110975265503
Pedestrian 0.0 0 -0.9152750372886658 1185.2900390625 206.12582397460938 1242.0 331.81475830078125 0.7424451 1.6460181 0.59948105 8.529744 2.1253114 10.013068 -0.20970149338245392 0.11535059660673141
Pedestrian 0.0 0 -1.7538777589797974 753.0547485351562 174.69580078125 770.0684814453125 210.81980895996094 0.81368 1.779704 0.6930425 7.520141 1.8730252 36.00182 -1.5479563474655151 0.11072049289941788
Cyclist 0.0 0 -1.5846130847930908 885.259033203125 165.95130920410156 898.2474975585938 213.36947631835938 1.675738 1.7122431 0.42450118 10.458329 1.4633493 26.910809 -1.2139472961425781 0.2346196472644806
Cyclist 0.0 0 -1.7620797157287598 1124.1168212890625 154.08140563964844 1176.7528076171875 233.7976531982422 1.7278264 1.7305123 0.6456209 12.336678 1.3233471 16.579136 -1.1223597526550293 0.1642073392868042
Car 0.0 0 1.7076698541641235 619.18701171875 176.07972717285156 647.4518432617188 195.94229125976562 4.1059947 1.4874357 1.6848793 1.8507935 1.7518636 56.89964 1.7401857376098633 0.6639878153800964
Car 0.0 0 -2.0266921520233154 465.3075866699219 167.05528259277344 524.7380981445312 197.25204467773438 3.7313342 1.5186784 1.6310307 -6.180033 1.227403 38.27932 -2.1867568492889404 0.1228627860546112
Car 0.0 0 0.9892362356185913 806.80908203125 179.73675537109375 874.1222534179688 209.63938903808594 3.6414373 1.4427438 1.6056999 11.93017 1.8214233 37.68738 1.2958120107650757 0.12042183429002762
Car 0.0 0 -1.7678074836730957 729.5811767578125 174.6681671142578 769.5765991210938 201.57269287109375 3.6888127 1.5114535 1.6211125 8.162859 1.6236626 42.632374 -1.578626275062561 0.10072683542966843
