Pedestrian 0.0 0 3.0120720863342285 576.2635498046875 169.30577087402344 607.6491088867188 224.59487915039062 0.9469051 1.8011105 0.785882 -0.34684867 1.4049608 23.854864 2.997533082962036 0.7396410703659058
Pedestrian 0.0 0 0.19630156457424164 388.8440856933594 162.3224334716797 459.1656188964844 297.6311340332031 0.76814526 1.7131538 0.78283757 -2.3735032 1.47168 9.50185 -0.04848301038146019 0.4484766721725464
Pedestrian 0.0 0 2.4366660118103027 996.2725219726562 135.18109130859375 1099.33984375 275.9581298828125 1.0586059 1.852875 0.6060655 6.05022 1.244565 9.832249 2.9882919788360596 0.15635943412780762
Pedestrian 0.0 0 0.9043079018592834 1080.31982421875 210.23843383789062 1238.0 374.0 0.9723908 1.5437988 0.6498983 3.405412 1.7336233 4.21659 1.5836793184280396 0.14468351006507874
Pedestrian 0.0 0 -0.42102351784706116 708.16748046875 164.3649444580078 743.48681640625 226.32608032226562 0.79266566 1.7251586 0.6469734 3.4993913 1.2492243 20.40955 -0.2512161433696747 0.13441845774650574
Pedestrian 0.0 0 -0.21554836630821228 799.1837158203125 142.52687072753906 841.9393920898438 215.55714416503906 0.91061205 1.8052444 0.65444696 5.4828434 0.8430508 18.11585 0.07834196090698242 0.130642369389534
Pedestrian 0.0 0 1.262132167816162 746.858154296875 197.5988006591797 816.003173828125 311.6847229003906 1.5071883 1.520713 0.5430925 2.5672128 1.7760196 10.560613 1.5005998611450195 0.12215007096529007
Pedestrian 0.0 0 -2.226335048675537 183.1447296142578 138.47500610351562 263.05078125 267.2330627441406 0.6643078 1.7372555 0.7525493 -5.3911543 1.1580697 10.169616 -2.71379017829895 0.11432628333568573
Pedestrian 0.0 0 1.2772090435028076 769.084228515625 142.7258758544922 793.939697265625 196.43475341796875 0.77068967 1.8667814 0.6548046 6.3303046 0.5201587 25.365782 1.5217742919921875 0.11260112375020981
Pedestrian 0.0 0 1.2688779830932617 805.9861450195312 192.36859130859375 867.843505859375 307.68133544921875 0.7971871 1.6061547 0.6458557 3.3745928 1.772144 10.480155 1.580392599105835 0.11211799085140228
Pedestrian 0.0 0 0.7987031936645508 289.776123046875 161.85179138183594 346.3935241699219 260.7115783691406 0.730721 1.7781323 0.6570162 -5.3079567 1.4260017 13.366728 0.4206974506378174 0.10353998839855194
Pedestrian 0.0 0 -1.7083591222763062 685.7836303710938 167.32528686523438 715.462158203125 234.9510040283203 1.6582 1.7057182 0.54692715 2.5671098 1.3493724 18.945778 -1.5736815929412842 0.1010296642780304
Cyclist 0.0 0 1.2061926126480103 759.3560180664062 151.46238708496094 798.2830810546875 208.88865661621094 1.8331301 1.6755551 0.5274369 5.3566847 0.8002664 21.89886 1.446092128753662 0.3305659294128418
Cyclist 0.0 0 -1.7009284496307373 686.475830078125 165.56292724609375 715.2113647460938 234.42819213867188 1.6312672 1.7290504 0.53362566 2.5603192 1.33009 18.850065 -1.5659290552139282 0.2117731273174286
Cyclist 0.0 0 1.2738617658615112 748.3538208007812 196.10525512695312 816.9002685546875 314.61083984375 1.5860221 1.5733473 0.52221596 2.5776944 1.805391 10.539678 1.5137238502502441 0.19238832592964172
Car 0.0 0 2.672612428665161 654.97998046875 159.14454650878906 757.69091796875 195.65853881835938 4.7548337 1.7325104 1.7872788 5.1974487 0.6727027 35.685574 2.8172411918640137 0.1732650250196457
