Pedestrian 0.0 0 2.4471659660339355 983.8353881835938 179.62887573242188 1049.3570556640625 298.0318603515625 0.61480635 1.6957692 0.5859997 5.9759564 1.8000005 10.71529 2.955904483795166 0.33836686611175537
Pedestrian 0.0 0 -2.066484212875366 941.6255493164062 163.05087280273438 1020.8099365234375 270.4559020996094 1.547795 1.7053994 0.51206595 6.2013326 1.550101 12.234403 -1.5973503589630127 0.17551638185977936
Cyclist 0.0 0 -2.0817577838897705 935.6218872070312 156.877685546875 1019.0827026367188 266.25445556640625 1.6419535 1.7452406 0.52892846 6.1862917 1.4906768 12.342619 -1.617139458656311 0.3192901611328125
Car 0.0 0 -1.909953236579895 759.9603271484375 188.64292907714844 1017.3934326171875 349.88861083984375 3.7851365 1.4571007 1.642464 3.0053618 1.6914524 8.790081 -1.5805091857910156 0.9670247435569763
Car 0.0 0 -1.8041621446609497 707.082763671875 186.1365203857422 842.3965454101562 282.7806091308594 3.8343987 1.5492175 1.6708729 2.975539 1.8436131 14.033068 -1.5952191352844238 0.9525130391120911
Car 0.0 0 1.6116652488708496 494.1839599609375 180.77525329589844 542.7077026367188 225.46632385253906 3.9057744 1.4599377 1.5952648 -3.3129292 1.7710997 26.29483 1.486333966255188 0.8998247385025024
Car 0.0 0 1.447603464126587 653.3307495117188 181.5392303466797 698.5526733398438 216.3934783935547 3.770862 1.4251473 1.555661 2.8597622 1.8381203 32.36425 1.535736322402954 0.7287909388542175
Car 0.0 0 1.6011288166046143 525.4452514648438 182.82212829589844 557.3771362304688 212.57577514648438 3.9103687 1.4602491 1.5912336 -3.6759343 2.023679 38.752678 1.5065555572509766 0.5195872187614441
Car 0.0 0 1.5724923610687256 640.2852783203125 181.4915008544922 665.7401733398438 206.16209411621094 3.8546002 1.5075588 1.6030169 2.7974305 2.0994854 47.44199 1.6313894987106323 0.48505303263664246
Car 0.0 0 1.574273705482483 546.353515625 178.7428436279297 571.945556640625 203.1450653076172 3.76025 1.4964609 1.6004788 -3.3457806 1.8970511 47.106552 1.5033669471740723 0.283592164516449
