Car 0.0 0 -1.3377480506896973 408.2548522949219 186.92599487304688 493.01641845703125 240.0328369140625 3.6326942 1.3860327 1.583459 -4.4645844 1.4408009 20.707975 -1.5500950813293457 0.9464548230171204
Car 0.0 0 -1.1941370964050293 148.34881591796875 194.3964080810547 404.52081298828125 335.5792236328125 4.0691776 1.4282894 1.6418638 -4.1090527 1.5782505 9.592897 -1.598836064338684 0.9308382272720337
Car 0.0 0 -1.5270448923110962 577.154541015625 176.9403076171875 612.12744140625 207.13560485839844 3.7503192 1.5634981 1.7419239 -0.6979414 1.1361339 39.11534 -1.5448861122131348 0.9216892123222351
Car 0.0 0 -1.3069814443588257 357.9290466308594 180.77407836914062 427.5030822753906 223.55442810058594 4.161586 1.621619 1.6907959 -8.715049 1.4543879 29.346127 -1.5956602096557617 0.8603404760360718
Car 0.0 0 -1.4036412239074707 463.2375793457031 183.10845947265625 516.769775390625 219.99920654296875 3.9831936 1.4764776 1.6196371 -5.001681 1.3932716 30.763391 -1.5648163557052612 0.8558363914489746
Car 0.0 0 -0.884543240070343 0.0 188.78216552734375 156.94891357421875 321.8591003417969 3.9639227 1.4611677 1.6158437 -8.35095 1.5217345 9.985948 -1.58101224899292 0.8006789088249207
Car 0.0 0 -1.4740725755691528 501.24932861328125 183.27059936523438 535.8460083007812 210.0421600341797 3.5649543 1.4245411 1.5777076 -4.955749 1.3221719 40.049923 -1.5971860885620117 0.7008575201034546
Car 0.0 0 -2.4075121879577637 0.0 196.11561584472656 256.24334716796875 376.0 4.1934094 1.4546365 1.6059488 -5.586339 1.5623757 6.219384 -3.1393396854400635 0.6937335729598999
Car 0.0 0 -1.1514554023742676 214.08685302734375 191.15052795410156 341.16143798828125 253.6700897216797 3.8299434 1.4384457 1.5895507 -8.5200815 1.610829 18.81957 -1.5765727758407593 0.5921158194541931
Car 0.0 0 0.8148757219314575 0.0 186.50848388671875 158.74981689453125 249.24217224121094 3.5844302 1.4553683 1.5327667 -13.329584 1.490386 17.77781 0.1715104579925537 0.4968288242816925
