Pedestrian 0.0 0 1.0976866483688354 894.8602294921875 190.0170135498047 931.3717041015625 258.77947998046875 0.7758902 1.743913 0.5924375 7.8880606 2.2039127 18.910881 1.4928618669509888 0.4159765839576721
Pedestrian 0.0 0 -1.7364317178726196 786.8903198242188 174.603759765625 806.5075073242188 217.8772430419922 0.8422889 1.7967079 0.67001957 7.8297625 1.8719782 30.440039 -1.4846701622009277 0.30483368039131165
Pedestrian 0.0 0 2.9876129627227783 436.66387939453125 189.20745849609375 457.5566101074219 227.07443237304688 0.846564 1.6944413 0.64249647 -7.5217977 2.4560747 33.131245 2.764366865158081 0.2147589474916458
Pedestrian 0.0 0 -3.6158368587493896 1012.5452880859375 106.73596954345703 1125.7850341796875 268.02392578125 0.9210631 1.8080941 0.65350723 5.2963066 1.067246 8.450869 -3.0560035705566406 0.21296033263206482
Cyclist 0.0 0 -1.6225941181182861 841.5613403320312 135.3333740234375 872.1563720703125 197.59715270996094 1.7199901 1.7430195 0.75388837 7.162128 0.69302094 21.12611 -1.295736312866211 0.20531417429447174
Cyclist 0.0 0 2.2192091941833496 434.4341125488281 189.138427734375 459.2039794921875 227.2217254638672 0.9930591 1.6911212 0.6400981 -7.5254683 2.4522564 33.121777 1.9957960844039917 0.19078998267650604
Cyclist 0.0 0 1.4556794166564941 787.229736328125 174.2291259765625 805.9170532226562 217.75572204589844 0.8484146 1.8044738 0.66778135 7.8154516 1.863671 30.405014 1.7072774171829224 0.11796262115240097
Car 0.0 0 2.1275594234466553 63.59464645385742 193.757080078125 153.45040893554688 228.6295928955078 3.9981728 1.4403803 1.6379522 -23.737772 2.4928687 34.27821 1.5218826532363892 0.697658896446228
Car 0.0 0 2.021430015563965 197.9482421875 191.35096740722656 256.9944152832031 218.0947723388672 4.068693 1.4701606 1.6115354 -23.581978 2.666174 44.575935 1.5348294973373413 0.6776759624481201
Car 0.0 0 2.0526440143585205 130.2614288330078 189.81980895996094 200.86216735839844 220.75729370117188 3.9122357 1.4708728 1.5734636 -23.658804 2.423894 38.507244 1.501704454421997 0.6772937178611755
Car 0.0 0 2.1124255657196045 238.3589324951172 188.16790771484375 294.3155822753906 212.63314819335938 4.127099 1.5237372 1.5811927 -23.642305 2.6249452 49.73452 1.668675184249878 0.3514939844608307
