Pedestrian 0.0 0 0.48438823223114014 544.583984375 162.2350616455078 576.3701171875 216.1167449951172 0.9556965 1.8892722 0.6169631 -1.8111453 1.5172945 25.771503 0.4142265319824219 0.48390302062034607
Cyclist 0.0 0 2.7797582149505615 854.8716430664062 157.63038635253906 903.491943359375 200.63558959960938 1.8326178 1.80703 0.62110984 11.377282 1.1677089 30.63169 3.1353883743286133 0.9054045081138611
Cyclist 0.0 0 -1.514860987663269 538.7685546875 159.25376892089844 550.4204711914062 190.16799926757812 1.9444323 1.8538653 0.60619956 -4.0361695 1.0386436 44.248714 -1.6058248281478882 0.416479229927063
Cyclist 0.0 0 -2.190936326980591 624.1234741210938 155.48086547851562 654.1659545898438 191.3916473388672 1.9547452 1.8270907 0.5268336 1.4708455 0.9435282 37.669636 -2.1519103050231934 0.17032161355018616
Car 0.0 0 1.936788558959961 424.4075927734375 173.779541015625 539.9370727539062 235.047607421875 4.3335056 1.4563818 1.6144813 -3.3455205 1.4846848 19.500141 1.7668788433074951 0.9282556176185608
Car 0.0 0 2.323127508163452 1081.2896728515625 159.98231506347656 1204.27978515625 197.78164672851562 4.241819 1.5061183 1.6594492 22.039843 0.993603 29.95091 2.9575209617614746 0.3496325612068176
Car 0.0 0 1.92891526222229 127.0567398071289 128.0140380859375 394.2783508300781 289.2825622558594 4.457995 1.774129 1.8624308 -4.57931 1.2811986 10.218309 1.5076029300689697 0.20608797669410706
Car 0.0 0 -1.5590486526489258 611.401123046875 172.0542449951172 640.285888671875 199.7433319091797 3.5709355 1.5232888 1.5898134 0.8955623 1.4796486 41.50293 -1.5374736785888672 0.17782701551914215
Car 0.0 0 1.5029125213623047 706.833251953125 167.46865844726562 726.972412109375 184.03102111816406 3.6521478 1.5257107 1.6387507 10.082638 1.0299743 68.349434 1.6493723392486572 0.14856202900409698
Car 0.0 0 1.4948158264160156 729.6444091796875 171.60670471191406 760.1412353515625 197.48968505859375 4.209317 1.6896266 1.7245085 9.138295 1.6085621 49.283806 1.6781554222106934 0.12548571825027466
