Pedestrian 0.0 0 -2.601506471633911 348.1014709472656 160.40960693359375 372.3114013671875 197.27809143066406 0.9579266 1.7608758 0.5516808 -11.980029 0.57724386 34.69814 -2.9339561462402344 0.24532343447208405
Pedestrian 0.0 0 -0.11808843165636063 611.9801635742188 165.67550659179688 627.1854858398438 201.86505126953125 0.68128914 1.7698774 0.6222142 0.54903656 0.8153813 35.496784 -0.10262244194746017 0.2014569491147995
Pedestrian 0.0 0 -1.2202444076538086 226.75042724609375 180.2703399658203 260.638671875 235.3475799560547 1.4599646 1.608024 0.44200876 -11.034652 1.4647716 21.73488 -1.6900275945663452 0.10520229488611221
Cyclist 0.0 0 -1.2202444076538086 226.75042724609375 180.2703399658203 260.638671875 235.3475799560547 1.4599646 1.608024 0.44200876 -11.034652 1.4647716 21.73488 -1.6900275945663452 0.27238330245018005
Cyclist 0.0 0 -1.2953583002090454 164.0316162109375 169.1487274169922 191.5492401123047 216.19046020507812 1.5697937 1.6719482 0.45865676 -15.794383 1.1020309 26.36321 -1.8351209163665771 0.1552051603794098
Car 0.0 0 -1.6301805973052979 552.1087036132812 196.47804260253906 729.5298461914062 363.8393249511719 3.4577007 1.4037622 1.5576504 0.17277515 1.5581189 8.019268 -1.608638882637024 0.953037440776825
Car 0.0 0 -1.6024367809295654 567.5620727539062 180.77088928222656 656.465576171875 259.8323669433594 3.948681 1.48401 1.6735915 -0.034337614 1.4017105 15.490922 -1.6046533584594727 0.6929675340652466
Car 0.0 0 -1.5890095233917236 563.5210571289062 174.5629119873047 618.9547729492188 224.1293182373047 3.7873816 1.4490652 1.623415 -0.6106387 1.1387643 22.940004 -1.6156221628189087 0.34740257263183594
Car 0.0 0 1.9013957977294922 302.43408203125 176.12115478515625 335.1347961425781 193.43951416015625 3.6353528 1.4627455 1.5460973 -25.121527 0.6957334 62.567223 1.519586205482483 0.21070259809494019
Car 0.0 0 -0.9708081483840942 758.7757568359375 161.9776153564453 803.3013305664062 181.09532165527344 4.0439744 1.544997 1.6791887 14.696566 -0.35941872 60.921055 -0.7340915203094482 0.1543453186750412
Car 0.0 0 -2.9576056003570557 557.6659545898438 161.7734832763672 631.3740234375 191.58132934570312 3.5021253 1.4633259 1.5508155 -0.67620534 0.31363332 36.339363 -2.9762115478515625 0.14742302894592285
Car 0.0 0 -1.4311397075653076 586.5645751953125 176.71156311035156 636.0629272460938 213.34625244140625 3.74717 1.4464144 1.5836171 0.17392464 1.1117849 30.346695 -1.4254084825515747 0.14382962882518768
