Car 0.0 0 -1.0719363689422607 148.20074462890625 199.4367218017578 231.17535400390625 234.68927001953125 4.366035 1.4844294 1.6814603 -20.831068 2.8890994 35.909897 -1.5975894927978516 0.9308700561523438
Car 0.0 0 -1.7079598903656006 650.0203857421875 174.6393280029297 699.3292846679688 211.66993713378906 3.923085 1.550196 1.670483 2.7986197 1.6356748 32.397232 -1.6217892169952393 0.9287509918212891
Car 0.0 0 -1.0182006359100342 101.99497985839844 202.3899688720703 187.7871856689453 235.96380615234375 4.3027477 1.4274161 1.6471577 -23.53604 3.0168562 36.651085 -1.589048147201538 0.9179940819740295
Car 0.0 0 1.8108035326004028 422.34686279296875 186.46578979492188 483.73779296875 228.1341552734375 3.6493754 1.4869466 1.5704371 -6.2302623 2.0654051 28.796211 1.5977306365966797 0.8785176277160645
Car 0.0 0 -0.970104992389679 50.31100845336914 205.07362365722656 145.9469451904297 240.5630645751953 4.414973 1.4961152 1.7767159 -25.903648 3.2330098 36.66585 -1.5851659774780273 0.8704392313957214
Car 0.0 0 -1.1098549365997314 200.77296447753906 199.43190002441406 278.1773986816406 233.65594482421875 4.2143908 1.4448586 1.725775 -18.343006 2.8443813 35.864582 -1.5826219320297241 0.7656136155128479
Car 0.0 0 1.7857524156570435 453.8134765625 186.7001495361328 504.460693359375 220.18348693847656 3.912334 1.4261243 1.574077 -6.2022314 2.1238215 34.3529 1.6071319580078125 0.7537729740142822
Car 0.0 0 2.384370803833008 0.0 214.57972717285156 152.13079833984375 375.0 3.950974 1.5238556 1.6360924 -6.078271 1.9957206 6.148643 1.6047282218933105 0.6894320249557495
Car 0.0 0 1.8579187393188477 487.7417297363281 180.892822265625 533.6959228515625 209.01171875 4.060775 1.536194 1.61459 -5.85799 2.0367224 42.762203 1.7217762470245361 0.5039406418800354
Car 0.0 0 -2.5606162548065186 0.0 0.0 1242.0 375.0 3.8767302 1.4914882 1.5934225 3.0172257 1.5368292 1.377706 -1.418160080909729 0.46638113260269165
