Pedestrian 0.0 0 -2.117906332015991 1212.1168212890625 136.33380126953125 1242.0 206.5349578857422 0.7777992 1.897007 0.63168013 17.197773 0.9105 19.930418 -1.4059760570526123 0.3421095013618469
Pedestrian 0.0 0 -2.1966426372528076 72.7186508178711 185.19544982910156 122.94134521484375 245.0321807861328 0.9586473 1.8753526 0.9506522 -16.692778 2.2874293 23.464209 -2.814988374710083 0.2511363923549652
Pedestrian 0.0 0 1.8553416728973389 371.88629150390625 197.2784881591797 425.37799072265625 235.69293212890625 1.3015019 1.1006361 1.2631795 -6.5118175 1.87296 22.150713 1.5694189071655273 0.1955627053976059
Pedestrian 0.0 0 -2.4040892124176025 0.0 212.02366638183594 50.79594802856445 285.9302978515625 1.0740206 1.6037834 1.0633929 -14.021185 2.5461087 16.795359 -3.0997071266174316 0.16142085194587708
Pedestrian 0.0 0 -2.3310577869415283 391.71112060546875 164.38490295410156 412.19342041015625 200.92271423339844 0.7112162 1.8968828 0.7528457 -10.980968 1.457562 37.96075 -2.612643241882324 0.12220997363328934
Pedestrian 0.0 0 2.244896411895752 135.28948974609375 181.06491088867188 184.4281005859375 241.252685546875 1.0192152 1.8924567 0.9170661 -14.627587 2.165445 23.395744 1.6861357688903809 0.11453960835933685
Cyclist 0.0 0 2.092334747314453 192.8700408935547 178.59927368164062 245.44468688964844 237.8583221435547 2.0557168 1.800009 0.53135395 -12.549243 1.9929466 23.148796 1.5955675840377808 0.8593075275421143
Cyclist 0.0 0 1.6564905643463135 405.15472412109375 171.17898559570312 416.67059326171875 197.96241760253906 1.7622533 1.7461717 0.5911167 -13.256844 1.6373255 47.958935 1.3868039846420288 0.12338181585073471
Cyclist 0.0 0 -2.068162441253662 1213.603271484375 136.30641174316406 1242.0 206.76348876953125 0.9406194 1.896459 0.6544571 17.304123 0.9130833 19.948303 -1.3536256551742554 0.10421405732631683
Car 0.0 0 3.3023581504821777 419.06805419921875 181.49105834960938 490.9815673828125 210.72305297851562 3.4840293 1.4772947 1.5571431 -8.121407 1.9409945 37.83895 3.0909347534179688 0.6921790838241577
Car 0.0 0 -2.9387786388397217 429.1000061035156 177.46243286132812 500.4197692871094 204.99574279785156 3.9493992 1.6118869 1.6576731 -8.720624 1.894524 43.35604 -3.137269973754883 0.2555459141731262
Car 0.0 0 -2.901644229888916 468.2211608886719 174.0180206298828 524.728515625 196.3280029296875 3.7334926 1.5689064 1.6050761 -8.152573 1.6543672 51.793793 -3.057767629623413 0.23637451231479645
Car 0.0 0 1.4578814506530762 725.0572509765625 168.3809814453125 747.1605834960938 186.370361328125 3.8663235 1.6330161 1.6058359 11.744442 1.2273283 67.47351 1.6302149295806885 0.11741574108600616
Car 0.0 0 0.7429734468460083 771.5393676757812 173.78707885742188 852.1818237304688 206.05430603027344 3.6961405 1.4961823 1.6287173 9.849908 1.5451261 35.568523 1.0131309032440186 0.11128157377243042
Car 0.0 0 -2.865687131881714 447.6888122558594 175.47373962402344 511.04461669921875 199.83250427246094 3.7299466 1.5322877 1.6008507 -8.436684 1.7052947 46.572372 -3.044895887374878 0.10920695215463638
