Pedestrian 0.0 0 -0.3486751616001129 775.4971923828125 161.43026733398438 794.31689453125 190.37989807128906 1.046734 1.867496 0.59918207 11.33496 1.1309259 46.89855 -0.1115318313241005 0.5544571876525879
Pedestrian 0.0 0 -2.960462808609009 519.28564453125 155.3332061767578 548.9735717773438 212.53892517089844 0.8304597 1.7587745 0.58356994 -2.407218 1.2204605 22.502645 -3.0670323371887207 0.4131881594657898
Pedestrian 0.0 0 3.042956590652466 447.640625 164.05393981933594 468.45794677734375 197.2904510498047 1.0659806 1.8029585 0.56723976 -8.37089 1.3259455 39.5695 2.8344812393188477 0.3470888137817383
Car 0.0 0 -2.050278425216675 745.9686889648438 162.63047790527344 792.522216796875 187.9844207763672 4.0297284 1.7674905 1.6226357 11.493679 1.0551398 52.454277 -1.8345695734024048 0.8586359620094299
Car 0.0 0 3.0412871837615967 482.25567626953125 167.24734497070312 558.3948974609375 198.2790069580078 3.628952 1.497703 1.5523357 -4.528856 1.2274628 35.98356 2.916086435317993 0.84268718957901
Car 0.0 0 1.2039039134979248 714.4476318359375 156.90220642089844 761.251953125 191.69200134277344 4.4539437 2.352521 1.7789572 8.968911 1.2742025 51.144737 1.3775020837783813 0.8246804475784302
Car 0.0 0 -1.9800872802734375 795.0738525390625 161.8950958251953 840.4664916992188 184.72039794921875 4.0201373 1.5805033 1.6795357 14.904783 0.8220284 52.061295 -1.7012526988983154 0.6886310577392578
Car 0.0 0 1.0659319162368774 929.7833251953125 160.22100830078125 981.8548583984375 183.11221313476562 4.0129824 1.5823685 1.6362375 24.789593 0.70946324 51.92558 1.5113416910171509 0.5241033434867859
Car 0.0 0 -2.247281074523926 950.3575439453125 160.69296264648438 1004.193115234375 181.671630859375 3.6402578 1.4971626 1.6292638 27.115461 0.6296355 53.439182 -1.7777246236801147 0.5207375884056091
Car 0.0 0 -2.434596061706543 997.8511352539062 158.61895751953125 1056.787841796875 181.8601837158203 3.5248077 1.6722668 1.7339588 31.07254 0.6483763 53.864544 -1.9113616943359375 0.4264231026172638
