Pedestrian 0.0 0 0.5452678799629211 405.6124267578125 151.83395385742188 447.3449401855469 207.6287384033203 1.2540905 1.8617535 0.58434695 -6.283175 1.1607174 24.535072 0.29456615447998047 0.48913440108299255
Pedestrian 0.0 0 -3.31976580619812 737.7445678710938 117.85897064208984 841.5934448242188 281.79315185546875 1.0199354 1.7226715 0.52010304 1.8840724 1.1451246 7.8680096 -3.0847315788269043 0.43981218338012695
Pedestrian 0.0 0 -1.2098402976989746 443.47137451171875 151.33004760742188 478.064208984375 206.44712829589844 0.9679998 1.9185246 0.92388076 -5.3426356 1.1696733 25.662432 -1.4150973558425903 0.19250759482383728
Pedestrian 0.0 0 -1.4438942670822144 472.050537109375 166.8726806640625 490.1060485839844 210.30992126464844 0.66620636 1.8722998 0.6971149 -5.6558595 1.6148418 31.448559 -1.6218369007110596 0.16013571619987488
Pedestrian 0.0 0 0.4819110631942749 334.1982421875 159.46875 371.9553527832031 214.9496307373047 0.99370354 1.7377642 0.5402545 -8.207587 1.3188713 22.93316 0.13822317123413086 0.14476478099822998
Pedestrian 0.0 0 2.8525476455688477 738.021240234375 157.26400756835938 776.2659912109375 228.98634338378906 0.8240203 1.801903 0.5877138 3.7086856 1.4105887 18.45465 3.050868034362793 0.12979570031166077
Cyclist 0.0 0 -1.616610050201416 656.27294921875 151.5223846435547 673.9363403320312 206.512451171875 1.7781876 1.7558734 0.49814945 1.7717453 1.0750974 23.932217 -1.5427130460739136 0.22315362095832825
Cyclist 0.0 0 0.5297450423240662 404.25079345703125 151.79275512695312 448.19146728515625 208.29000854492188 1.3448774 1.8852817 0.5683671 -6.2914844 1.182838 24.532772 0.278702974319458 0.18483348190784454
Cyclist 0.0 0 -1.7176252603530884 780.6965942382812 154.91156005859375 820.0960693359375 247.7752227783203 1.8033903 1.7112737 0.4824464 3.6755855 1.3809917 14.215796 -1.4646098613739014 0.17741498351097107
Cyclist 0.0 0 2.0795865058898926 106.0524673461914 150.05177307128906 235.77676391601562 309.28961181640625 1.6556932 1.7498686 0.61726856 -5.314499 1.4996524 8.764748 1.5345113277435303 0.11836597323417664
Car 0.0 0 1.5568832159042358 524.4340209960938 178.521728515625 550.7230224609375 204.4884490966797 4.1306086 1.6617006 1.7118224 -5.005145 2.0659049 49.259506 1.4556230306625366 0.8380424380302429
Car 0.0 0 2.3968043327331543 0.0 206.1683807373047 206.37660217285156 375.0 3.7261522 1.5021743 1.5439774 -3.0793033 1.7016047 2.3867035 1.4853674173355103 0.5345122814178467
Car 0.0 0 1.4881166219711304 507.2846374511719 183.3300323486328 532.4619750976562 204.72903442382812 4.0767336 1.5655315 1.6388485 -7.1852956 2.4258914 57.06636 1.3628644943237305 0.12188513576984406
