Pedestrian 0.0 0 -2.4294984340667725 5.750674724578857 156.2565460205078 148.87722778320312 326.8605651855469 0.984364 1.6853901 0.6939214 -5.5691934 1.5217824 7.5076294 -3.0677337646484375 0.8542426228523254
Pedestrian 0.0 0 1.2643431425094604 274.67523193359375 159.50320434570312 332.48974609375 282.7096252441406 0.6100317 1.6628978 0.59108424 -4.370886 1.4830619 10.1597595 0.8580632209777832 0.5010026693344116
Pedestrian 0.0 0 0.09420427680015564 231.8502960205078 204.99560546875 251.21066284179688 246.3520965576172 0.70434415 1.7735554 0.7186978 -16.441069 3.225777 32.125607 -0.3788185715675354 0.3705567717552185
Pedestrian 0.0 0 0.702161431312561 212.74505615234375 198.3252410888672 316.4363098144531 298.25286865234375 1.6628137 1.6197556 0.5170716 -5.979039 2.073558 12.384277 0.25237417221069336 0.14622637629508972
Pedestrian 0.0 0 -1.8473970890045166 285.59716796875 157.64796447753906 313.5063781738281 203.84506225585938 1.693983 1.7356098 0.5479429 -12.072429 1.1646818 27.934607 -2.2553229331970215 0.11854737997055054
Cyclist 0.0 0 -1.6261043548583984 163.89198303222656 179.56739807128906 203.501708984375 250.45977783203125 1.7413983 1.7539035 0.7970509 -11.272972 1.9396038 18.97234 -2.1622328758239746 0.7253504395484924
Cyclist 0.0 0 -1.8461573123931885 285.1767883300781 157.455078125 313.5967102050781 204.01658630371094 1.7360793 1.7485617 0.5569427 -12.082728 1.170632 27.942652 -2.254288911819458 0.3080185353755951
Cyclist 0.0 0 -2.429377555847168 226.03013610839844 186.89306640625 338.0265808105469 291.1213073730469 1.8274081 1.6919682 0.55490506 -5.6759157 1.9432232 12.371305 -2.859522819519043 0.26964911818504333
Car 0.0 0 2.096940279006958 1107.7374267578125 166.14247131347656 1242.0 223.88429260253906 3.981698 1.5190842 1.619111 16.235996 1.3428739 20.46035 2.767726421356201 0.8387867212295532
Car 0.0 0 2.2283337116241455 0.0 183.6936492919922 83.43024444580078 375.0 3.9118118 1.5103672 1.5778779 -5.662426 1.6176113 5.044231 1.3852602243423462 0.2934621274471283
