Pedestrian 0.0 0 1.0054388046264648 704.8931884765625 136.51007080078125 793.8865966796875 283.1593322753906 0.9556441 1.7770655 0.72480667 1.7991202 1.2456847 9.139598 1.1998026371002197 0.8586521148681641
Pedestrian 0.0 0 1.1767088174819946 638.22412109375 139.61529541015625 720.5867919921875 286.5478515625 1.0067188 1.7317109 0.69334906 0.86725205 1.2515363 8.910916 1.2737278938293457 0.7435898780822754
Pedestrian 0.0 0 1.0498915910720825 706.9178466796875 139.7659454345703 760.442626953125 236.6269073486328 0.9396762 1.7441001 0.597278 2.3597627 1.0122749 13.269445 1.2258859872817993 0.7310026288032532
Pedestrian 0.0 0 1.1655371189117432 535.005859375 141.95635986328125 574.5166625976562 227.5026092529297 0.8129097 1.662523 0.51099616 -1.0591179 0.91508996 14.21445 1.0911645889282227 0.720394492149353
Pedestrian 0.0 0 1.4116078615188599 445.05126953125 147.5330810546875 478.8662109375 219.0159149169922 0.91309655 1.7608263 0.7037403 -3.6794348 0.9503542 17.963112 1.2095696926116943 0.7055255174636841
Pedestrian 0.0 0 1.2471128702163696 601.6963500976562 143.0359649658203 655.4888916015625 246.47618103027344 0.8623415 1.719899 0.6909817 0.35299507 1.0986354 12.2640915 1.2758877277374268 0.662814199924469
Pedestrian 0.0 0 1.2975112199783325 554.53515625 151.20791625976562 595.0319213867188 242.50787353515625 0.7333929 1.6614462 0.5823538 -0.6191797 1.1300387 13.301311 1.2509945631027222 0.6436262130737305
Pedestrian 0.0 0 -1.8444525003433228 458.1435546875 138.00900268554688 509.404296875 238.87852478027344 0.8700294 1.6319578 0.6404428 -2.1064065 0.9461535 11.965085 -2.0187129974365234 0.6326255202293396
Pedestrian 0.0 0 1.3534718751907349 600.4470825195312 134.07937622070312 629.7168579101562 203.5729522705078 0.9239219 1.7843953 0.5843465 0.22183579 0.59403753 18.661863 1.3653584718704224 0.5885375738143921
Pedestrian 0.0 0 0.9508085250854492 484.81451416015625 142.817626953125 540.465576171875 238.06796264648438 0.8584467 1.6643836 0.62042844 -1.730186 1.0075748 12.875117 0.8172266483306885 0.5014793276786804
Pedestrian 0.0 0 -1.8759729862213135 686.45947265625 147.6862030029297 710.6038208007812 206.75279235839844 0.71278375 1.8434695 0.57126474 2.9357202 0.8209038 22.462782 -1.7460169792175293 0.40349167585372925
Pedestrian 0.0 0 1.0688271522521973 672.609619140625 137.177001953125 726.0867919921875 238.60934448242188 0.9537406 1.796639 0.5911418 1.6886101 1.0309156 13.070599 1.1973069906234741 0.37131989002227783
Pedestrian 0.0 0 1.193785309791565 588.0640258789062 148.09396362304688 629.4722290039062 235.32574462890625 0.84276456 1.6676583 0.5456257 0.023845905 1.049768 14.004126 1.1954880952835083 0.34519344568252563
Pedestrian 0.0 0 0.7514828443527222 504.0229187011719 154.36669921875 542.5427856445312 221.39051818847656 0.8462742 1.6974263 0.5505597 -2.1615329 1.0371745 18.374058 0.634380578994751 0.30912551283836365
Pedestrian 0.0 0 -1.3489484786987305 108.30978393554688 141.00242614746094 168.8889617919922 253.3816375732422 0.892477 1.7855346 0.6638673 -7.7855515 1.1596335 11.763946 -1.933584451675415 0.2741442322731018
Pedestrian 0.0 0 -2.162794828414917 623.9615478515625 156.29885864257812 666.1478271484375 203.85096740722656 1.6783904 1.7266251 0.7769302 1.4650031 0.84939754 26.587902 -2.107750177383423 0.12115324288606644
Cyclist 0.0 0 0.8260906934738159 249.92901611328125 135.14993286132812 357.9536437988281 246.6782684326172 1.7974445 1.7763655 0.6148802 -5.1221185 1.0557082 11.903536 0.4197375774383545 0.3917231261730194
Cyclist 0.0 0 -2.1440205574035645 628.1512451171875 154.84669494628906 670.4715576171875 202.7725830078125 1.6824068 1.7364596 0.7980232 1.621643 0.808505 26.541765 -2.082998752593994 0.32053834199905396
Cyclist 0.0 0 0.7514828443527222 504.0229187011719 154.36669921875 542.5427856445312 221.39051818847656 0.8462742 1.6974263 0.5505597 -2.1615329 1.0371745 18.374058 0.634380578994751 0.11200153082609177
