Pedestrian 0.0 0 1.470494270324707 837.5355834960938 179.25759887695312 864.906005859375 243.2727508544922 0.600345 1.5364902 0.5793048 5.87686 1.6974995 17.742872 1.7903449535369873 0.36975374817848206
Pedestrian 0.0 0 -0.373141348361969 983.661376953125 166.0871124267578 1040.626708984375 271.74786376953125 0.70204854 1.7912794 0.57982475 6.9380856 1.6769172 12.562984 0.1314384937286377 0.2570367753505707
Cyclist 0.0 0 1.6965484619140625 326.513671875 176.9816131591797 349.8570861816406 234.10394287109375 1.6193948 1.9680907 0.58641857 -9.764286 2.1211593 25.836527 1.3352153301239014 0.20767812430858612
Cyclist 0.0 0 -1.718534231185913 799.4351196289062 164.77947998046875 816.7633666992188 205.98033142089844 1.633883 1.7390386 0.48625582 8.541328 1.3985807 31.292479 -1.452073574066162 0.17821037769317627
Cyclist 0.0 0 2.59291934967041 0.0 181.84652709960938 85.96981048583984 268.66680908203125 1.4772832 1.589945 0.5716237 -11.29595 1.7767656 14.166699 1.9197907447814941 0.13204284012317657
Car 0.0 0 1.6406798362731934 525.1453857421875 181.54312133789062 561.49755859375 211.3121795654297 4.2273827 1.5023221 1.7058872 -3.658844 2.0075157 39.78658 1.548975944519043 0.8571709990501404
Car 0.0 0 1.461827039718628 554.7758178710938 180.2539520263672 577.9478149414062 197.87149047851562 3.943693 1.4699001 1.6282285 -3.9222443 2.1482835 64.02753 1.4006447792053223 0.352865606546402
Car 0.0 0 1.7238646745681763 402.7514953613281 181.71139526367188 441.0118713378906 209.1139373779297 3.7335656 1.4888994 1.6262423 -11.036434 2.0335314 42.39509 1.469193696975708 0.17792755365371704
Car 0.0 0 1.6106905937194824 944.1612548828125 167.1077423095703 985.4380493164062 201.2287139892578 3.903216 1.5158658 1.6002543 16.792736 1.2609392 34.149456 2.0677103996276855 0.14960940182209015
Car 0.0 0 2.6394906044006348 294.31732177734375 180.08990478515625 412.512451171875 220.6741485595703 4.358869 1.5275245 1.7291212 -10.675054 1.8522688 30.141903 2.29911470413208 0.14647863805294037
