Pedestrian 0.0 0 -0.6559062600135803 958.3207397460938 151.94569396972656 982.8478393554688 194.81309509277344 0.8082306 1.9076663 0.5681623 16.18128 0.9775722 32.4633 -0.19350066781044006 0.1497707962989807
Pedestrian 0.0 0 -2.567420244216919 313.8209228515625 154.10614013671875 333.38555908203125 187.00314331054688 0.74997777 1.7428904 0.63285947 -15.358536 0.7499827 38.60774 -2.9460370540618896 0.14333246648311615
Cyclist 0.0 0 -2.9636893272399902 743.3257446289062 186.0611572265625 782.4141235351562 230.26463317871094 1.5961617 1.8783382 0.57838917 6.646727 2.4669158 31.56502 -2.7561488151550293 0.2094690352678299
Car 0.0 0 1.8136813640594482 384.8368835449219 182.03599548339844 498.73077392578125 258.0391845703125 3.6729405 1.454894 1.6259025 -3.6624634 1.6838444 16.108603 1.5901211500167847 0.9613295793533325
Car 0.0 0 -1.5695035457611084 583.6047973632812 176.03195190429688 622.0711059570312 214.2849578857422 4.424236 1.6039394 1.6329072 -0.3668181 1.7587293 32.840103 -1.5806728601455688 0.8563914895057678
Car 0.0 0 2.0934956073760986 159.83279418945312 174.5342254638672 237.7758331298828 215.37107849121094 4.052438 1.9448519 1.6233362 -20.764318 2.03508 36.558765 1.5769598484039307 0.7400452494621277
Car 0.0 0 -1.6541366577148438 712.6508178710938 183.09947204589844 734.8475952148438 200.8738555908203 3.5814552 1.4825772 1.6524518 10.065283 2.4201472 64.15484 -1.4985147714614868 0.33347979187965393
Car 0.0 0 1.4358116388320923 630.102783203125 182.9010467529297 664.5849609375 210.0289306640625 3.6246607 1.4933006 1.5696357 2.1491916 2.118171 42.97488 1.4857804775238037 0.17749722301959991
Car 0.0 0 -0.8443741202354431 647.7280883789062 188.93637084960938 766.8212280273438 239.80245971679688 4.017897 1.4965943 1.7851442 3.3065014 2.0866811 24.469067 -0.7100578546524048 0.1642932891845703
Car 0.0 0 1.2015657424926758 803.4085693359375 192.11058044433594 841.1818237304688 212.64404296875 3.1862714 1.4109781 1.6891237 15.9249735 2.906117 54.347717 1.4866067171096802 0.14195354282855988
Car 0.0 0 -2.309148073196411 757.7586669921875 191.0088348388672 841.1529541015625 226.01397705078125 3.8282452 1.4413092 1.6360387 8.795593 2.3477368 33.932907 -2.0555243492126465 0.1376660019159317
