Pedestrian 0.0 0 2.1907951831817627 1139.9342041015625 118.44015502929688 1242.0 323.72412109375 0.76968426 1.7562828 0.6156707 5.3665614 1.2911094 6.568389 2.875833511352539 0.2423010617494583
Cyclist 0.0 0 -2.2583346366882324 632.26318359375 155.49090576171875 661.5391235351562 191.707763671875 1.7172637 1.7159262 0.4221989 1.7401391 0.8936348 34.998653 -2.20865535736084 0.30073460936546326
Car 0.0 0 -1.7608239650726318 602.6268310546875 177.46554565429688 678.4946899414062 233.98385620117188 3.9635007 1.5948457 1.6502621 0.82284534 1.7541571 22.782799 -1.7247227430343628 0.9154370427131653
Car 0.0 0 0.5309994220733643 0.0 173.8509063720703 249.56993103027344 309.0070495605469 3.5904567 1.5631737 1.5974064 -6.9133925 1.5778013 9.341237 -0.10613156855106354 0.8995274305343628
Car 0.0 0 -2.265779972076416 0.0 197.74575805664062 86.12663269042969 375.0 3.5373933 1.4590558 1.5536875 -6.968112 1.7075704 6.338226 -3.098479986190796 0.787753701210022
Car 0.0 0 0.007906585931777954 343.280029296875 184.2552490234375 450.6341857910156 225.27020263671875 3.9288821 1.4923918 1.6157751 -8.353339 1.9608243 28.301947 -0.2790953814983368 0.39922642707824707
Car 0.0 0 -1.4148449897766113 357.8802490234375 179.01759338378906 429.2865295410156 233.94430541992188 3.1710527 1.4570974 1.5322918 -6.3198423 1.6527653 21.187464 -1.7047250270843506 0.31251028180122375
Car 0.0 0 -1.650713562965393 550.5442504882812 177.2707061767578 573.9716796875 196.46658325195312 3.684533 1.5204324 1.6495125 -4.0200334 1.8998824 59.98478 -1.7176311016082764 0.2777959406375885
Car 0.0 0 3.016038417816162 359.8554382324219 181.93206787109375 454.18695068359375 216.66342163085938 3.9879022 1.4794875 1.6123508 -9.335086 1.9148088 33.048416 2.740743637084961 0.23611846566200256
Car 0.0 0 -2.2218048572540283 604.2847290039062 170.89866638183594 655.9993286132812 194.48760986328125 3.6672142 1.5171082 1.55576 1.2823124 1.3917102 48.34486 -2.195286750793457 0.23335126042366028
