Pedestrian 0.0 0 -0.689723014831543 827.2595825195312 172.32138061523438 852.924560546875 217.92245483398438 0.5921787 1.6869966 0.726658 8.60761 1.6676503 27.137892 -0.3825797438621521 0.4854319095611572
Pedestrian 0.0 0 1.9583464860916138 187.74728393554688 159.55697631835938 210.4956512451172 203.1785430908203 0.65986335 1.8452939 0.6455686 -17.626562 1.2831568 30.889254 1.439797043800354 0.2065000981092453
Pedestrian 0.0 0 1.35360848903656 784.4255981445312 161.21524047851562 803.1691284179688 196.5885467529297 1.0174447 1.8158052 0.7421503 9.523606 1.2187147 37.555725 1.6019593477249146 0.19970926642417908
Pedestrian 0.0 0 2.046501398086548 199.01588439941406 118.02104187011719 277.34521484375 259.7066955566406 0.9385411 1.8053705 0.56768626 -5.008386 1.1070421 9.661143 1.5682382583618164 0.11386213451623917
Cyclist 0.0 0 1.9749619960784912 265.2228698730469 180.6810760498047 290.6491394042969 216.2290496826172 1.6047504 1.7412939 0.5865547 -16.826271 2.146504 36.508274 1.543089509010315 0.14715732634067535
Car 0.0 0 2.1763668060302734 184.8670654296875 179.84043884277344 275.1998596191406 216.38873291015625 3.6933591 1.3887669 1.4929515 -15.771106 1.6989807 30.074053 1.6933832168579102 0.8153658509254456
Car 0.0 0 2.3413820266723633 0.0 182.3350830078125 77.41915893554688 246.6394805908203 3.6502638 1.5473819 1.6879628 -16.917025 1.8324219 19.787561 1.6340314149856567 0.806846559047699
Car 0.0 0 2.248957633972168 62.47895431518555 173.36724853515625 199.93951416015625 228.46217346191406 4.1678243 1.7160136 1.6619236 -16.22356 1.7354512 24.664953 1.667148232460022 0.6808512806892395
Car 0.0 0 1.9505178928375244 243.29196166992188 179.76861572265625 304.03118896484375 210.2371063232422 3.7525043 1.4708221 1.5922028 -17.491957 1.8500656 37.616318 1.5152521133422852 0.1276858150959015
Car 0.0 0 2.049805164337158 287.4686279296875 169.13174438476562 354.4860534667969 203.39239501953125 3.7670422 1.6392412 1.5865903 -14.565006 1.4615031 36.472828 1.6698691844940186 0.12756109237670898
Car 0.0 0 -2.3722314834594727 264.0704650878906 178.43946838378906 311.7943115234375 195.58099365234375 3.807112 1.4567571 1.5928158 -28.420397 1.9605236 63.62848 -2.7923057079315186 0.11989069730043411
