Pedestrian 0.0 0 -0.06627511233091354 663.7929077148438 187.60623168945312 682.0632934570312 223.6155548095703 0.8703991 1.7904196 0.72281826 3.4085948 2.1541686 35.67151 0.028990745544433594 0.6830157041549683
Pedestrian 0.0 0 2.830721616744995 437.1740417480469 181.70550537109375 462.1661376953125 222.6741180419922 0.90058273 1.7176373 0.5997289 -6.64715 1.7713577 30.152842 2.613743543624878 0.6625588536262512
Pedestrian 0.0 0 2.0936262607574463 187.4685821533203 172.2795867919922 215.829345703125 223.3184356689453 0.59314656 1.8312885 0.6912052 -14.663456 1.5378602 25.661995 1.5744960308074951 0.5280529856681824
Pedestrian 0.0 0 2.9653966426849365 639.1306762695312 185.4797821044922 659.236328125 227.1587371826172 0.7735321 1.8089025 0.6950821 1.9235004 2.0326347 31.163986 3.0270402431488037 0.5209301710128784
Pedestrian 0.0 0 3.3408164978027344 336.2680969238281 182.19297790527344 362.6492919921875 227.04942321777344 0.8405197 1.72613 0.7507605 -10.018341 1.7949277 27.66901 2.993422508239746 0.4804936349391937
Pedestrian 0.0 0 1.9862148761749268 209.97705078125 179.0420379638672 238.17300415039062 228.72470092773438 0.7836291 1.750621 0.6276329 -13.665404 1.7007746 25.324125 1.4913758039474487 0.3725857734680176
Pedestrian 0.0 0 2.6072278022766113 629.8792724609375 180.8430938720703 650.564697265625 220.24169921875 0.6798274 1.7687271 0.69854975 1.5841075 1.7860422 32.21218 2.656365394592285 0.36046528816223145
Pedestrian 0.0 0 2.8560218811035156 443.712646484375 180.66319274902344 470.0414123535156 221.74990844726562 0.9582592 1.687869 0.5545622 -6.206846 1.6962705 29.515636 2.648751735687256 0.3585768938064575
Pedestrian 0.0 0 0.2511758804321289 608.265869140625 178.518798828125 627.5742797851562 219.24131774902344 0.69434327 1.7685093 0.7192216 0.55259174 1.6839418 31.139889 0.2689194679260254 0.3539890646934509
Pedestrian 0.0 0 3.039137840270996 352.34112548828125 180.2078399658203 375.9175109863281 227.2652130126953 0.7713761 1.7442605 0.7267218 -9.124278 1.734946 26.694418 2.709782600402832 0.34872955083847046
Pedestrian 0.0 0 0.41616570949554443 560.7490844726562 174.63775634765625 590.0965576171875 230.33987426757812 0.7768742 1.9052109 0.77718997 -1.0565298 1.7062346 24.682127 0.3733863830566406 0.3232513666152954
Pedestrian 0.0 0 -1.5782006978988647 328.4978942871094 177.2744598388672 349.2050476074219 216.06752014160156 0.9631135 1.8945258 0.9515742 -13.248295 1.7384382 35.145435 -1.938685417175293 0.3031553328037262
Pedestrian 0.0 0 2.208914041519165 646.0346069335938 191.60931396484375 667.98193359375 222.6829376220703 1.3122104 1.7814698 0.63666177 3.0688124 2.4497983 41.73902 2.2823057174682617 0.12061961740255356
Cyclist 0.0 0 1.8024333715438843 601.0838623046875 175.4488525390625 655.7596435546875 274.4327392578125 1.8759031 1.8358909 0.68127733 0.45678946 1.7438428 14.103267 1.8348109722137451 0.9154977798461914
Cyclist 0.0 0 -2.8910748958587646 547.9757080078125 167.5084228515625 626.4210205078125 243.81997680664062 1.7992457 1.790541 0.6170903 -0.46291122 1.4873174 17.08513 -2.9181625843048096 0.6286569833755493
Cyclist 0.0 0 -1.1304473876953125 812.2509765625 177.2356719970703 872.7747192382812 262.3641662597656 1.6669524 1.8077134 0.6378661 5.296449 1.740015 15.832049 -0.8076114654541016 0.5500327944755554
Cyclist 0.0 0 2.1878745555877686 646.3153686523438 191.69076538085938 668.1297607421875 222.6588897705078 1.314351 1.7746329 0.6432651 3.0815432 2.447938 41.737877 2.2615716457366943 0.37674546241760254
Cyclist 0.0 0 0.6527169346809387 255.84922790527344 157.45916748046875 361.0886535644531 269.85015869140625 1.7171303 1.8841184 0.5371278 -5.2111607 1.4995122 12.322608 0.25263118743896484 0.32419025897979736
Cyclist 0.0 0 3.318125009536743 336.5625 182.29844665527344 363.4349670410156 227.5698699951172 0.8690934 1.7405648 0.77009416 -9.996354 1.813603 27.668108 2.971423387527466 0.20015230774879456
Cyclist 0.0 0 2.843991994857788 637.83544921875 185.665283203125 659.1807250976562 228.4873809814453 0.76474637 1.8559875 0.7075817 1.895047 2.0884237 31.177946 2.9046988487243652 0.17063173651695251
Cyclist 0.0 0 2.8560218811035156 443.712646484375 180.66319274902344 470.0414123535156 221.74990844726562 0.9582592 1.687869 0.5545622 -6.206846 1.6962705 29.515636 2.648751735687256 0.15137793123722076
Car 0.0 0 -2.2795181274414062 828.6229858398438 187.86312866210938 880.3600463867188 207.91578674316406 3.913465 1.4783943 1.7126106 19.656082 2.0832167 55.82241 -1.9409576654434204 0.40670138597488403
