Cyclist 0.0 0 1.5638976097106934 480.90374755859375 185.8341064453125 498.22686767578125 233.032470703125 1.8610609 1.7158192 0.63520706 -4.680567 2.2326128 27.733381 1.3967030048370361 0.8613590002059937
Cyclist 0.0 0 1.5405827760696411 456.55859375 184.6739501953125 476.9547119140625 237.01710510253906 1.8860476 1.7643043 0.65263534 -5.1702847 2.2029285 25.75838 1.342492699623108 0.8542840480804443
Car 0.0 0 -1.8050756454467773 644.552001953125 186.16217041015625 723.8455200195312 244.0411376953125 3.2408543 1.4386878 1.5026104 1.9709412 1.8473564 20.426458 -1.7088837623596191 0.9500423669815063
Car 0.0 0 -1.5653752088546753 389.7414245605469 195.7191925048828 445.1740417480469 248.8175506591797 3.4176798 1.4274421 1.5733175 -6.128239 2.2104592 22.84241 -1.8274863958358765 0.9048823714256287
Car 0.0 0 -1.832137942314148 602.0930786132812 185.3982696533203 667.9209594726562 229.88633728027344 3.6725225 1.4978904 1.5855108 0.8323042 2.008374 27.37039 -1.8017383813858032 0.8925197124481201
Car 0.0 0 -1.977083683013916 783.118896484375 143.00233459472656 1242.0 375.0 4.558154 1.6952928 1.7048943 2.8706164 1.5229782 6.459925 -1.558919072151184 0.8738105893135071
Car 0.0 0 1.2793989181518555 721.7335815429688 185.2113800048828 902.335205078125 301.1834716796875 3.923583 1.4389974 1.6003411 2.8902273 1.6682646 11.369112 1.5283430814743042 0.8646008968353271
Car 0.0 0 -1.72654390335083 560.9237670898438 188.78330993652344 601.1239013671875 218.73411560058594 3.5186775 1.4633056 1.6448847 -1.6515384 2.3695316 39.14297 -1.7687113285064697 0.6353519558906555
Car 0.0 0 1.6972417831420898 398.5491027832031 192.998046875 454.2574768066406 236.31878662109375 4.0144405 1.4490137 1.6120306 -7.12942 2.29413 28.165478 1.449323058128357 0.47658824920654297
Car 0.0 0 -1.7428423166275024 537.5205078125 186.8314666748047 569.9193115234375 211.24794006347656 3.63799 1.5294368 1.606321 -3.9182844 2.5248392 49.4014 -1.8219919204711914 0.36602431535720825
Car 0.0 0 1.361482858657837 517.1726684570312 187.92593383789062 544.9632568359375 206.27488708496094 4.231212 1.4987096 1.6369355 -7.155959 2.9025095 64.918625 1.2516963481903076 0.33648762106895447
