Pedestrian 0.0 0 0.6311339139938354 245.5481414794922 96.58403778076172 346.5731201171875 251.78453063964844 0.9361769 1.758288 0.5810644 -3.7656732 0.8945729 8.555965 0.21652436256408691 0.21130256354808807
Cyclist 0.0 0 0.016980886459350586 327.1604309082031 169.57228088378906 368.4979248046875 218.24790954589844 1.7106876 2.1237092 0.61165756 -11.672088 1.9808862 32.04596 -0.33231398463249207 0.23298504948616028
Cyclist 0.0 0 -1.8148117065429688 838.6282348632812 154.79115295410156 883.5296630859375 230.03443908691406 1.7370116 1.7202618 0.6134454 5.973702 1.3076553 17.38539 -1.483845591545105 0.19961990416049957
Car 0.0 0 -1.719598412513733 661.7757568359375 176.56231689453125 743.235595703125 239.6519317626953 3.6106668 1.4905053 1.5922701 2.2985685 1.5983634 19.086208 -1.5997447967529297 0.9380277991294861
Car 0.0 0 1.6778826713562012 535.7025756835938 171.38922119140625 578.91015625 207.548828125 3.8542447 1.5697511 1.584973 -2.4128659 1.5065205 33.27391 1.6054941415786743 0.9044411182403564
Car 0.0 0 -1.7272814512252808 650.1401977539062 171.75137329101562 699.5181274414062 209.60806274414062 3.5401592 1.5520755 1.5960184 2.7223985 1.5072274 31.40093 -1.640799641609192 0.6167517304420471
Car 0.0 0 -1.7275822162628174 653.2276000976562 174.85926818847656 715.560791015625 219.0507354736328 3.7688057 1.4149209 1.5777525 2.4750264 1.4906844 25.201933 -1.6296883821487427 0.5614038109779358
Car 0.0 0 -1.662500023841858 643.98291015625 173.87954711914062 681.6021118164062 204.2269744873047 3.5171363 1.4548423 1.5719799 2.586499 1.5095803 36.482037 -1.5917205810546875 0.5388354659080505
Car 0.0 0 -1.8495697975158691 622.9932250976562 169.3347625732422 663.1660766601562 193.72491455078125 3.9870334 1.5628493 1.6488466 2.1383703 1.3377044 48.361794 -1.805382490158081 0.24075087904930115
Car 0.0 0 1.6041051149368286 555.7542114257812 168.7248992919922 584.9732666015625 195.5132293701172 4.0716276 1.5524676 1.6408509 -2.4013076 1.3135312 43.865513 1.54941725730896 0.18926557898521423
