Pedestrian 0.0 0 -1.1035879850387573 972.0132446289062 111.96804809570312 1030.874267578125 194.74713134765625 1.1921799 1.7969518 0.7091548 8.792251 0.4756095 16.29199 -0.6087125539779663 0.1721142679452896
Pedestrian 0.0 0 -1.8110305070877075 963.316162109375 119.41300964355469 1006.6160278320312 189.9838409423828 1.6288223 1.8173181 0.6620378 10.033684 0.44148055 19.447311 -1.3347108364105225 0.11102019995450974
Cyclist 0.0 0 -1.8110305070877075 963.316162109375 119.41300964355469 1006.6160278320312 189.9838409423828 1.6288223 1.8173181 0.6620378 10.033684 0.44148055 19.447311 -1.3347108364105225 0.33104097843170166
Cyclist 0.0 0 1.6049880981445312 1076.281494140625 182.08175659179688 1089.6142578125 212.00621032714844 1.63559 1.7406006 0.6153926 28.377117 2.3060079 43.33389 2.1847639083862305 0.2264063060283661
Cyclist 0.0 0 -1.479042649269104 978.5020751953125 108.93547058105469 1021.0842895507812 195.0539093017578 1.6996056 1.8473539 0.70083064 8.814148 0.47657517 16.37709 -0.9853041172027588 0.20586761832237244
Cyclist 0.0 0 -1.8294748067855835 745.6715698242188 170.60980224609375 760.297607421875 196.99880981445312 1.9184752 1.7026564 0.4672867 9.377852 1.5582154 47.524086 -1.634649395942688 0.16491958498954773
Cyclist 0.0 0 -1.0782718658447266 223.61175537109375 163.40078735351562 250.4843292236328 195.6378631591797 1.870993 1.8766146 0.610026 -22.212801 1.3266724 42.940105 -1.5556614398956299 0.15204580128192902
Car 0.0 0 -1.5737167596817017 582.4564819335938 172.2168731689453 638.6173095703125 227.11483764648438 4.575133 1.5966672 1.6337265 -0.04207694 1.5784949 23.274052 -1.5755246877670288 0.9237551689147949
Car 0.0 0 -1.077751874923706 169.24185180664062 170.98129272460938 242.23873901367188 202.97706604003906 4.0411797 1.581822 1.6047722 -21.059227 1.4895961 37.70241 -1.5871466398239136 0.8216420412063599
Car 0.0 0 2.1926820278167725 56.77561569213867 173.1250762939453 162.09677124023438 212.5930938720703 3.9998548 1.5353009 1.5717871 -20.784437 1.5477271 30.106123 1.5884467363357544 0.819110095500946
Car 0.0 0 -1.040473222732544 235.931396484375 171.26852416992188 293.78802490234375 196.292236328125 3.7638621 1.5029119 1.5900761 -21.617884 1.4080472 45.27503 -1.4859423637390137 0.6286071538925171
Car 0.0 0 2.135676622390747 274.6487121582031 169.65545654296875 326.567626953125 194.63980102539062 4.2410936 1.8659083 1.7063078 -24.017555 1.6273888 56.11354 1.7312532663345337 0.15806780755519867
