Car 0.0 0 -1.7326854467391968 681.3504028320312 176.4689178466797 773.9660034179688 246.37278747558594 3.8622158 1.5417062 1.6509317 2.7715278 1.6422228 18.049942 -1.5803276300430298 0.9630463123321533
Car 0.0 0 1.9213228225708008 248.8455047607422 187.7054443359375 456.9302673339844 308.6653747558594 4.394195 1.4819516 1.6778334 -3.8747954 1.7668674 11.602233 1.5989996194839478 0.9213189482688904
Car 0.0 0 2.0653328895568848 0.0 198.5335693359375 321.5569763183594 375.0 3.6321573 1.4547044 1.5988328 -3.9486685 1.7424253 6.2023687 1.4984077215194702 0.9191169142723083
Car 0.0 0 1.82901132106781 449.1999206542969 174.5349884033203 532.2373046875 232.29966735839844 3.8698578 1.6337755 1.6169701 -3.6640413 1.6912869 22.525469 1.6677614450454712 0.9111667275428772
Car 0.0 0 1.7865574359893799 1060.422607421875 153.9333038330078 1198.531005859375 237.28382873535156 3.828798 1.589981 1.6488794 11.284327 1.2294105 15.652548 2.4111900329589844 0.8666006922721863
Car 0.0 0 1.8798325061798096 928.5255126953125 163.84671020507812 1049.05517578125 233.3108367919922 3.3987396 1.4765472 1.568078 8.974613 1.285444 17.08571 2.3634912967681885 0.8369488716125488
Car 0.0 0 2.0274033546447754 865.8543701171875 169.2236328125 980.5975341796875 230.71368408203125 3.4582994 1.5419945 1.5190827 8.587602 1.4513133 19.790194 2.4368152618408203 0.7088767886161804
Car 0.0 0 2.3676929473876953 809.1806640625 168.07028198242188 913.3020629882812 214.63665771484375 3.3567884 1.5528371 1.5340179 8.826023 1.3936735 25.467379 2.7013015747070312 0.6679129004478455
Car 0.0 0 1.7543362379074097 485.4194030761719 159.91650390625 550.943603515625 216.0301055908203 4.424975 2.0148244 1.7542557 -3.5291803 1.5506465 28.165174 1.6296828985214233 0.601177453994751
Car 0.0 0 2.3890368938446045 835.6285400390625 166.98953247070312 957.2476806640625 219.16908264160156 3.4349368 1.541516 1.5285053 8.942323 1.3686225 22.655645 2.7649712562561035 0.5616530179977417
Car 0.0 0 -3.32078218460083 731.1260375976562 166.84951782226562 808.603759765625 200.47848510742188 3.6693585 1.6935093 1.6108503 8.159876 1.3914897 37.205128 -3.104879379272461 0.5606665015220642
