Pedestrian 0.0 0 2.2981767654418945 83.44468688964844 173.17523193359375 171.6446075439453 293.4942321777344 0.8169822 1.8061802 0.8098288 -7.58295 1.8117704 11.290746 1.706761360168457 0.41666361689567566
Pedestrian 0.0 0 -0.42120522260665894 875.547607421875 133.00527954101562 941.5574340820312 244.30726623535156 0.8264038 1.7965839 0.6276936 4.888363 1.1537225 11.971498 -0.03353554382920265 0.30183061957359314
Pedestrian 0.0 0 -0.7376883625984192 1079.259033203125 45.36021423339844 1242.0 375.0 0.8654537 1.8001369 0.6430115 3.3714519 1.1057632 4.280205 -0.07050199061632156 0.2809999883174896
Pedestrian 0.0 0 -3.374641180038452 931.213134765625 145.24269104003906 1030.2640380859375 292.0078125 0.9809958 1.7770755 0.71291983 4.639827 1.4431074 9.194441 -2.9072933197021484 0.22351235151290894
Pedestrian 0.0 0 1.5473018884658813 774.9617309570312 138.64892578125 795.4515991210938 195.17730712890625 0.7118682 1.8650866 0.65004015 5.8309116 0.736889 24.22007 1.783553123474121 0.19131289422512054
Pedestrian 0.0 0 -0.5831612944602966 1011.2390747070312 154.53582763671875 1132.5435791015625 306.69476318359375 0.9779199 1.8222885 0.8483621 5.72053 1.6032639 9.07271 -0.020601987838745117 0.177188903093338
Cyclist 0.0 0 2.021385908126831 432.5064697265625 172.89654541015625 466.1077880859375 230.0912322998047 1.6056613 2.009419 0.54825026 -5.8610206 2.0113711 26.192488 1.8012452125549316 0.18412092328071594
Cyclist 0.0 0 -2.3309264183044434 1079.7449951171875 38.93667984008789 1242.0 375.0 0.967623 1.7926776 0.65196097 3.3689313 1.1000545 4.2418404 -1.659723162651062 0.1211835965514183
Cyclist 0.0 0 -3.374641180038452 931.213134765625 145.24269104003906 1030.2640380859375 292.0078125 0.9809958 1.7770755 0.71291983 4.639827 1.4431074 9.194441 -2.9072933197021484 0.11772427707910538
Car 0.0 0 1.6621328592300415 497.7848815917969 182.9761962890625 553.5626220703125 234.9643096923828 4.6720133 1.9012655 1.8546629 -3.4172742 2.3508122 29.65961 1.5474222898483276 0.9097028970718384
Car 0.0 0 1.669400930404663 547.2870483398438 187.41278076171875 573.9652709960938 210.1405487060547 3.8693135 1.5503953 1.6090873 -3.665514 2.6735375 53.684605 1.60122811794281 0.5049551129341125
Car 0.0 0 0.04415127635002136 749.8438720703125 156.3618927001953 852.2987670898438 202.47296142578125 4.0355573 1.8391596 1.7617432 7.956924 1.1817231 30.21663 0.3016352653503418 0.17634649574756622
