Pedestrian 0.0 0 -1.3389513492584229 557.21826171875 163.30764770507812 575.7698974609375 204.6624298095703 0.87608427 1.8396441 0.6536697 -1.9998211 1.4153379 32.58161 -1.4002532958984375 0.2802262008190155
Pedestrian 0.0 0 1.5987170934677124 74.65492248535156 173.37554931640625 117.99854278564453 243.41693115234375 0.96095204 1.9338571 0.98343456 -14.695972 1.9495955 20.602144 0.9791057109832764 0.27558496594429016
Pedestrian 0.0 0 2.50911283493042 758.1637573242188 119.4797134399414 883.3751831054688 323.0833435058594 0.9186718 1.7242625 0.5927501 1.8470061 1.2726084 6.546122 2.784116744995117 0.26682767271995544
Pedestrian 0.0 0 2.197843074798584 0.0 152.9438018798828 101.58914947509766 330.4402770996094 0.9866093 1.7840921 0.7347654 -6.227531 1.5843241 7.7605066 1.5216013193130493 0.22796845436096191
Pedestrian 0.0 0 0.7611579895019531 850.9708251953125 26.944786071777344 1206.7200927734375 375.0 1.6220051 1.7320734 0.6594178 2.033885 1.1237445 3.881209 1.243847370147705 0.17794792354106903
Pedestrian 0.0 0 2.3207919597625732 782.88720703125 148.18028259277344 838.1567993164062 251.8709259033203 0.64988226 1.7492801 0.6682056 3.4528332 1.3333877 12.624789 2.5877597332000732 0.15714116394519806
Pedestrian 0.0 0 3.4288978576660156 59.062721252441406 166.62948608398438 89.0744400024414 226.7301025390625 0.577221 1.7746007 0.6053023 -16.14817 1.5911665 21.685936 2.788837194442749 0.1465710997581482
Pedestrian 0.0 0 3.066143035888672 536.1837768554688 167.66714477539062 576.8200073242188 235.806884765625 1.1052332 1.8932537 0.5691729 -1.5664468 1.7494959 20.410088 2.989544630050659 0.12817762792110443
Cyclist 0.0 0 0.7642315030097961 844.75146484375 21.64386558532715 1225.5157470703125 375.0 1.7371356 1.7491701 0.6833578 2.0343552 1.133686 3.8679762 1.248421549797058 0.1693309098482132
Cyclist 0.0 0 -1.3839302062988281 562.53857421875 169.12294006347656 580.3036499023438 209.0019989013672 1.5677462 1.6875548 0.49023572 -1.7073517 1.5300263 31.33981 -1.4383550882339478 0.13521841168403625
Cyclist 0.0 0 0.9159797430038452 0.0 127.02497100830078 102.84364318847656 282.8963317871094 1.4815375 1.8136418 0.6270295 -7.177412 1.2807558 8.870541 0.23569703102111816 0.1341032236814499
Cyclist 0.0 0 2.221263885498047 0.0 163.0460205078125 93.20963287353516 337.56097412109375 0.9014336 1.7441552 0.6944902 -6.213684 1.646489 7.6695967 1.5403517484664917 0.10784358531236649
Car 0.0 0 1.594980239868164 591.060302734375 179.72933959960938 613.8733520507812 201.4203338623047 4.301396 1.622028 1.7159808 -0.5911396 2.190787 57.48625 1.5846974849700928 0.6361398100852966
Car 0.0 0 -2.5155563354492188 779.3989868164062 69.59785461425781 1242.0 349.5529479980469 3.5462837 1.4901112 1.5645444 3.0761254 0.9408698 5.7742705 -2.026069164276123 0.1492965966463089
