Pedestrian 0.0 0 0.9512907266616821 28.034637451171875 163.9752655029297 84.59407043457031 247.80503845214844 0.85013133 1.7652233 0.58440393 -12.012649 1.5786196 15.593977 0.29489922523498535 0.35340186953544617
Pedestrian 0.0 0 2.979238748550415 638.1624755859375 137.3453369140625 688.220947265625 223.33595275878906 0.96546996 1.7814116 0.6472701 1.0688618 1.0461597 15.311795 3.0489320755004883 0.20421390235424042
Pedestrian 0.0 0 0.7705793380737305 266.6847229003906 175.54522705078125 346.1828918457031 265.03765869140625 1.4454384 1.808255 0.72781277 -6.447831 1.867605 15.212988 0.3696939945220947 0.10482058674097061
Cyclist 0.0 0 -2.3723368644714355 262.8111877441406 168.48153686523438 343.54302978515625 256.8808288574219 1.5969309 1.7966622 0.6023756 -6.527355 1.7081524 15.227985 -2.7772881984710693 0.23064610362052917
Cyclist 0.0 0 2.9593539237976074 630.8790283203125 137.98182678222656 682.8512573242188 225.2557830810547 0.99163765 1.8031387 0.6759485 0.93352705 1.083014 15.300197 3.0202925205230713 0.10304128378629684
Car 0.0 0 1.863135814666748 348.31341552734375 180.8456268310547 511.87335205078125 293.0347900390625 3.648753 1.5084839 1.5856084 -2.8028414 1.6606349 11.833652 1.6305681467056274 0.920290470123291
Car 0.0 0 2.1700639724731445 0.0 202.24171447753906 330.1636047363281 375.0 3.4139366 1.4916912 1.5119132 -3.6269403 1.7858901 5.493114 1.5865026712417603 0.8448970913887024
Car 0.0 0 -2.5245168209075928 21.59354591369629 173.21214294433594 265.6009826660156 262.5459899902344 3.3315256 1.4578176 1.4971117 -8.087681 1.4648424 12.603754 -3.095026731491089 0.5421895980834961
Car 0.0 0 1.8571293354034424 365.6449890136719 179.19935607910156 475.5434875488281 247.0989990234375 3.745008 1.4280393 1.5601906 -4.4836893 1.598359 17.425451 1.6052855253219604 0.4204968512058258
Car 0.0 0 1.5716220140457153 482.2164001464844 172.7230224609375 501.27880859375 189.9171905517578 4.144407 1.4600676 1.6009196 -10.417453 1.4493035 63.44184 1.4088696241378784 0.28080081939697266
Car 0.0 0 -2.8679327964782715 382.6156005859375 164.82627868652344 461.5269775390625 197.8601531982422 3.56179 1.6355907 1.6385691 -9.521546 1.2384758 36.575356 -3.1226069927215576 0.22907201945781708
