Pedestrian 0.0 0 -1.750988483428955 329.76409912109375 167.54457092285156 357.105224609375 222.90928649902344 0.83302987 1.7172298 0.6743915 -8.513269 1.5529073 22.90727 -2.1068105697631836 0.8056033849716187
Pedestrian 0.0 0 0.15070176124572754 0.0 157.26173400878906 24.736207962036133 197.08010864257812 0.93794584 1.8764223 0.60484076 -28.67718 1.142002 34.50057 -0.542781412601471 0.20509622991085052
Pedestrian 0.0 0 -1.374974250793457 303.1565856933594 221.59251403808594 380.0386047363281 284.2101745605469 1.2071677 1.0539417 1.1784842 -5.1887474 2.0404985 13.906823 -1.732085108757019 0.18056944012641907
Pedestrian 0.0 0 3.4883816242218018 205.03338623046875 140.88475036621094 281.0523376464844 237.5589141845703 1.1481112 1.8047076 0.65723896 -7.0831165 1.2082653 13.8647785 3.0160748958587646 0.12181325256824493
Cyclist 0.0 0 1.3197544813156128 366.3387451171875 137.59718322753906 398.54473876953125 192.6112060546875 1.8099749 1.7932547 0.6058151 -7.7686706 0.6443704 24.444654 1.01204252243042 0.24331079423427582
Cyclist 0.0 0 3.4883816242218018 205.03338623046875 140.88475036621094 281.0523376464844 237.5589141845703 1.1481112 1.8047076 0.65723896 -7.0831165 1.2082653 13.8647785 3.0160748958587646 0.19467897713184357
Car 0.0 0 3.5314297676086426 0.0 188.95130920410156 327.2317199707031 299.7943420410156 4.3605485 1.4112899 1.6398754 -6.719959 1.6768227 10.704858 2.9708564281463623 0.9546768665313721
Car 0.0 0 0.48086950182914734 183.7859649658203 179.89932250976562 385.2192077636719 243.98507690429688 4.231401 1.468762 1.6170212 -7.926876 1.650797 17.671206 0.05920052528381348 0.8978232741355896
Car 0.0 0 -2.214747905731201 1014.5739135742188 149.73648071289062 1242.0 269.2962951660156 2.8304608 1.6018041 1.5293612 7.766086 1.2924447 11.104214 -1.6044367551803589 0.791060209274292
Car 0.0 0 0.8597736358642578 0.0 205.6911163330078 108.0574951171875 375.0 3.930107 1.4420683 1.5916852 -6.451849 1.7324581 5.571775 0.0013103485107421875 0.5978040099143982
Car 0.0 0 2.198700189590454 0.0 186.72586059570312 42.474117279052734 237.6824188232422 3.864168 1.5128744 1.6326131 -21.528429 2.0228908 24.507423 1.4779222011566162 0.28003358840942383
Car 0.0 0 -2.9848365783691406 1188.0919189453125 126.49170684814453 1242.0 263.6284484863281 3.9181857 1.5894437 1.6854143 11.03921 1.0524527 10.452216 -2.1721322536468506 0.19083182513713837
Car 0.0 0 0.4666755795478821 21.38246726989746 148.61228942871094 273.2646179199219 237.0691680908203 3.5730479 1.5102749 1.5886964 -8.401285 1.09674 13.280735 -0.09736444056034088 0.1778232455253601
