Car 0.0 0 1.822695255279541 363.7688293457031 184.85903930664062 442.8874206542969 235.3997039794922 3.690654 1.4292043 1.5653538 -6.5754642 1.8458126 23.15092 1.545957088470459 0.9627235531806946
Car 0.0 0 -1.606274962425232 589.7262573242188 175.95497131347656 635.656494140625 220.07518005371094 3.770396 1.6076618 1.6643575 0.0047197295 1.7386163 28.471178 -1.6061091423034668 0.9157550930976868
Car 0.0 0 -1.2240219116210938 829.3382568359375 153.1175079345703 1100.2940673828125 328.8591613769531 3.9981127 1.6606154 1.6827906 4.418454 1.4744796 8.801176 -0.7587516903877258 0.8805253505706787
Car 0.0 0 -1.1011028289794922 739.451171875 175.7750701904297 894.6918334960938 251.72561645507812 4.1704745 1.466295 1.6233548 4.693798 1.5405117 16.164078 -0.8184906840324402 0.7960790395736694
Car 0.0 0 1.8247493505477905 440.3888244628906 177.01852416992188 478.0785827636719 198.62429809570312 4.152146 1.5260994 1.7702626 -11.235829 1.8497547 53.894665 1.619215726852417 0.7648909687995911
Car 0.0 0 -1.1293587684631348 790.962158203125 178.64540100097656 984.6181030273438 283.1899719238281 3.9342787 1.5167359 1.6289425 4.9116516 1.6340532 12.624857 -0.7583308815956116 0.7490072250366211
Car 0.0 0 -1.0105912685394287 680.5230102539062 175.87290954589844 779.0822143554688 220.88404846191406 4.180988 1.5224241 1.6380444 4.4751396 1.6437083 26.792011 -0.8450865149497986 0.7296533584594727
Car 0.0 0 1.785082221031189 497.703857421875 181.33853149414062 528.989501953125 201.46304321289062 3.840903 1.4472972 1.6082767 -7.4256144 2.1240165 55.53669 1.652164101600647 0.5361373424530029
Car 0.0 0 -1.5475780963897705 1021.485595703125 172.38194274902344 1242.0 375.0 3.4500976 1.3971182 1.5268795 4.084692 1.3953056 5.1282463 -0.8749697208404541 0.5207275152206421
Car 0.0 0 -0.8331507444381714 651.3779296875 177.95849609375 734.90869140625 210.42523193359375 3.9683414 1.3950728 1.602793 3.863081 1.6460284 33.510834 -0.7183787822723389 0.4465522766113281
