Pedestrian 0.0 0 2.7505927085876465 735.9459228515625 166.736572265625 762.1061401367188 209.56520080566406 0.92770284 1.8128484 0.6388829 5.9179873 1.5542685 30.944496 2.939556121826172 0.18382015824317932
Pedestrian 0.0 0 -3.124976396560669 632.4158935546875 178.92945861816406 651.0797119140625 220.8719024658203 0.75028944 1.683496 0.5580857 1.2527596 1.9335113 29.346426 -3.0823135375976562 0.13672462105751038
Pedestrian 0.0 0 1.6935372352600098 130.06704711914062 151.27230834960938 176.96087646484375 249.27035522460938 1.5249671 1.62905 0.5230554 -8.121059 1.270649 12.792578 1.1279032230377197 0.11350923031568527
Cyclist 0.0 0 1.6935372352600098 130.06704711914062 151.27230834960938 176.96087646484375 249.27035522460938 1.5249671 1.62905 0.5230554 -8.121059 1.270649 12.792578 1.1279032230377197 0.19957195222377777
Cyclist 0.0 0 1.39314866065979 739.4404296875 167.16555786132812 758.6803588867188 209.10667419433594 1.1474266 1.7665316 0.61554193 5.9197307 1.5272958 30.965073 1.5820438861846924 0.11515557020902634
Car 0.0 0 1.833939790725708 315.59033203125 180.0232696533203 469.75384521484375 277.3714904785156 4.17181 1.4871168 1.6810282 -3.8730452 1.6418079 13.42943 1.5531589984893799 0.9652878046035767
Car 0.0 0 1.4603263139724731 639.8919677734375 173.4195098876953 703.7625732421875 227.2869110107422 3.9230464 1.641859 1.6738077 1.9273951 1.6625991 24.017206 1.5404052734375 0.9224321246147156
Car 0.0 0 1.6948065757751465 481.1856384277344 178.49180603027344 535.187744140625 217.24485778808594 4.377034 1.481561 1.7239527 -4.2522593 1.7368584 30.423754 1.555938482284546 0.9004884362220764
Car 0.0 0 -1.6852669715881348 625.1387329101562 178.03724670410156 671.3312377929688 215.7227783203125 3.4934075 1.4920784 1.5716528 1.5398589 1.7269723 30.852222 -1.6353975534439087 0.5394399762153625
Car 0.0 0 1.6104278564453125 517.8502807617188 174.68246459960938 544.8236083984375 200.8976593017578 3.7033358 1.5804583 1.5536155 -4.974988 1.7013558 45.663124 1.501906156539917 0.26710402965545654
Car 0.0 0 -2.0639967918395996 904.909423828125 200.30511474609375 1127.5391845703125 321.3256530761719 3.3818455 1.4577355 1.529808 5.96452 1.9467385 11.148618 -1.5727421045303345 0.1368234008550644
Car 0.0 0 1.8615015745162964 480.2893981933594 175.226318359375 533.9356689453125 207.16671752929688 3.9794831 1.516493 1.625177 -5.195902 1.6442415 36.65407 1.7206846475601196 0.13574360311031342
