Pedestrian 0.0 0 0.7889038920402527 523.89208984375 163.38499450683594 560.9666748046875 226.55136108398438 0.9116966 1.7889688 0.6049459 -2.0113258 1.5211502 20.956266 0.6932196617126465 0.6413589119911194
Pedestrian 0.0 0 1.935625433921814 334.18255615234375 183.04273986816406 359.03912353515625 230.46604919433594 0.7598614 1.6613089 0.6055611 -9.464911 2.0317674 25.822762 1.5842978954315186 0.6033832430839539
Pedestrian 0.0 0 0.8265268206596375 511.5185241699219 163.1938018798828 550.4276733398438 230.37127685546875 0.94309694 1.842688 0.6120913 -2.2764273 1.5780655 20.32939 0.7150142192840576 0.46256667375564575
Pedestrian 0.0 0 1.5603313446044922 487.8332214355469 163.0401153564453 518.9502563476562 240.9383087158203 0.7364611 1.7103679 0.67832273 -2.4565406 1.4952477 16.257345 1.4103623628616333 0.42720893025398254
Cyclist 0.0 0 -3.241605758666992 754.2236938476562 159.94436645507812 807.1516723632812 209.1829071044922 1.8536137 1.7964491 0.65064824 6.272498 1.3258042 26.765156 -3.011406898498535 0.9197872877120972
Cyclist 0.0 0 -1.0817768573760986 441.1117248535156 138.221923828125 476.9214782714844 185.3133544921875 1.6461349 1.7521592 0.6519524 -5.8276796 0.463941 27.725191 -1.2889552116394043 0.23984402418136597
Cyclist 0.0 0 -1.288230299949646 715.2023315429688 176.83584594726562 734.2546997070312 216.95127868652344 1.6025139 1.6693808 0.3786182 4.8954954 1.8452168 30.989288 -1.1315512657165527 0.23216037452220917
Cyclist 0.0 0 0.5268267393112183 368.3975830078125 165.4405059814453 405.9825134277344 203.5118408203125 1.6178923 1.7551224 0.5555286 -10.448307 1.4137118 33.712975 0.22629451751708984 0.1765330582857132
Car 0.0 0 1.9600521326065063 328.20989990234375 178.29649353027344 491.467041015625 261.7654724121094 4.438623 1.426963 1.6606487 -3.9597366 1.557458 14.94182 1.70099675655365 0.9283775687217712
Car 0.0 0 2.2824223041534424 1120.2313232421875 156.11102294921875 1242.0 198.28936767578125 4.0468273 1.4676919 1.5716833 20.937151 0.88544005 26.251118 2.9556808471679688 0.5911001563072205
Car 0.0 0 -1.041290521621704 0.0 67.60717010498047 251.73085021972656 343.9125061035156 3.757593 1.5083106 1.6043259 -4.523545 0.9341413 5.899948 -1.6953999996185303 0.19817522168159485
Car 0.0 0 -2.395940065383911 370.10589599609375 139.31678771972656 485.24853515625 181.28009033203125 4.3909507 1.5628061 1.7849989 -7.31556 0.31416434 28.698805 -2.6455328464508057 0.16215121746063232
