Pedestrian 0.0 0 2.674069881439209 810.0262451171875 179.4189453125 844.9088745117188 238.7068634033203 0.6738793 1.5731127 0.6784989 5.860477 1.7556119 19.622606 2.964296340942383 0.21802808344364166
Pedestrian 0.0 0 0.6848297119140625 49.38084030151367 159.91029357910156 95.25684356689453 230.80355834960938 0.7245833 1.9219207 0.72035867 -14.893099 1.5713742 19.93366 0.04316592216491699 0.21574647724628448
Pedestrian 0.0 0 0.506780743598938 0.0 206.82357788085938 59.346702575683594 307.6020812988281 0.982621 1.8032743 0.6986366 -11.2066145 2.465875 13.631578 -0.18129539489746094 0.19561411440372467
Pedestrian 0.0 0 1.2836226224899292 902.0552978515625 163.80776977539062 954.58447265625 240.39419555664062 0.95976293 1.8503195 0.9617501 7.8587193 1.6321216 17.965685 1.6959738731384277 0.15859383344650269
Pedestrian 0.0 0 -1.8482462167739868 758.4616088867188 165.2427978515625 776.4111328125 195.73348999023438 1.6368678 1.6955462 0.5663987 8.892201 1.2726555 40.955772 -1.6344473361968994 0.13997896015644073
Pedestrian 0.0 0 1.9180845022201538 1155.4322509765625 207.98580932617188 1242.0 375.0 1.6724085 1.7291518 0.5767107 6.698192 2.1492615 7.950424 2.6182053089141846 0.125548854470253
Cyclist 0.0 0 1.475226879119873 1177.9864501953125 214.94215393066406 1242.0 375.0 1.5082747 1.6550583 0.56374687 6.6558943 2.1669347 7.984761 2.17010760307312 0.2299950122833252
Cyclist 0.0 0 3.1272199153900146 462.02069091796875 189.2714080810547 486.578857421875 220.42330932617188 1.3989388 1.7792567 0.609381 -7.95655 2.7477586 42.108486 2.9404680728912354 0.17142798006534576
Cyclist 0.0 0 -1.8482462167739868 758.4616088867188 165.2427978515625 776.4111328125 195.73348999023438 1.6368678 1.6955462 0.5663987 8.892201 1.2726555 40.955772 -1.6344473361968994 0.1576656848192215
Cyclist 0.0 0 0.506780743598938 0.0 206.82357788085938 59.346702575683594 307.6020812988281 0.982621 1.8032743 0.6986366 -11.2066145 2.465875 13.631578 -0.18129539489746094 0.11393263190984726
Car 0.0 0 1.6885440349578857 531.8955078125 184.14817810058594 566.1653442382812 210.36683654785156 3.9062476 1.4580481 1.6270897 -3.6893368 2.1751487 43.807556 1.6045254468917847 0.6178625822067261
Car 0.0 0 1.217499017715454 553.028564453125 180.2218475341797 583.301025390625 197.09365844726562 3.7983375 1.5039772 1.6395572 -4.001751 2.221806 68.19123 1.1588820219039917 0.300131618976593
Car 0.0 0 -0.05203172564506531 308.3522644042969 170.66818237304688 411.0621643066406 210.0465545654297 4.3596306 1.7214355 1.7285976 -11.534399 1.6262403 33.162136 -0.3867616355419159 0.2474716305732727
Car 0.0 0 -2.251835823059082 478.6589050292969 177.06668090820312 526.8530883789062 197.45701599121094 4.060668 1.5627131 1.6460336 -8.684551 1.9138006 58.09129 -2.400235176086426 0.19263745844364166
