Pedestrian 0.0 0 -1.2190217971801758 262.4576416015625 164.13389587402344 302.84918212890625 231.55874633789062 0.89822245 1.7575419 0.71974015 -8.720539 1.2091409 19.209019 -1.6451817750930786 0.22375798225402832
Pedestrian 0.0 0 -1.09657621383667 547.34326171875 169.33531188964844 564.3512573242188 201.87501525878906 0.52558327 1.7164626 0.7466198 -2.7949665 0.87990695 38.30347 -1.1694161891937256 0.1732984036207199
Cyclist 0.0 0 -1.2127890586853027 260.37646484375 163.55723571777344 302.19720458984375 231.80490112304688 1.0453881 1.7671882 0.6943486 -8.730346 1.2075006 19.15568 -1.64042067527771 0.10954254865646362
Car 0.0 0 -1.5664304494857788 574.9767456054688 177.3953094482422 619.7642822265625 218.23135375976562 3.9152262 1.6013063 1.7567059 -0.46667972 1.2957767 30.152023 -1.581906795501709 0.9362718462944031
Car 0.0 0 -1.048346757888794 110.06605529785156 185.43478393554688 284.9183654785156 271.5986328125 3.2756863 1.4905977 1.5325407 -7.892801 1.4965252 14.087226 -1.5590487718582153 0.9273268580436707
Car 0.0 0 -1.3835270404815674 420.4944763183594 189.83119201660156 507.22381591796875 249.2410125732422 3.7895303 1.4038427 1.5824653 -3.769998 1.5403327 19.178017 -1.5776311159133911 0.8009578585624695
Car 0.0 0 -1.0278987884521484 141.6414337158203 181.6940155029297 272.2545166015625 234.63548278808594 4.0009975 1.4746217 1.6627978 -12.160613 1.3776605 22.050415 -1.5318862199783325 0.6993061304092407
Car 0.0 0 -0.9538938999176025 0.0 196.366943359375 54.49540328979492 376.0 3.81825 1.4658318 1.5665376 -7.5903187 1.6107354 7.2408824 -1.7628486156463623 0.30339664220809937
Car 0.0 0 2.3614864349365234 0.0 182.48353576660156 97.6440200805664 239.38372802734375 3.8117115 1.4265054 1.5890427 -16.504616 1.3591408 19.994183 1.6714061498641968 0.14827509224414825
Car 0.0 0 -1.5670515298843384 539.2417602539062 177.5303497314453 556.70556640625 193.41734313964844 3.7226496 1.4436754 1.5831336 -5.5930305 0.74642617 67.23794 -1.6500431299209595 0.14568550884723663
