Pedestrian 0.0 0 2.6262636184692383 940.8742065429688 107.14757537841797 999.4762573242188 227.249755859375 0.6128903 1.8617654 0.6120516 5.6799283 0.8435742 11.505092 3.0848491191864014 0.26421669125556946
Pedestrian 0.0 0 -0.664563000202179 1151.7879638671875 111.13215637207031 1230.372802734375 241.04861450195312 0.63982904 1.7711148 0.5754309 8.086325 0.93003595 10.124479 0.009378910064697266 0.2453160285949707
Pedestrian 0.0 0 2.2954113483428955 1026.648681640625 109.88402557373047 1091.1351318359375 232.8220672607422 0.55553687 1.8192531 0.62870294 6.817027 0.887773 11.055958 2.847942352294922 0.17759914696216583
Cyclist 0.0 0 -1.8483898639678955 754.59326171875 172.17543029785156 769.7467041015625 199.63787841796875 1.84138 1.6799122 0.43573615 9.463558 1.6387612 45.06841 -1.6414148807525635 0.25370898842811584
Cyclist 0.0 0 2.0643651485443115 0.0 175.5693359375 28.445697784423828 226.43569946289062 1.5925363 1.6380918 0.55842227 -20.3042 1.7325261 24.159307 1.3654533624649048 0.2510775327682495
Cyclist 0.0 0 -1.0523600578308105 140.58413696289062 165.07630920410156 170.810302734375 201.2644500732422 1.6058623 1.7522327 0.5445318 -22.530928 1.3759943 35.748276 -1.6147372722625732 0.18263781070709229
Car 0.0 0 -1.5597542524337769 574.2509155273438 170.3644561767578 634.192138671875 228.5688934326172 4.604088 1.6345409 1.683478 -0.20536107 1.5649858 22.563694 -1.5688554048538208 0.9138392210006714
Car 0.0 0 -1.0503185987472534 166.34854125976562 172.16876220703125 237.0242462158203 203.8050994873047 3.6972864 1.5815173 1.6064955 -21.407322 1.54762 37.92119 -1.5642422437667847 0.8526662588119507
Car 0.0 0 -0.9850218296051025 56.773292541503906 168.4241180419922 159.9130096435547 212.19818115234375 4.0313025 1.7330716 1.630825 -21.169428 1.5580447 30.59504 -1.5903067588806152 0.8521207571029663
Car 0.0 0 2.27401065826416 0.0 171.97299194335938 28.768932342529297 226.0918426513672 3.9277606 1.5727841 1.6249787 -20.887278 1.5475386 22.957455 1.535793423652649 0.31802719831466675
Car 0.0 0 -1.2796531915664673 272.4597473144531 170.97885131835938 329.33258056640625 207.06996154785156 3.6955035 1.7184417 1.6364363 -15.5053425 1.6295162 36.280605 -1.6835318803787231 0.2072761356830597
Car 0.0 0 -1.5638762712478638 585.233154296875 170.6412353515625 607.3485717773438 191.22076416015625 3.9083426 1.5304906 1.6447754 -1.070741 1.366286 55.621853 -1.5831242799758911 0.17371293902397156
