Pedestrian 0.0 0 -2.0726022720336914 1074.257568359375 137.23233032226562 1166.0545654296875 254.9207763671875 0.9695289 1.8183315 0.84852666 8.169094 1.2683209 11.673252 -1.4620018005371094 0.27846378087997437
Pedestrian 0.0 0 -3.5763487815856934 923.5615844726562 180.2517852783203 977.6683959960938 266.20965576171875 0.79427993 1.6932595 0.63535404 6.823185 1.8464441 14.584296 -3.1387546062469482 0.24211950600147247
Pedestrian 0.0 0 0.7273668050765991 117.93242645263672 168.3714141845703 159.43795776367188 230.900390625 0.80104464 1.8351429 0.6622704 -14.123799 1.7039428 21.559805 0.1474156379699707 0.2051377147436142
Pedestrian 0.0 0 -0.18729448318481445 396.8285827636719 183.3101043701172 415.38623046875 224.83392333984375 0.67738575 1.7976538 0.66288996 -9.059501 2.266931 31.907715 -0.46394211053848267 0.1486518383026123
Pedestrian 0.0 0 0.015141010284423828 358.4241638183594 175.68382263183594 376.361328125 217.55482482910156 0.7347239 1.8027519 0.6040933 -10.63365 1.9282951 31.516804 -0.31026166677474976 0.13091114163398743
Cyclist 0.0 0 -1.4198757410049438 371.535888671875 174.49737548828125 392.1311950683594 222.2212677001953 1.6352926 1.6982738 0.48573363 -8.436723 1.7610961 26.57719 -1.7272567749023438 0.19042743742465973
Cyclist 0.0 0 -2.311709403991699 839.8648681640625 145.87039184570312 890.0299682617188 202.64578247070312 1.6700137 1.7079164 0.47277936 7.9039197 0.8965542 22.563251 -1.9747669696807861 0.18524688482284546
Cyclist 0.0 0 1.2534619569778442 806.6322631835938 179.9169921875 824.27294921875 208.6048583984375 1.5841244 1.7653465 0.606212 12.942836 2.219943 45.597553 1.5300365686416626 0.16073904931545258
Cyclist 0.0 0 -1.7865328788757324 999.80224609375 182.69927978515625 1040.79833984375 241.62213134765625 1.8133945 1.6778512 0.7016686 12.345163 1.9894452 21.837208 -1.271998405456543 0.1409619152545929
Cyclist 0.0 0 -1.5303699970245361 904.7073974609375 165.71017456054688 918.1732788085938 207.17945861816406 1.5932996 1.6131383 0.43566284 12.029755 1.3356045 28.879026 -1.1356725692749023 0.12701590359210968
Cyclist 0.0 0 2.8661937713623047 709.8494262695312 170.26345825195312 738.1636962890625 197.06283569335938 1.8107214 1.8126923 0.6058471 7.7423105 1.6378275 49.210175 3.0222461223602295 0.12009600549936295
Cyclist 0.0 0 -1.949082612991333 942.3958129882812 170.57972717285156 996.7507934570312 253.73440551757812 1.7190924 1.8928951 0.5656195 8.541029 1.8414825 17.301466 -1.4905204772949219 0.1118626743555069
Cyclist 0.0 0 -1.2589504718780518 784.8681640625 185.29066467285156 824.455810546875 250.0211639404297 1.4682325 1.6733345 0.6280805 5.2905316 2.0275338 19.739017 -0.9970812797546387 0.11077921092510223
Car 0.0 0 1.8549749851226807 327.86505126953125 187.4287872314453 500.0462646484375 297.1269226074219 4.1391296 1.4195452 1.6157602 -3.066581 1.7044176 11.986776 1.6045165061950684 0.9452918767929077
Car 0.0 0 1.0885976552963257 897.0637817382812 176.2775115966797 969.4690551757812 208.98422241210938 4.066679 1.5366888 1.6232365 16.179104 1.7197124 36.41473 1.5067023038864136 0.2678939700126648
