Pedestrian 0.0 0 2.0633201599121094 1175.83203125 144.03689575195312 1242.0 279.69134521484375 0.88088244 1.8072882 0.5820603 8.425627 1.4237233 10.043827 2.761326551437378 0.4634816348552704
Pedestrian 0.0 0 -1.9158180952072144 934.5654907226562 124.74530029296875 977.7553100585938 188.31236267089844 0.9144461 1.9280076 0.95337766 10.679041 0.46921477 22.384281 -1.4706759452819824 0.23878683149814606
Pedestrian 0.0 0 -0.9268687963485718 1161.9439697265625 139.09410095214844 1242.0 295.2692565917969 0.89858115 1.749826 0.6376884 7.1146545 1.3719293 8.494285 -0.2296287715435028 0.17867952585220337
Pedestrian 0.0 0 2.5004849433898926 1048.1904296875 156.6206817626953 1164.627685546875 304.9307556152344 1.0033401 1.7507472 0.6235905 6.011745 1.5594765 8.848472 3.0972583293914795 0.1242956817150116
Pedestrian 0.0 0 -0.2801808714866638 925.9227905273438 181.99285888671875 957.0455932617188 233.3131866455078 0.7999339 1.7070165 0.6947713 11.223248 2.0233722 24.543312 0.1487133502960205 0.11079629510641098
Cyclist 0.0 0 1.4677631855010986 727.816650390625 159.26785278320312 743.1361083984375 198.72476196289062 1.5800358 1.7492075 0.52310157 5.654403 1.1472629 32.790436 1.6385244131088257 0.1165238544344902
Cyclist 0.0 0 2.098733425140381 1166.942626953125 141.7688446044922 1242.0 277.99444580078125 0.9610733 1.8136597 0.6203872 8.368953 1.4001608 10.059347 2.792659282684326 0.10784576088190079
Car 0.0 0 -0.33593082427978516 802.7236328125 169.3925323486328 930.9332885742188 218.2892303466797 3.6191232 1.538797 1.5565199 8.245688 1.4302217 23.485682 0.0017185211181640625 0.8986949920654297
Car 0.0 0 -1.6804537773132324 647.833740234375 166.76559448242188 680.9005126953125 192.67343139648438 3.8602772 1.5848112 1.6859986 3.3981295 1.2127345 46.09382 -1.6068649291992188 0.5758795142173767
Car 0.0 0 -2.0998375415802 1129.7359619140625 154.19760131835938 1242.0 207.72496032714844 3.3709707 1.7122563 1.5676547 19.684162 1.1158257 24.856886 -1.4300553798675537 0.142036572098732
Car 0.0 0 -1.491272211074829 554.9338989257812 166.03231811523438 577.598388671875 183.60202026367188 3.8390484 1.4449338 1.6232121 -3.706466 0.88427466 61.271248 -1.5516912937164307 0.14195723831653595
