Pedestrian 0.0 0 1.5357816219329834 519.760986328125 179.65536499023438 532.81396484375 213.96591186523438 0.807421 1.8356282 0.67593366 -4.590616 2.2100296 39.22838 1.4192886352539062 0.3259492516517639
Pedestrian 0.0 0 -0.5383751392364502 1139.4130859375 214.7289276123047 1242.0 375.0 0.7862185 1.659302 0.63469493 6.0462046 2.1150172 7.4736886 0.1418287754058838 0.31988340616226196
Pedestrian 0.0 0 1.7262557744979858 526.4630737304688 180.5645751953125 544.9082641601562 213.7300262451172 0.9521255 1.8500607 0.90673083 -4.2498045 2.2936819 40.977722 1.6229151487350464 0.2801210284233093
Pedestrian 0.0 0 1.7794442176818848 510.0221862792969 176.43331909179688 526.2481689453125 214.9440155029297 0.8426159 1.8584708 0.6287958 -4.5343323 2.0363908 35.34579 1.6518561840057373 0.2547896206378937
Pedestrian 0.0 0 -1.6953368186950684 664.650146484375 170.48097229003906 675.8500366210938 197.7918243408203 0.6451056 1.8030127 0.6663077 3.9727345 1.6467073 47.968094 -1.6127049922943115 0.19587589800357819
Pedestrian 0.0 0 -3.525869607925415 916.0150146484375 153.85003662109375 1039.0172119140625 334.647705078125 0.8846671 1.7243649 0.75668675 3.6242342 1.5434718 7.290228 -3.0645158290863037 0.18245892226696014
Pedestrian 0.0 0 -1.9614851474761963 712.2548217773438 148.85000610351562 751.6553344726562 219.5696563720703 1.6455349 2.061137 0.59230787 3.634598 1.3618941 21.894829 -1.7969826459884644 0.1298949122428894
Cyclist 0.0 0 -1.7566735744476318 1183.787109375 145.02108764648438 1242.0 255.4091033935547 1.7601292 1.8335615 0.6617875 10.815332 1.3716106 12.911511 -1.0593929290771484 0.699120819568634
Cyclist 0.0 0 -1.922528862953186 713.3056030273438 147.8647918701172 750.4595336914062 217.8024444580078 1.6776524 2.047579 0.5690099 3.650279 1.3163232 21.998991 -1.7580976486206055 0.3997567296028137
Car 0.0 0 1.7946667671203613 363.4482116699219 180.90769958496094 484.4723205566406 264.3800048828125 3.7132587 1.4930239 1.6572043 -3.7975318 1.6833134 15.139026 1.5488940477371216 0.9561254978179932
Car 0.0 0 -1.5596890449523926 646.80859375 180.1609649658203 680.9537963867188 215.6004180908203 3.4605608 1.5569655 1.5338317 2.5324273 1.9220496 34.22355 -1.485827088356018 0.4930347800254822
Car 0.0 0 1.6383686065673828 541.0897216796875 189.7491455078125 573.4388427734375 218.2622528076172 3.9622073 1.4897395 1.6172894 -3.0620334 2.5208864 42.03375 1.5656499862670898 0.1454089730978012
