Pedestrian 0.0 0 0.008103696629405022 620.6708984375 167.3514404296875 633.6266479492188 192.92169189453125 0.9285354 1.8325986 0.5989006 1.2103881 1.4385917 52.02307 0.03136587142944336 0.25466054677963257
Pedestrian 0.0 0 3.0465338230133057 437.65936279296875 167.1751708984375 452.8786926269531 196.94461059570312 0.89104426 1.8674704 0.54228646 -10.457735 1.511589 45.657738 2.82137131690979 0.15151505172252655
Pedestrian 0.0 0 -2.228640079498291 980.13134765625 126.92442321777344 1045.67041015625 204.96624755859375 0.9846114 1.8969434 1.0526469 10.041989 0.7809028 18.101526 -1.722150206565857 0.1451934576034546
Cyclist 0.0 0 -1.9734586477279663 889.9647216796875 144.55770874023438 941.554443359375 211.8507080078125 1.7182804 1.7470255 0.66426504 8.224233 1.0127702 19.590292 -1.5759907960891724 0.12102238833904266
Car 0.0 0 -1.739730715751648 605.189697265625 182.33126831054688 688.6137084960938 242.3717803955078 4.207059 1.4480557 1.6244644 0.8750639 1.7435622 20.279106 -1.6966065168380737 0.9565035700798035
Car 0.0 0 -1.9221320152282715 708.9718627929688 170.47854614257812 970.0165405273438 343.377197265625 3.654469 1.5914382 1.6721795 2.342221 1.5699313 8.529099 -1.6541235446929932 0.9389365315437317
Car 0.0 0 -3.1389245986938477 720.3593139648438 158.94781494140625 813.6174926757812 193.50634765625 4.756203 1.7796383 1.8198837 8.319487 1.063879 38.550625 -2.926377534866333 0.1484382450580597
Car 0.0 0 -1.285858154296875 259.2197570800781 172.33970642089844 295.3126220703125 195.6793975830078 3.585522 1.7444246 1.5930868 -25.718813 1.7063429 55.815495 -1.7176426649093628 0.1429695188999176
Car 0.0 0 2.1352925300598145 361.8188171386719 183.02426147460938 410.51043701171875 203.0682830810547 4.14565 1.4147272 1.6003962 -17.145327 2.2268193 55.376553 1.8350396156311035 0.12602593004703522
Car 0.0 0 2.173344135284424 1187.66552734375 182.67703247070312 1242.0 225.93272399902344 3.9332523 1.5439643 1.79004 24.5793 1.9397528 27.701956 2.89908504486084 0.10863160341978073
