Pedestrian 0.0 0 2.286606788635254 5.439140796661377 183.41897583007812 67.64971160888672 251.74391174316406 0.9391462 1.8208681 0.96139 -15.8208685 2.1193507 19.867794 1.6141215562820435 0.507719099521637
Pedestrian 0.0 0 -0.25470107793807983 766.993896484375 156.84466552734375 799.4345703125 228.3221435546875 0.6151853 1.7606645 0.781169 4.3046823 1.3666737 18.167759 -0.022050749510526657 0.4898282289505005
Car 0.0 0 -1.9083585739135742 758.65087890625 185.1141357421875 992.6768188476562 327.9873352050781 3.6634307 1.3757755 1.5462068 3.005548 1.5623046 9.107936 -1.5896179676055908 0.9693387150764465
Car 0.0 0 1.65957510471344 501.3367919921875 179.8822021484375 552.6351928710938 223.3436279296875 3.8379183 1.4859612 1.5885218 -3.107696 1.7704781 27.231806 1.5459465980529785 0.9354442954063416
Car 0.0 0 -1.7886626720428467 698.8381958007812 176.11782836914062 831.59912109375 270.23651123046875 3.6600525 1.502701 1.6230568 2.6847868 1.5724583 13.492451 -1.5922439098358154 0.9304892420768738
Car 0.0 0 -1.725435733795166 652.4114990234375 178.29150390625 710.6890258789062 221.5446319580078 3.9237907 1.4828727 1.5863932 2.5815744 1.7036842 27.244577 -1.6309622526168823 0.847732663154602
Car 0.0 0 0.21346890926361084 382.344970703125 182.14918518066406 450.952392578125 205.64944458007812 4.0725145 1.4793584 1.6087567 -12.592515 2.0972662 47.03309 -0.048132844269275665 0.79215008020401
Car 0.0 0 -1.7639517784118652 684.9951171875 172.20150756835938 767.943115234375 241.99066162109375 2.6217792 1.5587068 1.4882255 2.69474 1.5444916 17.452011 -1.610753059387207 0.7568604350090027
Car 0.0 0 -1.6454435586929321 636.8292846679688 175.3326873779297 670.4286499023438 203.26011657714844 4.175211 1.547092 1.6558098 2.4842682 1.7004759 42.441837 -1.5869767665863037 0.6746370196342468
Car 0.0 0 3.468606948852539 292.67047119140625 183.02503967285156 365.358642578125 206.82965087890625 4.1157236 1.4956453 1.600166 -18.283464 2.1708646 46.982174 3.097482442855835 0.6717204451560974
Car 0.0 0 -1.5557130575180054 591.9400634765625 176.30421447753906 615.258056640625 198.43190002441406 3.6312869 1.4869074 1.5855126 -0.45398456 1.7392321 50.870388 -1.5646371841430664 0.6195623874664307
Car 0.0 0 -1.6704577207565308 646.17822265625 174.20433044433594 690.8508911132812 209.91543579101562 3.7093291 1.4957354 1.6153898 2.5170982 1.5599216 32.231693 -1.5925220251083374 0.5545575618743896
