Pedestrian 0.0 0 -3.246065139770508 998.1049194335938 157.34536743164062 1115.15625 320.1122741699219 1.0285387 1.6896152 0.673888 4.9685173 1.440239 7.981937 -2.6892871856689453 0.8577598333358765
Pedestrian 0.0 0 -1.57966148853302 494.5594177246094 180.72789001464844 517.2149658203125 228.83206176757812 0.93044835 1.6924372 0.79207987 -3.4570012 1.6663328 25.78703 -1.7129266262054443 0.7962131500244141
Pedestrian 0.0 0 -2.2912299633026123 759.0498046875 161.6389617919922 838.7823486328125 287.11810302734375 0.9224807 1.6889318 0.64339703 2.750935 1.4229301 10.221979 -2.02833890914917 0.7802188992500305
Pedestrian 0.0 0 -2.1018624305725098 598.7295532226562 177.9755859375 634.3486328125 231.18655395507812 0.872703 1.7244298 0.8587612 0.4726643 1.6113071 23.867409 -2.082061290740967 0.7084517478942871
Pedestrian 0.0 0 -2.5990405082702637 298.8970642089844 183.55845642089844 360.9227294921875 273.897216796875 0.8814206 1.763986 0.8129015 -5.515764 1.8082203 14.524173 -2.961981773376465 0.6974456310272217
Pedestrian 0.0 0 -2.083756923675537 235.7674102783203 178.62429809570312 342.9048156738281 355.8439636230469 0.8201546 1.678266 0.6854224 -3.2284997 1.6524072 7.320085 -2.499140501022339 0.6439230442047119
Pedestrian 0.0 0 -1.4061191082000732 327.9114074707031 179.9375762939453 361.8824157714844 245.2272491455078 0.93331116 1.7254728 0.7278326 -6.9859066 1.6853483 19.505573 -1.750035285949707 0.5434156656265259
Pedestrian 0.0 0 -1.547593116760254 982.2565307617188 154.5196075439453 1028.1661376953125 251.30345153808594 1.2179729 1.6587449 0.6954602 7.282039 1.1976175 13.009876 -1.037309169769287 0.45335230231285095
Pedestrian 0.0 0 -1.5730886459350586 580.088623046875 180.68763732910156 602.30419921875 232.8158416748047 0.85477215 1.6855602 0.7184849 -0.36455947 1.6603878 23.658354 -1.5884968042373657 0.3736027777194977
Pedestrian 0.0 0 0.6252362132072449 271.5841369628906 173.8859405517578 327.810791015625 270.06829833984375 0.7081235 1.7688841 0.7015255 -5.7557554 1.6301193 13.629329 0.22564911842346191 0.34414875507354736
Cyclist 0.0 0 -1.547593116760254 982.2565307617188 154.5196075439453 1028.1661376953125 251.30345153808594 1.2179729 1.6587449 0.6954602 7.282039 1.1976175 13.009876 -1.037309169769287 0.4181612432003021
Cyclist 0.0 0 -1.6142438650131226 578.8488159179688 180.6468505859375 604.3479614257812 233.41534423828125 0.91290456 1.7101289 0.8019435 -0.35819292 1.6835744 23.756414 -1.629320502281189 0.10578911751508713
Car 0.0 0 1.7698155641555786 363.4738464355469 165.118896484375 474.28399658203125 249.6074981689453 4.695607 2.0470862 2.0477386 -4.877044 1.6513803 19.791296 1.5282056331634521 0.757903516292572
Car 0.0 0 2.3376777172088623 0.0 52.4257698059082 326.47772216796875 374.0 3.8991106 1.5691125 1.7017224 -2.5634027 1.4739594 2.5088062 1.5415161848068237 0.5423574447631836
Car 0.0 0 1.6393671035766602 459.21875 181.42127990722656 496.47967529296875 215.3041534423828 4.4008255 1.7397211 1.7048458 -6.6806507 1.7365425 39.155193 1.470374584197998 0.3700900673866272
