Pedestrian 0.0 0 -2.3593811988830566 610.6459350585938 168.6988983154297 623.1004638671875 191.8659210205078 0.7057863 1.7753191 0.65543115 0.5053281 1.4572654 55.77098 -2.35032057762146 0.3005381226539612
Pedestrian 0.0 0 0.10516449809074402 496.35186767578125 173.669189453125 508.9180603027344 197.2744598388672 0.8906727 1.7848889 0.5743373 -8.19064 1.8476005 54.882736 -0.04298104718327522 0.2915881276130676
Car 0.0 0 1.8349475860595703 322.8913879394531 185.44256591796875 434.9806823730469 257.2890319824219 3.6915362 1.4163034 1.5551418 -5.2700706 1.7417414 16.75402 1.5301910638809204 0.9627879858016968
Car 0.0 0 2.026376247406006 116.96919250488281 190.9882049560547 285.3244934082031 268.5029602050781 4.259052 1.4507583 1.6566929 -9.252628 1.9250338 16.685043 1.5200493335723877 0.9240728616714478
Car 0.0 0 2.1868090629577637 246.45115661621094 186.7274169921875 363.9415283203125 238.013916015625 3.9227471 1.4563364 1.5719479 -9.916351 1.9525399 23.699955 1.7905313968658447 0.8745654821395874
Car 0.0 0 -1.51926589012146 659.0643310546875 175.1248321533203 692.9614868164062 204.68902587890625 3.6208417 1.5042735 1.63797 3.5635524 1.6331108 38.912006 -1.427940845489502 0.8709878921508789
Car 0.0 0 2.1339757442474365 0.0 192.5141143798828 157.1903839111328 325.7027282714844 4.1402054 1.5699162 1.6629168 -9.078066 1.936552 11.288563 1.456689715385437 0.783698558807373
Car 0.0 0 -1.3889226913452148 624.9873657226562 169.81570434570312 660.3136596679688 195.8428955078125 3.8413398 1.6563754 1.6808697 2.1817596 1.4633759 47.976734 -1.3434786796569824 0.6043604016304016
Car 0.0 0 -1.5149251222610474 677.9933471679688 171.67974853515625 703.9541015625 194.7467498779297 3.8490126 1.5497367 1.595344 5.6707745 1.4712023 50.50378 -1.4031093120574951 0.3401443362236023
Car 0.0 0 -0.8492952585220337 1050.9993896484375 144.3242950439453 1187.9967041015625 187.97311401367188 4.4809666 1.5764002 1.7275141 19.290945 0.5463928 27.420033 -0.23620092868804932 0.26993417739868164
