Cyclist 0.0 0 1.0478198528289795 969.4275512695312 192.7524871826172 1002.1500854492188 234.8692626953125 1.4540745 1.730617 0.6025825 16.133705 2.6086926 31.084465 1.526573657989502 0.16067036986351013
Cyclist 0.0 0 0.932951807975769 939.964111328125 192.882568359375 971.2332763671875 230.48321533203125 1.5105767 1.7525164 0.5944547 16.84436 2.7542953 35.275684 1.3784430027008057 0.13410182297229767
Cyclist 0.0 0 3.1978907585144043 175.7860107421875 175.10516357421875 210.31857299804688 214.19058227539062 1.5853212 2.0731435 0.57482976 -22.53261 2.1969593 38.953495 2.6734683513641357 0.12490946799516678
Cyclist 0.0 0 2.1601521968841553 120.29851531982422 180.1350860595703 155.09376525878906 217.9163055419922 1.62833 1.793972 0.630589 -23.18615 2.1597276 35.390163 1.5801595449447632 0.12399673461914062
Car 0.0 0 1.9462099075317383 310.4270935058594 189.01095581054688 394.7728576660156 233.17282104492188 3.994566 1.4736322 1.6850029 -9.768543 2.1370332 27.581867 1.605829119682312 0.7483938336372375
Car 0.0 0 1.7830426692962646 402.6454772949219 185.04327392578125 446.7301025390625 213.75009155273438 3.5092688 1.4693259 1.6801586 -10.313873 2.1795359 40.230755 1.5320796966552734 0.6350763440132141
Car 0.0 0 2.201943874359131 0.0 182.69920349121094 140.5231170654297 329.7012939453125 4.2773232 1.564588 1.6848618 -8.770769 1.7337732 10.170865 1.4903279542922974 0.5671588182449341
Car 0.0 0 -1.5434696674346924 585.0006103515625 181.0321807861328 603.5360717773438 196.55569458007812 3.5608516 1.3917227 1.6607602 -1.4856036 2.187057 68.3508 -1.5652012825012207 0.22640734910964966
Car 0.0 0 1.6993944644927979 495.4375 176.30503845214844 523.2265014648438 197.203857421875 3.8521674 1.499123 1.59319 -7.5694966 1.7685845 54.327385 1.5609545707702637 0.15498307347297668
Car 0.0 0 1.2580596208572388 786.8655395507812 185.42544555664062 865.1895751953125 230.12680053710938 4.015115 1.4556776 1.5955209 7.8323913 1.9559777 26.663042 1.5437768697738647 0.13851486146450043
Car 0.0 0 -1.7160428762435913 917.3468017578125 181.64788818359375 944.2748413085938 199.7059783935547 3.9839277 1.495067 1.6160628 28.374563 2.3009067 63.951057 -1.2984471321105957 0.12926889955997467
