Pedestrian 0.0 0 0.7666488885879517 270.9296875 176.4124755859375 328.6945495605469 262.6559753417969 0.8774811 1.7064023 0.65125984 -6.271767 1.6271567 14.443021 0.3569762706756592 0.38210174441337585
Pedestrian 0.0 0 2.4979844093322754 993.2817993164062 111.9209976196289 1064.4178466796875 244.02183532714844 0.6323571 1.7650405 0.55902225 5.790132 0.8504071 9.754059 3.03369402885437 0.3314076364040375
Pedestrian 0.0 0 3.5194203853607178 117.39566802978516 113.66213989257812 204.93641662597656 252.4397735595703 0.8636169 1.8547882 0.62362176 -6.1979017 0.96316016 9.8306675 2.956900119781494 0.26646751165390015
Cyclist 0.0 0 -1.6528394222259521 985.5438232421875 149.13999938964844 1026.624267578125 218.10183715820312 1.7380122 1.7099851 0.78810114 10.42242 0.9339752 18.481249 -1.139352560043335 0.8811820149421692
Cyclist 0.0 0 -0.10988917946815491 772.1248779296875 159.98326110839844 804.92041015625 191.99185180664062 1.7673993 1.8168608 0.5672046 10.505516 0.65368164 40.535545 0.14369940757751465 0.5307871103286743
Cyclist 0.0 0 -2.1845703125 873.5968017578125 155.15635681152344 906.1824951171875 190.29249572753906 1.7907631 1.6226803 0.4906807 13.495178 0.45369864 33.57623 -1.8024042844772339 0.4209277331829071
Cyclist 0.0 0 0.5547969341278076 272.00848388671875 176.8954315185547 332.7164001464844 263.46368408203125 0.9502516 1.7240349 0.6355219 -6.2229066 1.6538776 14.460662 0.14841747283935547 0.10219252109527588
Car 0.0 0 -0.2715553641319275 797.319091796875 161.47781372070312 943.4166870117188 207.3013916015625 4.363511 1.494866 1.6804514 8.904479 0.8758648 24.078037 0.08266401290893555 0.9486516714096069
Car 0.0 0 -0.8049103617668152 0.0 203.61578369140625 292.31988525390625 370.0 3.7468581 1.4846563 1.6333607 -3.1718757 1.656277 3.3164008 -1.5680373907089233 0.8810787200927734
Car 0.0 0 1.8685215711593628 286.04656982421875 179.5148162841797 347.3709716796875 212.58021545410156 4.3784227 1.5939292 1.7074813 -14.732247 1.5478798 36.33401 1.4833110570907593 0.8506308197975159
Car 0.0 0 1.492987036705017 435.4001770019531 174.082275390625 467.1769104003906 198.9922332763672 3.6469243 1.4481856 1.6065422 -9.404746 1.0764551 43.07828 1.2780420780181885 0.7692686915397644
