Pedestrian 0.0 0 -1.2798428535461426 400.2962341308594 160.91445922851562 425.32867431640625 205.7879638671875 1.5478138 1.7798816 0.56897914 -7.691076 0.9643738 29.272863 -1.5367733240127563 0.14179952442646027
Pedestrian 0.0 0 -1.9979124069213867 1045.1844482421875 148.48875427246094 1097.0843505859375 222.22293090820312 1.1646456 1.7640597 0.64967924 11.589181 0.975477 17.807543 -1.420973777770996 0.1261429339647293
Pedestrian 0.0 0 -2.5849342346191406 164.8526611328125 158.58486938476562 185.68374633789062 197.02798461914062 0.66606516 1.8808631 0.60470575 -21.037954 0.7606127 35.45187 -3.1205036640167236 0.12282633036375046
Pedestrian 0.0 0 -1.7291815280914307 945.5722045898438 143.6927490234375 978.1297607421875 206.49127197265625 1.0088587 1.887226 0.7459655 11.087966 0.7521624 22.178047 -1.2655720710754395 0.12117905914783478
Pedestrian 0.0 0 0.22240287065505981 335.6439208984375 170.99703979492188 356.3129577636719 197.81915283203125 1.2843822 1.8843416 0.57139254 -18.055231 1.1471059 50.822662 -0.11894971132278442 0.11952561885118484
Cyclist 0.0 0 -1.5326322317123413 704.2910766601562 182.79461669921875 728.7274169921875 253.455078125 1.7291297 1.6269836 0.52551126 2.7781253 1.66127 17.469122 -1.374922275543213 0.27644503116607666
Cyclist 0.0 0 -1.2798428535461426 400.2962341308594 160.91445922851562 425.32867431640625 205.7879638671875 1.5478138 1.7798816 0.56897914 -7.691076 0.9643738 29.272863 -1.5367733240127563 0.19428254663944244
Cyclist 0.0 0 -1.1639920473098755 414.4026184082031 174.11361694335938 434.8808288574219 207.8660125732422 1.3687786 1.730432 0.54388183 -9.237188 1.3526076 37.545124 -1.4052298069000244 0.11296828091144562
Car 0.0 0 1.8520047664642334 538.1681518554688 173.34324645996094 576.0718994140625 194.7887420654297 4.061292 1.503707 1.7079548 -3.176967 0.9324089 52.533726 1.7916035652160645 0.7461756467819214
Car 0.0 0 1.6455804109573364 501.79095458984375 175.1109619140625 526.6869506835938 195.73951721191406 3.86979 1.5199227 1.6061605 -6.609389 1.0497648 54.89379 1.5257539749145508 0.2752055525779724
Car 0.0 0 1.9971336126327515 421.3643493652344 169.13865661621094 477.23138427734375 197.25257873535156 3.7129874 1.4615443 1.6009177 -8.268516 0.8197762 39.3272 1.789902687072754 0.18306635320186615
Car 0.0 0 -0.34459757804870605 703.6136474609375 175.82327270507812 882.1838989257812 240.2504425048828 3.890001 1.4852922 1.6294498 4.5635843 1.3556305 17.544214 -0.09011802822351456 0.1127636730670929
