Car 0.0 0 -1.5806488990783691 590.9385986328125 174.3443145751953 647.414794921875 227.64498901367188 3.5986648 1.6046455 1.7081307 0.23089246 1.6575114 23.619555 -1.570873737335205 0.9193045496940613
Car 0.0 0 1.941760778427124 316.7459411621094 176.33677673339844 399.8309326171875 217.55308532714844 4.557325 1.6479484 1.9016154 -10.918951 1.8117731 31.550268 1.6085814237594604 0.8976039290428162
Car 0.0 0 1.8645302057266235 377.746826171875 178.7046356201172 431.6369323730469 210.8433837890625 4.0480795 1.5611122 1.6137298 -10.725314 1.8847227 37.82506 1.588232159614563 0.8530937433242798
Car 0.0 0 -1.3327221870422363 796.0885620117188 174.39630126953125 979.3154296875 293.689453125 4.285834 1.4421324 1.6085522 4.341925 1.4707258 10.99191 -0.9565240144729614 0.6658686399459839
Car 0.0 0 1.870273470878601 420.0374450683594 180.15005493164062 463.388427734375 205.27999877929688 3.8725202 1.4555682 1.5564942 -10.455856 1.9303629 44.929897 1.6416281461715698 0.6313170790672302
Car 0.0 0 -1.1677902936935425 736.2921142578125 165.20877075195312 857.4226684570312 234.31089782714844 3.8695433 1.6036905 1.6642761 4.9020395 1.4266217 18.781914 -0.912487804889679 0.5722523331642151
Car 0.0 0 1.4107900857925415 0.0 179.4418487548828 52.847984313964844 213.71957397460938 3.6286852 1.5145938 1.5413313 -27.94248 1.8448453 34.34661 0.7278449535369873 0.5590322613716125
Car 0.0 0 -1.155633807182312 749.3212890625 177.04747009277344 901.7291870117188 260.82647705078125 3.7654207 1.4562103 1.5793151 4.430687 1.5531794 14.67681 -0.8624498844146729 0.5422243475914001
Car 0.0 0 -1.4874846935272217 1139.2906494140625 115.28135681152344 1242.0 375.0 3.8700075 1.5014448 1.6215018 4.565101 1.3242838 4.027485 -0.6396005749702454 0.4619949162006378
Car 0.0 0 1.8299829959869385 475.194580078125 176.6131134033203 506.44268798828125 195.26612854003906 4.157552 1.4972969 1.592276 -10.043493 1.8262618 60.925957 1.6666048765182495 0.4270932078361511
Car 0.0 0 -0.9595945477485657 661.2554321289062 170.74293518066406 742.7169189453125 207.40121459960938 4.134647 1.5657701 1.599991 4.208652 1.475959 32.88329 -0.8322990536689758 0.4088559150695801
