Pedestrian 0.0 0 0.8965458869934082 758.1688232421875 161.89816284179688 851.1401977539062 299.3804931640625 0.87636584 1.6195158 0.73843217 2.3709903 1.4908159 9.047156 1.1528520584106445 0.8108603358268738
Pedestrian 0.0 0 -2.128868579864502 89.4056167602539 154.0179901123047 263.58624267578125 375.0 0.75834334 1.6096127 0.7342987 -3.0160837 1.4935715 4.9544225 -2.675708770751953 0.45128774642944336
Pedestrian 0.0 0 -1.6271929740905762 533.2716064453125 171.68128967285156 555.360595703125 215.50596618652344 0.85462314 1.6960338 0.817392 -2.6340218 1.6510075 28.404272 -1.719661831855774 0.4036407768726349
Pedestrian 0.0 0 -2.0328197479248047 137.2381134033203 105.4131088256836 239.28787231445312 279.1777038574219 0.88224363 1.7913578 0.6419644 -4.698265 1.0964603 7.944874 -2.5668606758117676 0.28236523270606995
Pedestrian 0.0 0 1.338640809059143 604.3668823242188 168.5055389404297 620.7781372070312 199.06507873535156 1.045708 1.8041376 0.76097184 0.11572127 1.5477768 43.19027 1.3413201570510864 0.22708483040332794
Pedestrian 0.0 0 0.34039363265037537 473.2824401855469 160.50306701660156 493.3143310546875 196.91299438476562 0.8475558 1.813419 0.58106625 -6.407714 1.1986313 36.290302 0.16562676429748535 0.2102011889219284
Pedestrian 0.0 0 -0.28461262583732605 800.27587890625 172.9192657470703 833.3967895507812 232.19515991210938 0.77099025 1.6909734 0.6459637 5.9396853 1.6932523 20.907383 -0.007810558192431927 0.20613504946231842
Pedestrian 0.0 0 -1.0784388780593872 748.0474853515625 168.86746215820312 776.5015869140625 218.22972106933594 0.6884681 1.7162157 0.75174797 5.3571067 1.5779709 25.588861 -0.8720663189888 0.20491710305213928
Pedestrian 0.0 0 -0.8486908674240112 1068.9532470703125 145.16351318359375 1122.9571533203125 234.76976013183594 0.7377861 1.7765023 0.56431264 9.8240595 1.2278782 14.66932 -0.2585904896259308 0.1693732738494873
Pedestrian 0.0 0 2.360447883605957 1101.5283203125 122.86375427246094 1173.581787109375 238.5422821044922 0.781731 1.8118852 0.54361653 8.4400015 1.0292404 11.627066 2.9883408546447754 0.16736088693141937
Pedestrian 0.0 0 0.12103553861379623 618.9946899414062 174.0782470703125 629.2415161132812 196.4551544189453 0.7748477 1.8299127 0.6194879 1.1405939 1.9316766 59.402676 0.14023423194885254 0.16440285742282867
Cyclist 0.0 0 1.8432143926620483 428.8752136230469 169.72483825683594 478.855712890625 251.56942749023438 1.916769 1.6874934 0.5818273 -3.4475393 1.6233333 15.847799 1.6290111541748047 0.8950086236000061
Cyclist 0.0 0 1.6382631063461304 490.8590393066406 165.16998291015625 515.332275390625 224.9058837890625 1.7869529 1.7348818 0.6182969 -3.271389 1.5120766 21.868101 1.4897679090499878 0.893193781375885
Cyclist 0.0 0 -1.4001456499099731 483.29901123046875 170.17428588867188 498.245849609375 202.81724548339844 1.6176339 1.6672169 0.50446635 -6.2518573 1.5307105 37.659664 -1.5646547079086304 0.5503482818603516
Cyclist 0.0 0 1.5762851238250732 476.6207275390625 160.50833129882812 488.849365234375 197.3328857421875 1.1020046 1.8229606 0.5970736 -6.439847 1.2121598 36.30979 1.400752067565918 0.11628730595111847
Car 0.0 0 -1.7528144121170044 764.1251220703125 176.69139099121094 845.8059692382812 231.378173828125 3.848164 1.5446825 1.782827 5.9604473 1.6760355 22.642237 -1.495409607887268 0.24886824190616608
