Pedestrian 0.0 0 1.6231110095977783 482.9529724121094 174.1137237548828 499.35662841796875 213.40066528320312 1.3723819 1.7050841 0.6509236 -5.3159566 1.7627035 32.076862 1.4588781595230103 0.3562648892402649
Cyclist 0.0 0 1.483482837677002 501.9594421386719 173.0753173828125 519.1522216796875 211.46884155273438 1.8790587 1.7549838 0.6370459 -4.7323875 1.7660677 33.9774 1.3450926542282104 0.7811087369918823
Cyclist 0.0 0 1.6231110095977783 482.9529724121094 174.1137237548828 499.35662841796875 213.40066528320312 1.3723819 1.7050841 0.6509236 -5.3159566 1.7627035 32.076862 1.4588781595230103 0.46049124002456665
Car 0.0 0 -1.8015550374984741 641.353271484375 173.99977111816406 706.0838623046875 219.39328002929688 3.2762182 1.453478 1.5030597 2.0884097 1.4961584 24.918497 -1.7179408073425293 0.9548497200012207
Car 0.0 0 -1.6446267366409302 426.6031799316406 182.2445526123047 475.85980224609375 222.3690948486328 3.694535 1.3630759 1.5470933 -6.1328683 1.7464298 27.433256 -1.8645663261413574 0.9109013676643372
Car 0.0 0 -1.2993414402008057 0.0 195.91888427734375 98.93760681152344 263.1644592285156 3.5091963 1.4564364 1.5758122 -14.82659 2.1214266 18.86625 -1.9654124975204468 0.9024306535720825
Car 0.0 0 1.3322590589523315 692.93017578125 176.52371215820312 809.5577392578125 252.54954528808594 3.921188 1.4321554 1.577597 2.8859115 1.5229987 15.785582 1.513081669807434 0.8621183633804321
Car 0.0 0 -1.8375394344329834 604.9915771484375 173.28086853027344 662.0773315429688 211.3273162841797 3.6691105 1.5740596 1.5971373 0.93589985 1.5944357 31.863861 -1.808176040649414 0.7967469692230225
Car 0.0 0 -1.7576218843460083 566.3033447265625 175.70652770996094 605.0086669921875 202.52366638183594 3.805848 1.5366428 1.6630808 -1.5563301 1.7182937 43.81524 -1.7931272983551025 0.7778919339179993
Car 0.0 0 -1.827864408493042 727.99072265625 152.14089965820312 922.013916015625 289.6585388183594 4.1127653 1.655324 1.6763293 2.8715703 1.4063545 10.742361 -1.566658854484558 0.7770137786865234
Car 0.0 0 -1.605413794517517 550.7152099609375 175.7023162841797 573.5118408203125 197.2078399658203 3.5316203 1.538432 1.5736837 -3.633212 1.7589693 53.93677 -1.6726727485656738 0.7069240808486938
