Pedestrian 0.0 0 1.7541851997375488 206.14276123046875 131.2942657470703 245.7520294189453 207.52008056640625 1.0321382 1.8507122 0.70342106 -9.675342 0.8420275 18.113972 1.2636024951934814 0.40782254934310913
Cyclist 0.0 0 -1.6322081089019775 1190.856689453125 107.21024322509766 1242.0 266.6917419433594 1.7153908 1.779108 0.54432124 7.5024433 1.047172 8.897161 -0.9316515922546387 0.5977110266685486
Car 0.0 0 -0.430575966835022 791.4901123046875 183.5233612060547 1037.1734619140625 271.5378723144531 4.0027637 1.5431997 1.6437409 5.6338415 1.7606633 13.773707 -0.042310528457164764 0.9325264692306519
Car 0.0 0 3.7036116123199463 0.0 173.10922241210938 265.88409423828125 321.6300964355469 4.109203 1.5263996 1.648147 -6.5293756 1.5301024 8.434884 3.0448691844940186 0.9211442470550537
Car 0.0 0 -1.6711549758911133 641.0528564453125 183.59808349609375 691.3626708984375 222.8192138671875 3.9022772 1.3713173 1.5660185 2.0930643 1.8221139 28.276049 -1.5972672700881958 0.9173485040664673
Car 0.0 0 0.2916024625301361 317.2132873535156 181.60374450683594 472.1667785644531 234.90614318847656 4.2007556 1.5312847 1.621231 -6.4697075 1.8060875 21.811583 0.003251314163208008 0.8509507775306702
Car 0.0 0 0.8307136297225952 0.0 198.08251953125 175.9114990234375 375.0 4.043086 1.517118 1.6763394 -6.1686497 1.7580751 5.9803476 0.02981734275817871 0.8188951015472412
Car 0.0 0 3.5624032020568848 7.2573652267456055 187.43081665039062 321.8155212402344 296.45989990234375 3.7156472 1.4496206 1.5706261 -6.542898 1.6897925 10.863489 3.020306348800659 0.7503591179847717
Car 0.0 0 3.573578119277954 136.622314453125 187.0104522705078 377.04547119140625 272.0709533691406 3.7478578 1.467839 1.5429167 -6.537355 1.749363 13.522271 3.1232571601867676 0.7495374083518982
Car 0.0 0 -1.4955061674118042 550.6273803710938 181.9124755859375 576.7457885742188 202.82943725585938 3.9481533 1.4155642 1.6070458 -3.3640206 2.1003141 52.52832 -1.5594608783721924 0.4885803461074829
