Pedestrian 0.0 0 -0.7897024154663086 1082.729736328125 136.66802978515625 1125.3028564453125 206.1228790283203 0.74848926 1.8058078 0.5579828 13.267792 0.6413609 19.015549 -0.18049898743629456 0.2615063190460205
Pedestrian 0.0 0 -2.464292049407959 961.9219970703125 143.79177856445312 1010.1180419921875 209.4267578125 1.1098276 1.831043 0.5678353 11.018764 0.78023213 20.658873 -1.9743083715438843 0.2505762577056885
Pedestrian 0.0 0 -1.9464826583862305 894.8236694335938 169.92449951171875 934.3240356445312 224.31504821777344 0.96925855 1.795987 0.92788535 10.519691 1.4148484 24.217129 -1.5366851091384888 0.19501493871212006
Pedestrian 0.0 0 -1.2881814241409302 237.42919921875 187.769287109375 273.738037109375 260.69677734375 0.9076209 1.6457208 0.5347475 -8.1050825 1.7977178 16.784136 -1.7380567789077759 0.1460239142179489
Cyclist 0.0 0 -3.1518542766571045 950.5912475585938 142.30458068847656 1013.1385498046875 205.57411193847656 1.5752634 1.7723259 0.50380176 10.917058 0.6755193 20.703827 -2.6666085720062256 0.3088091015815735
Cyclist 0.0 0 -1.527288556098938 713.4260864257812 181.37103271484375 740.4789428710938 256.58477783203125 1.6917148 1.5831789 0.52497804 2.7742493 1.5816969 16.000067 -1.3556056022644043 0.2582433819770813
Cyclist 0.0 0 -1.1535706520080566 406.3559265136719 181.40992736816406 427.2608947753906 214.18948364257812 1.587068 1.6105355 0.41202894 -9.277323 1.607 36.107494 -1.4050668478012085 0.24007388949394226
Cyclist 0.0 0 -1.2830605506896973 235.69200134277344 187.69485473632812 274.3071594238281 262.31622314453125 0.98831147 1.6773268 0.55654687 -8.107638 1.8277186 16.764984 -1.733506679534912 0.12461237609386444
Cyclist 0.0 0 1.891672968864441 1071.600830078125 147.12716674804688 1113.8751220703125 206.14569091796875 1.5881748 1.7220471 0.58300024 14.80199 0.7202476 21.669937 2.49094295501709 0.1164371445775032
Cyclist 0.0 0 -0.7896476984024048 1078.6170654296875 136.68487548828125 1127.135009765625 206.60305786132812 0.9179542 1.8150408 0.57240665 13.232711 0.65283597 19.009365 -0.18153361976146698 0.11537512391805649
Cyclist 0.0 0 -2.083854913711548 945.299560546875 152.24586486816406 990.4426879882812 217.677001953125 1.1269317 1.7627441 0.6425728 10.118194 0.9757856 19.926466 -1.6140053272247314 0.10822677612304688
Car 0.0 0 1.7372373342514038 530.89453125 174.67694091796875 564.1273193359375 198.24497985839844 3.7352042 1.5438865 1.6659721 -3.6250157 1.0976136 48.99043 1.6633775234222412 0.7587962746620178
Car 0.0 0 -1.772212266921997 647.589111328125 173.33616638183594 679.3173828125 195.126953125 3.645694 1.5389293 1.6132244 4.523218 0.9630023 52.63213 -1.6864826679229736 0.2626914381980896
Car 0.0 0 1.7019139528274536 497.4600524902344 174.77967834472656 526.0517578125 196.36412048339844 3.9684143 1.5456891 1.6070908 -6.6131535 1.0650536 53.428833 1.5787652730941772 0.13447250425815582
