Pedestrian 0.0 0 1.4533230066299438 317.1289367675781 170.66783142089844 343.46795654296875 233.0789031982422 0.77237886 1.8614761 0.66181946 -8.584611 1.7966297 22.014288 1.0815048217773438 0.36861416697502136
Pedestrian 0.0 0 -1.1340950727462769 264.079345703125 229.41311645507812 371.9957580566406 304.357421875 1.2218506 1.0710564 1.2552686 -4.834173 2.0564358 11.921009 -1.5193485021591187 0.31026193499565125
Pedestrian 0.0 0 2.0063416957855225 169.88192749023438 137.32923889160156 248.45640563964844 256.7261047363281 1.011904 1.8795643 0.77938926 -6.6296387 1.3206857 11.888889 1.497657060623169 0.2727088928222656
Pedestrian 0.0 0 1.636357069015503 511.51531982421875 146.05624389648438 538.0150756835938 214.52740478515625 0.86257833 1.7919083 0.65217805 -2.3233833 1.0909622 19.32837 1.5167251825332642 0.23667721450328827
Pedestrian 0.0 0 -1.9409456253051758 0.0 89.40965270996094 116.83964538574219 294.0658264160156 0.90393555 1.8170543 0.80769545 -5.5040193 1.0765457 6.98096 -2.608593702316284 0.16298727691173553
Cyclist 0.0 0 0.4392465353012085 106.66670227050781 174.0807342529297 150.777587890625 213.10470581054688 1.7366972 1.9210656 0.6071988 -24.021547 1.9833202 35.973557 -0.14950960874557495 0.15774525701999664
Car 0.0 0 0.29715707898139954 307.26654052734375 181.60031127929688 526.552001953125 254.64251708984375 4.297762 1.4690866 1.6363566 -4.121672 1.6698425 15.627375 0.03928256034851074 0.9506155252456665
Car 0.0 0 3.6564345359802246 0.0 190.22726440429688 287.5646667480469 330.4525146484375 4.2421813 1.4536008 1.6470822 -6.4790287 1.6919564 8.811806 3.0224294662475586 0.9327268600463867
Car 0.0 0 -2.378260612487793 1158.404296875 142.54969787597656 1242.0 328.17388916015625 3.69569 1.5831392 1.6306342 8.259288 1.3250399 8.004062 -1.577170491218567 0.3097713589668274
Car 0.0 0 2.148275375366211 0.0 186.92550659179688 55.14453887939453 238.94532775878906 4.0043316 1.5309728 1.6046568 -20.989897 2.0490463 24.45363 1.4389506578445435 0.226347878575325
