Pedestrian 0.0 0 1.3363662958145142 400.9638671875 183.9052734375 415.10223388671875 212.41502380371094 0.7445659 1.7916801 0.7185265 -12.974075 2.5078044 46.22962 1.062760353088379 0.33457866311073303
Pedestrian 0.0 0 -1.8921152353286743 753.423828125 124.32447814941406 825.435302734375 260.9424133300781 0.89499396 1.7562805 0.6921851 2.3501265 1.1327711 9.748109 -1.6555442810058594 0.23569686710834503
Pedestrian 0.0 0 -1.7458468675613403 850.5122680664062 163.2787322998047 891.736083984375 249.42587280273438 1.2324013 1.8102031 0.6402497 5.6571736 1.6093568 15.8200035 -1.4024208784103394 0.17019639909267426
Pedestrian 0.0 0 2.8192543983459473 767.6068725585938 146.3793487548828 817.638427734375 225.19442749023438 1.0068786 1.8108927 0.5684418 4.2196283 1.2029566 16.898052 3.0639610290527344 0.1580589860677719
Pedestrian 0.0 0 -0.4222046136856079 1034.54052734375 131.67161560058594 1103.9444580078125 240.42947387695312 0.8133289 1.7555994 0.5595537 7.557215 1.0911797 11.97853 0.1406238079071045 0.13799035549163818
Pedestrian 0.0 0 -2.970858573913574 481.3648376464844 149.6716766357422 529.9178466796875 234.01014709472656 0.9458213 1.8072189 0.7332311 -2.3291507 1.3108221 15.836674 -3.11688494682312 0.1274520456790924
Cyclist 0.0 0 -1.7458468675613403 850.5122680664062 163.2787322998047 891.736083984375 249.42587280273438 1.2324013 1.8102031 0.6402497 5.6571736 1.6093568 15.8200035 -1.4024208784103394 0.12560296058654785
Cyclist 0.0 0 1.1647069454193115 468.8481750488281 184.10313415527344 487.8045349121094 215.8032684326172 1.400831 1.7334667 0.5412333 -7.4697127 2.3799295 40.706474 0.9832241535186768 0.12064476311206818
Cyclist 0.0 0 1.671571969985962 260.7490539550781 154.3885040283203 276.26751708984375 189.48756408691406 1.6642284 1.8087643 0.5774122 -18.042112 0.8575376 38.061104 1.2289152145385742 0.11887422949075699
Car 0.0 0 1.5495463609695435 193.35260009765625 192.85684204101562 232.12355041503906 224.77908325195312 4.339324 1.5481347 1.7944396 -22.226242 2.7284234 40.232613 1.0448291301727295 0.6684994697570801
Car 0.0 0 1.7607805728912354 290.8594665527344 191.4060821533203 320.7959289550781 210.72715759277344 4.0388656 1.5358635 1.7023312 -26.804832 3.227876 63.638058 1.3621265888214111 0.12698164582252502
Car 0.0 0 1.4324672222137451 290.6485595703125 195.50701904296875 324.3399658203125 218.65328979492188 3.6143835 1.5283356 1.8237695 -22.530655 3.2753618 53.612225 1.0346248149871826 0.12300330400466919
Car 0.0 0 -1.747498869895935 314.4951171875 157.60313415527344 359.9316711425781 188.03884887695312 4.0092697 1.6352649 1.7256314 -15.54922 0.81621647 40.927452 -2.110577344894409 0.11123454570770264
Car 0.0 0 -0.2896062731742859 478.817138671875 155.1944122314453 645.71484375 230.09951782226562 3.5044105 1.5711356 1.5483017 -1.1522542 1.2010834 16.472536 -0.3594425320625305 0.11115114390850067
