Pedestrian 0.0 0 -2.589827537536621 369.8135070800781 138.6494903564453 424.5411682128906 217.19796752929688 1.0857328 1.8848547 0.7065616 -5.290514 1.064439 17.793486 -2.8788318634033203 0.4574642479419708
Pedestrian 0.0 0 -2.3499178886413574 76.66095733642578 197.962890625 133.70367431640625 284.83721923828125 0.8346901 1.796624 0.5861374 -10.882476 2.3487997 15.491686 -2.962301015853882 0.20842568576335907
Pedestrian 0.0 0 1.3782120943069458 781.8333740234375 108.95868682861328 852.5736694335938 265.2787170410156 0.97659206 1.7726598 0.6365071 2.4170187 1.0484486 8.691243 1.6494563817977905 0.16383887827396393
Pedestrian 0.0 0 -2.24668025970459 132.84815979003906 125.55828094482422 176.63551330566406 206.27684020996094 0.64818966 1.9069661 0.6280991 -11.052533 0.7899687 17.44566 -2.8113975524902344 0.12342754751443863
Pedestrian 0.0 0 -2.560579776763916 256.49566650390625 132.9060516357422 309.9053955078125 233.32725524902344 0.69592965 1.9327236 0.6963937 -6.5099187 1.1642363 14.281344 -2.988274574279785 0.12009061127901077
Pedestrian 0.0 0 3.502531051635742 234.31753540039062 137.53501892089844 291.7859191894531 213.9244842529297 1.0864629 1.8110538 0.6796794 -8.445225 0.9740639 17.49031 3.0526959896087646 0.11900268495082855
Pedestrian 0.0 0 1.8662389516830444 319.13385009765625 156.15391540527344 370.7692565917969 240.13084411621094 1.3579233 1.7881731 0.7170539 -5.9255095 1.4329255 16.060015 1.5127737522125244 0.10131705552339554
Cyclist 0.0 0 -1.7392613887786865 710.4342041015625 139.0998077392578 743.915771484375 218.71905517578125 1.6506379 1.7650368 0.49370238 2.663412 1.0171158 16.820728 -1.5822241306304932 0.20018360018730164
Cyclist 0.0 0 0.5006629228591919 366.849853515625 137.4140625 423.7143859863281 216.07725524902344 1.1642693 1.8914297 0.67388314 -5.337645 1.0396464 17.796915 0.20927977561950684 0.1597549319267273
Cyclist 0.0 0 1.8662389516830444 319.13385009765625 156.15391540527344 370.7692565917969 240.13084411621094 1.3579233 1.7881731 0.7170539 -5.9255095 1.4329255 16.060015 1.5127737522125244 0.11240535229444504
Car 0.0 0 1.6416137218475342 541.6678466796875 186.43264770507812 575.8292846679688 217.02711486816406 4.08923 1.6256664 1.7090396 -2.9831445 2.4586587 42.196762 1.5710351467132568 0.7644283771514893
Car 0.0 0 1.249619722366333 499.93499755859375 187.77474975585938 530.5702514648438 205.43829345703125 4.0630927 1.5248319 1.6688166 -9.002545 2.9804735 68.180046 1.1183383464813232 0.23454056680202484
Car 0.0 0 0.5596446990966797 270.9736633300781 170.2969512939453 351.4968566894531 202.1939239501953 3.6965988 1.672323 1.6666272 -16.138622 1.5386174 38.95544 0.1668853759765625 0.1369401216506958
Car 0.0 0 1.3568633794784546 515.5302124023438 194.34056091308594 549.576416015625 217.29420471191406 4.2985663 1.5029653 1.6441675 -5.84874 3.1753182 53.84538 1.248666524887085 0.1145310029387474
Car 0.0 0 1.2237797975540161 515.2906494140625 187.09088134765625 553.12109375 206.9730224609375 4.68331 1.5324072 1.7178887 -6.5433154 2.7981102 61.64465 1.118030071258545 0.1130419597029686
