Pedestrian 0.0 0 1.2033768892288208 760.239990234375 175.90602111816406 783.0390014648438 222.49942016601562 0.7622809 1.640001 0.5599071 5.746082 1.7515564 25.8673 1.4219645261764526 0.5850505232810974
Pedestrian 0.0 0 -3.6148858070373535 1017.7545776367188 151.702880859375 1082.3184814453125 239.4276885986328 0.9492809 1.7786925 0.65699023 9.075651 1.3501942 14.9884405 -3.070424795150757 0.44062259793281555
Pedestrian 0.0 0 -0.014076068997383118 722.6072387695312 167.19699096679688 736.452880859375 191.5865020751953 1.0262944 1.835139 0.50526816 9.018229 1.4098464 54.614185 0.14957332611083984 0.19338178634643555
Pedestrian 0.0 0 1.314493179321289 709.805908203125 174.9658660888672 726.563232421875 206.00706481933594 0.82166904 1.8814614 0.8343412 6.5974655 2.0126588 44.24615 1.4625108242034912 0.16288672387599945
Pedestrian 0.0 0 -0.6229252219200134 835.1034545898438 158.77374267578125 869.0476684570312 208.63206481933594 1.0125273 1.7963579 0.6116065 8.823071 1.289415 26.435781 -0.3007953464984894 0.1363527476787567
Cyclist 0.0 0 -0.5672401785850525 1012.3455810546875 155.81703186035156 1082.0804443359375 241.56858825683594 1.0874723 1.7550098 0.6139211 9.077655 1.4066855 15.085141 -0.025526564568281174 0.13858039677143097
Cyclist 0.0 0 -1.8003114461898804 673.7005004882812 172.74169921875 688.287841796875 198.8216094970703 1.8874922 1.8655756 0.643341 5.1378913 1.8578993 52.588924 -1.7029213905334473 0.13366474211215973
Car 0.0 0 2.0946996212005615 149.36611938476562 183.14210510253906 262.1626281738281 232.40399169921875 3.9750254 1.5604832 1.743334 -14.284797 1.9557412 25.691246 1.5872478485107422 0.9468520283699036
Car 0.0 0 -2.1583094596862793 1127.275634765625 190.23057556152344 1190.529296875 214.140625 3.9164884 1.5154505 1.6312293 38.414886 2.7838783 50.64751 -1.5094062089920044 0.38756000995635986
Car 0.0 0 -2.0252997875213623 1067.2298583984375 186.9912567138672 1116.9385986328125 207.41445922851562 4.1064568 1.4922323 1.6747506 38.544678 2.6678646 57.83461 -1.437437653541565 0.14567585289478302
Car 0.0 0 -1.2422949075698853 121.29825592041016 181.2371368408203 179.80003356933594 209.9010467529297 3.7720923 1.4822265 1.6418848 -25.756435 1.9769375 40.519947 -1.8085148334503174 0.13406869769096375
