Car 0.0 0 -1.3240313529968262 300.64373779296875 189.5797882080078 417.7586669921875 262.18695068359375 3.6082566 1.3980552 1.6045808 -5.4031396 1.507193 15.924449 -1.651140809059143 0.9546306729316711
Car 0.0 0 -1.621810793876648 536.4310913085938 180.7768096923828 582.07177734375 221.5717010498047 3.7343771 1.5683682 1.6721792 -2.08904 1.3988456 29.587547 -1.692299246788025 0.935911238193512
Car 0.0 0 -1.38411545753479 386.0716247558594 187.25271606445312 462.2221984863281 237.68601989746094 3.9404905 1.4189979 1.5892674 -5.6579185 1.4893239 22.399658 -1.6315298080444336 0.935459315776825
Car 0.0 0 -1.064089298248291 0.0 190.6118927001953 273.8162841796875 376.0 3.533903 1.4882594 1.6114758 -4.8226094 1.5561484 7.0553274 -1.6636836528778076 0.9280493259429932
Car 0.0 0 -1.810725450515747 667.9711303710938 179.43296813964844 814.7752075195312 285.2183837890625 4.002669 1.6374124 1.6784042 2.2037144 1.5490348 13.1812105 -1.6450715065002441 0.9254933595657349
Car 0.0 0 -1.6631346940994263 577.081298828125 183.03042602539062 602.3255004882812 202.3173828125 3.8876193 1.4441888 1.603007 -1.4510239 1.2816893 55.84832 -1.6891103982925415 0.7391327619552612
Car 0.0 0 -1.427601933479309 419.45220947265625 182.69140625 476.0643615722656 222.336669921875 4.5098314 1.5523834 1.7118791 -6.7246504 1.4546721 30.456472 -1.6449108123779297 0.7339033484458923
Car 0.0 0 -1.4171680212020874 461.3836975097656 182.5946807861328 498.2919006347656 207.84878540039062 3.805286 1.4327122 1.596219 -7.575848 1.2851492 42.697983 -1.5927692651748657 0.5904039144515991
Car 0.0 0 -1.530110239982605 531.2088623046875 184.93487548828125 563.3280029296875 213.6586456298828 3.6063428 1.4836315 1.5913763 -3.26715 1.470258 38.962044 -1.6137691736221313 0.5249300003051758
Car 0.0 0 -0.8688268661499023 0.0 156.8331298828125 96.09933471679688 280.679931640625 3.6984031 1.4296888 1.5961387 -9.355027 1.1031711 10.175385 -1.6122455596923828 0.47735777497291565
