Pedestrian 0.0 0 1.1177935600280762 1116.8917236328125 167.44305419921875 1168.3123779296875 230.65687561035156 0.9569642 1.8703519 0.92934257 16.101408 1.7106124 21.900202 1.7517664432525635 0.4681704044342041
Pedestrian 0.0 0 -1.5854030847549438 588.4486694335938 157.0479736328125 602.8378295898438 195.79786682128906 0.6782071 1.9342167 0.7141319 -0.7645088 1.1456105 36.364697 -1.6064233779907227 0.39126014709472656
Pedestrian 0.0 0 1.1589405536651611 899.7760009765625 174.4600372314453 962.898193359375 271.29119873046875 0.86968213 1.8214973 0.84045935 6.1749945 1.8540403 14.020717 1.573798656463623 0.2915627658367157
Pedestrian 0.0 0 -1.179753065109253 1163.77783203125 108.97029113769531 1242.0 235.1850128173828 0.8915044 1.8798685 0.8906595 9.401607 0.92872894 11.346296 -0.48781126737594604 0.2686432898044586
Pedestrian 0.0 0 1.1240252256393433 1010.3023681640625 162.48233032226562 1035.4273681640625 207.6529998779297 0.7535098 1.7225597 0.57332194 15.921457 1.3273996 27.909035 1.6424535512924194 0.25523680448532104
Pedestrian 0.0 0 -1.1472268104553223 438.14239501953125 151.83233642578125 459.85760498046875 197.04478454589844 0.61879385 1.9506947 0.7368514 -7.067708 1.0440714 31.505348 -1.3679068088531494 0.19903749227523804
Pedestrian 0.0 0 0.978270411491394 1168.8079833984375 152.1703643798828 1212.719970703125 211.14935302734375 0.9224328 1.8086693 0.67016006 18.141483 1.174736 22.611755 1.654414176940918 0.17264306545257568
Pedestrian 0.0 0 -0.5751858949661255 983.6365356445312 178.24319458007812 1050.7684326171875 280.19415283203125 0.8167971 1.6973616 0.5807014 6.912315 1.7924188 12.35981 -0.06526307761669159 0.16103973984718323
Pedestrian 0.0 0 -0.33306095004081726 875.7047729492188 150.97999572753906 912.9562377929688 205.57254028320312 1.0242432 1.7919323 0.5609223 9.3984165 1.0743036 23.981773 0.04044175148010254 0.16079717874526978
Pedestrian 0.0 0 -1.7933450937271118 984.9048461914062 149.31581115722656 1031.742919921875 223.40696716308594 1.0984595 1.8404331 0.82990783 10.179626 1.2560997 18.562616 -1.2917357683181763 0.13011042773723602
Pedestrian 0.0 0 -1.273544430732727 450.6641540527344 155.6172637939453 464.13134765625 186.04978942871094 0.52220297 1.910264 0.7110652 -9.670422 0.828664 45.579926 -1.4826083183288574 0.11189623922109604
Cyclist 0.0 0 -2.0458240509033203 898.3880004882812 174.38314819335938 965.5514526367188 271.607666015625 0.9654627 1.821114 0.84250563 6.191614 1.8522968 14.035284 -1.6303571462631226 0.11901700496673584
Car 0.0 0 -1.768350601196289 674.4561767578125 180.9092559814453 772.6347045898438 249.61215209960938 4.145622 1.5011405 1.6486349 2.7047257 1.7301995 18.370417 -1.6221681833267212 0.9467781782150269
