Pedestrian 0.0 0 -1.0209532976150513 493.77679443359375 179.5305938720703 533.1212158203125 236.4608612060547 0.94445425 1.8806955 0.9823107 -3.3321223 2.114647 24.611374 -1.1555246114730835 0.5552436113357544
Pedestrian 0.0 0 -0.8912214636802673 879.0151977539062 167.8769989013672 929.9678344726562 240.58810424804688 0.8275842 1.8313063 0.9090667 7.60588 1.7063131 18.768108 -0.506192684173584 0.1332702487707138
Pedestrian 0.0 0 -0.9209718108177185 715.863037109375 173.10409545898438 763.9658203125 251.39520263671875 0.8184189 1.703444 0.71749073 2.8752625 1.7096199 16.240988 -0.7457499504089355 0.13300393521785736
Pedestrian 0.0 0 -3.631351947784424 983.0328369140625 78.53701782226562 1121.884765625 282.3000793457031 0.8927928 1.7709455 0.6256932 3.9629254 0.95157576 6.603376 -3.090832233428955 0.11655763536691666
Pedestrian 0.0 0 -0.9369165897369385 1200.816162109375 152.7723388671875 1242.0 216.500732421875 1.078477 1.8813229 0.64545995 18.508326 1.2888509 21.735596 -0.23153987526893616 0.10918399691581726
Pedestrian 0.0 0 2.0746026039123535 229.55511474609375 140.42837524414062 318.1113586425781 278.1216125488281 0.9658032 1.7943692 0.72816736 -4.642113 1.3721678 9.905796 1.6363677978515625 0.10247857868671417
Cyclist 0.0 0 -1.448776125907898 445.20465087890625 159.91415405273438 480.1546325683594 228.18048095703125 1.6654074 1.71419 0.7064024 -3.9020145 1.3896244 18.973804 -1.6516010761260986 0.3058481514453888
Cyclist 0.0 0 1.8196132183074951 565.3121337890625 179.06182861328125 580.8508911132812 206.36582946777344 1.6977081 1.7238722 0.6100786 -2.4202151 2.1350114 46.850307 1.768000602722168 0.16788765788078308
Cyclist 0.0 0 -0.9866175651550293 1187.914794921875 151.30052185058594 1242.0 214.24862670898438 1.7978497 1.8587022 0.65173584 18.47316 1.2226392 21.868082 -0.28517669439315796 0.1555175930261612
Cyclist 0.0 0 -1.903414011001587 1104.9385986328125 78.63236236572266 1242.0 348.33831787109375 1.5252793 1.7440434 0.60469687 4.3052735 1.1351206 5.4826293 -1.2377275228500366 0.11976692825555801
Car 0.0 0 -1.6620535850524902 654.4113159179688 185.67347717285156 686.93701171875 211.84381103515625 3.970175 1.4199218 1.5711888 3.545529 2.22129 43.08959 -1.579955816268921 0.6010185480117798
Car 0.0 0 1.6971263885498047 579.4912109375 186.93765258789062 614.0038452148438 215.01063537597656 4.1977096 1.593568 1.6526196 -0.81675017 2.5209417 45.314556 1.6791043281555176 0.1286764293909073
Car 0.0 0 -1.3728588819503784 1171.508056640625 144.40228271484375 1242.0 201.07003784179688 4.2131534 1.646482 1.7374121 19.521801 0.8201753 22.948338 -0.6679674386978149 0.12660162150859833
Car 0.0 0 -2.753187417984009 216.01271057128906 183.87567138671875 428.46875 260.934814453125 3.6662748 1.4464302 1.5759199 -5.7555466 1.6819835 14.583574 -3.1290814876556396 0.12560133635997772
