Pedestrian 0.0 0 1.5713748931884766 709.1875 165.50526428222656 720.5057983398438 197.10691833496094 0.5967547 1.7892929 0.6348381 5.950665 1.3735634 41.191715 1.7148449420928955 0.4987800121307373
Pedestrian 0.0 0 0.5198127627372742 18.338111877441406 118.4177474975586 80.84011840820312 217.7237548828125 0.6980483 1.8557358 0.6930183 -10.811628 0.8388409 13.873134 -0.14219142496585846 0.2559911608695984
Pedestrian 0.0 0 -0.12125042080879211 394.1709289550781 152.93954467773438 428.4570007324219 222.2249298095703 0.7939431 1.7835152 0.68206346 -5.295173 1.2712438 19.037727 -0.392534464597702 0.24030908942222595
Pedestrian 0.0 0 -3.6812987327575684 1142.785400390625 107.29112243652344 1241.0411376953125 257.7037658691406 0.7408514 1.8334986 0.65184754 7.31416 1.0346588 9.165087 -3.0077505111694336 0.22759456932544708
Pedestrian 0.0 0 -2.398542881011963 0.0 134.05125427246094 67.88915252685547 276.0563659667969 0.71197313 1.7865525 0.6234203 -7.714733 1.2987367 9.406036 -3.0854737758636475 0.20068447291851044
Car 0.0 0 -1.3387730121612549 382.9303283691406 194.2071075439453 530.1734619140625 291.0748596191406 4.2846293 1.3661966 1.6730111 -2.6652327 1.8244408 13.299886 -1.5365484952926636 0.9396363496780396
Car 0.0 0 -1.4694823026657104 488.36932373046875 187.4657440185547 554.54833984375 240.2352294921875 4.263239 1.3807479 1.5924867 -2.673776 1.874414 22.211159 -1.5892856121063232 0.9352114200592041
Car 0.0 0 -1.784113883972168 700.4244384765625 180.69586181640625 826.7469482421875 267.97454833984375 4.058342 1.4822786 1.6332686 2.894449 1.6642355 14.662479 -1.589214563369751 0.8949989080429077
Car 0.0 0 -1.7350893020629883 662.964599609375 178.7060546875 722.5066528320312 221.5589141845703 3.8608131 1.4437478 1.5702257 2.953837 1.6775919 26.814955 -1.6253752708435059 0.8527897596359253
Car 0.0 0 -1.624207854270935 645.2543334960938 179.19064331054688 676.5765380859375 207.5308837890625 3.7081373 1.6286857 1.7088385 3.0433223 2.033328 44.165207 -1.5554089546203613 0.8079189658164978
Car 0.0 0 -1.0992705821990967 31.45621681213379 185.10147094726562 318.7266845703125 327.675048828125 3.800989 1.5158967 1.8004242 -5.661937 1.7179916 9.942225 -1.616949439048767 0.19500108063220978
