Pedestrian 0.0 0 0.7232100963592529 935.7408447265625 35.85546875 1158.455322265625 375.0 0.906048 1.7934138 0.69319665 2.508253 1.076561 4.313854 1.2498717308044434 0.3055434226989746
Pedestrian 0.0 0 -0.020100146532058716 884.5938110351562 136.58953857421875 912.3855590820312 205.67953491210938 0.69946426 1.8704811 0.5768075 7.912062 0.8890474 19.924166 0.3579113483428955 0.266849160194397
Pedestrian 0.0 0 -2.139115810394287 835.8212280273438 117.38624572753906 925.948974609375 274.0754089355469 0.83944434 1.7296745 0.6315543 3.0936265 1.11773 8.440092 -1.787783145904541 0.15831123292446136
Pedestrian 0.0 0 -2.394157886505127 1082.818359375 50.76273727416992 1242.0 375.0 0.89471895 1.7884566 0.69089425 3.2816648 1.1815071 4.0791574 -1.716681718826294 0.14606478810310364
Pedestrian 0.0 0 -2.651789426803589 1014.115478515625 189.10935974121094 1127.4959716796875 359.16778564453125 0.78014725 1.6305358 0.65471095 4.730326 1.8114872 7.5122995 -2.0898334980010986 0.13818436861038208
Cyclist 0.0 0 3.036306381225586 475.7874755859375 171.1129913330078 497.5069580078125 192.23304748535156 1.7950405 1.807401 0.5951789 -10.669292 1.6587666 62.274677 2.8666274547576904 0.2568345367908478
Cyclist 0.0 0 -2.371555805206299 1005.5120239257812 189.39353942871094 1134.0771484375 356.733642578125 0.9540818 1.5923721 0.6345078 4.6970143 1.7772757 7.5089483 -1.812580943107605 0.1426631361246109
Car 0.0 0 -1.5467607975006104 567.1290893554688 177.39744567871094 616.7626953125 226.26544189453125 4.5897975 1.6067944 1.661336 -0.6506982 1.7881373 26.443815 -1.5713626146316528 0.8789952993392944
Car 0.0 0 -1.3988853693008423 252.7164306640625 175.86965942382812 286.8735046386719 197.90780639648438 3.8032436 1.5081273 1.5999948 -24.489273 1.7342924 51.979424 -1.8391746282577515 0.291985422372818
Car 0.0 0 -2.674663782119751 233.50450134277344 169.56417846679688 363.7777099609375 215.5168914794922 4.00476 1.6014445 1.6693642 -11.24186 1.4871525 26.096302 -3.081423044204712 0.21897989511489868
Car 0.0 0 -1.5348330736160278 475.0316162109375 175.78582763671875 494.67535400390625 192.92697143554688 3.6607149 1.456198 1.5848526 -11.073417 1.7239026 63.87213 -1.7064952850341797 0.16256920993328094
Car 0.0 0 -2.3851823806762695 73.37686920166016 166.04171752929688 154.71250915527344 193.51390075683594 3.7439141 1.547007 1.6842806 -28.701277 1.1637534 41.747837 -2.9874637126922607 0.1503886729478836
