Pedestrian 0.0 0 1.7078227996826172 533.844970703125 155.6529998779297 589.3212280273438 267.33270263671875 0.9234624 1.7045743 0.7674542 -0.6619735 1.3113732 11.452051 1.6500831842422485 0.8539627194404602
Pedestrian 0.0 0 2.979149103164673 558.900146484375 155.32745361328125 605.1511840820312 241.5829315185547 0.89884037 1.7908162 0.58846146 -0.4571361 1.2486638 15.286004 2.9492523670196533 0.8318635821342468
Pedestrian 0.0 0 -2.1141884326934814 884.514892578125 135.17115783691406 1056.6864013671875 374.0 0.8596181 1.6632973 0.7399194 2.5136893 1.3663328 5.083117 -1.654936671257019 0.7879981398582458
Pedestrian 0.0 0 -3.4391045570373535 812.4280395507812 134.11126708984375 921.3206176757812 292.25482177734375 0.99351484 1.7137324 0.70370466 2.9388335 1.2015587 8.157087 -3.093301296234131 0.6037141680717468
Pedestrian 0.0 0 2.954859495162964 568.1271362304688 158.97000122070312 609.5325927734375 238.75511169433594 0.82972926 1.7531471 0.61897767 -0.32628128 1.2593086 16.169739 2.9346837997436523 0.5911009311676025
Pedestrian 0.0 0 -1.6226955652236938 755.5691528320312 155.47010803222656 777.0457153320312 204.92837524414062 0.91638875 1.8869827 0.764942 6.382237 0.8948878 27.921183 -1.3979758024215698 0.5251666307449341
Pedestrian 0.0 0 -1.6831839084625244 706.3862915039062 159.74578857421875 730.3290405273438 212.3195037841797 0.9247304 1.8108187 0.72824204 4.0741878 1.0625986 25.218529 -1.5230125188827515 0.3721967041492462
Pedestrian 0.0 0 1.3699743747711182 699.6102905273438 154.12112426757812 719.8565673828125 199.34405517578125 1.1374446 1.807257 0.59907174 4.3910284 0.71410924 29.287928 1.5187921524047852 0.29796257615089417
Pedestrian 0.0 0 1.302596092224121 18.158374786376953 135.8603973388672 127.769775390625 301.3583984375 1.7752857 1.7949276 0.59510505 -6.3770447 1.3012953 8.568918 0.6628131866455078 0.16254009306430817
Pedestrian 0.0 0 -1.1203892230987549 0.0 126.17628479003906 71.80313110351562 231.45655822753906 1.737446 1.7753019 0.6465135 -10.446514 0.8436825 13.029395 -1.7962055206298828 0.12406685948371887
Cyclist 0.0 0 1.2882325649261475 878.4564208984375 174.31520080566406 947.771728515625 286.812255859375 1.6991453 1.6147588 0.5254676 4.767726 1.5129441 11.183196 1.6912287473678589 0.569448709487915
Cyclist 0.0 0 1.7005131244659424 0.0 202.32894897460938 44.644432067871094 317.4002685546875 1.5225219 1.5389407 0.47560936 -8.704101 1.8716854 10.655929 1.0155928134918213 0.5241156816482544
Cyclist 0.0 0 -1.211660623550415 0.0 125.60485076904297 64.84364318847656 228.30601501464844 1.7326554 1.7419448 0.62666225 -10.542745 0.79517317 13.102147 -1.889235258102417 0.45558059215545654
Cyclist 0.0 0 1.296906590461731 14.979121208190918 135.96588134765625 128.9739227294922 302.56549072265625 1.8678199 1.8030294 0.60369754 -6.399765 1.3115925 8.580459 0.656064510345459 0.3680689036846161
Cyclist 0.0 0 1.264972448348999 698.4061889648438 155.61431884765625 720.671630859375 199.69493103027344 1.0381413 1.7638569 0.612054 4.385771 0.7290597 29.301691 1.413545846939087 0.1861806958913803
Car 0.0 0 1.8431596755981445 345.86077880859375 127.58821868896484 544.727783203125 284.1656494140625 4.760421 2.1584463 2.059508 -2.4106596 1.4165846 12.354357 1.6504547595977783 0.8068954944610596
