Pedestrian 0.0 0 -0.5528644919395447 987.8351440429688 134.45816040039062 1112.287353515625 282.2792053222656 1.0372375 1.7062076 0.7363196 5.287676 1.176459 8.525405 0.002294301986694336 0.9120467305183411
Pedestrian 0.0 0 -0.5223945379257202 953.116455078125 152.9791259765625 1050.7806396484375 265.5126647949219 1.2364655 1.8078862 0.6771771 6.50441 1.367409 11.701855 -0.01507535856217146 0.21268022060394287
Pedestrian 0.0 0 1.441913366317749 624.3392944335938 179.41444396972656 665.3145751953125 270.6224365234375 1.0166414 1.8034647 0.7103292 0.7620726 1.7836294 14.509525 1.4943873882293701 0.14284774661064148
Pedestrian 0.0 0 1.3111907243728638 490.05938720703125 165.7606201171875 542.315673828125 262.5899658203125 0.9253635 1.7356567 0.7554967 -1.7175047 1.4730967 13.24012 1.1821913719177246 0.1344650536775589
Pedestrian 0.0 0 -1.899023175239563 828.4735717773438 175.4376983642578 877.3401489257812 247.85890197753906 0.9384471 1.7893456 0.9137348 6.2372317 1.6658655 17.936583 -1.5643649101257324 0.1198340505361557
Pedestrian 0.0 0 1.444977045059204 673.9734497070312 154.2774658203125 716.9531860351562 245.00155639648438 0.9897046 1.7818319 0.744197 1.7833489 1.2684485 14.377298 1.5683859586715698 0.11537069827318192
Pedestrian 0.0 0 -0.39533156156539917 897.0352783203125 155.8726348876953 957.654541015625 267.2270202636719 0.6981088 1.788141 0.69301176 5.2781405 1.3943261 11.705136 0.02829146385192871 0.10819277167320251
Pedestrian 0.0 0 -1.3576784133911133 202.13026428222656 210.47698974609375 235.995849609375 263.0574035644531 0.9009194 1.840265 0.9229275 -14.177947 2.9658492 25.945173 -1.8577980995178223 0.10578934848308563
Pedestrian 0.0 0 0.9430664777755737 1032.71142578125 122.94332122802734 1110.4703369140625 241.1407012939453 0.81336176 1.8453557 0.7075268 7.4970107 0.94840956 11.457108 1.5224968194961548 0.10068222880363464
Cyclist 0.0 0 -0.46998268365859985 938.1249389648438 149.079345703125 1045.2008056640625 261.51361083984375 1.4454615 1.8093095 0.58336437 6.3232226 1.3053375 11.683402 0.026090145111083984 0.24150539934635162
Cyclist 0.0 0 -2.3520572185516357 1136.55517578125 145.28207397460938 1224.0 260.9230041503906 1.4733137 1.8818866 0.5454969 10.050456 1.3104192 12.260336 -1.6653867959976196 0.11705461144447327
Cyclist 0.0 0 -1.7020190954208374 1146.2130126953125 191.16409301757812 1224.0 370.0 1.5911065 1.6699868 0.5765358 5.5827928 1.7861769 6.7593246 -1.0116603374481201 0.10996688157320023
Cyclist 0.0 0 -1.8242223262786865 846.6550903320312 135.2273406982422 908.7252807617188 244.20518493652344 1.7193094 1.7480218 0.57790375 4.6322184 1.0234954 12.222158 -1.4619479179382324 0.10685072094202042
