Pedestrian 0.0 0 -2.4611499309539795 338.5264892578125 168.00167846679688 374.4003601074219 219.91363525390625 0.9432451 1.7350601 0.6690915 -8.498343 1.3188663 24.09997 -2.8001646995544434 0.756621241569519
Pedestrian 0.0 0 0.8327089548110962 528.381103515625 159.38406372070312 561.329833984375 211.26144409179688 0.9389307 1.8144634 0.73463935 -2.182391 1.077441 25.313244 0.7467062473297119 0.6391530632972717
Pedestrian 0.0 0 -2.6126129627227783 349.6212158203125 170.48114013671875 379.5719299316406 219.0110321044922 0.85562813 1.7447922 0.5871981 -8.792656 1.3861068 25.788403 -2.941206216812134 0.5212010145187378
Pedestrian 0.0 0 -1.3231269121170044 427.0371398925781 157.78750610351562 451.303466796875 208.10643005371094 0.7987465 1.7550524 0.6634893 -5.8999786 0.9644023 25.060669 -1.5543442964553833 0.45811474323272705
Pedestrian 0.0 0 -1.3107457160949707 63.28645324707031 147.5452880859375 85.93009948730469 189.3640899658203 0.6074973 1.964251 0.730874 -25.236765 0.4178007 33.62397 -1.9546043872833252 0.36405718326568604
Pedestrian 0.0 0 -1.604736566543579 413.1414794921875 160.7056884765625 436.76959228515625 216.90380859375 1.5119627 1.7562664 0.6871167 -5.877164 1.1392208 22.913342 -1.8558189868927002 0.3154228925704956
Cyclist 0.0 0 -0.4148101806640625 818.2722778320312 149.98472595214844 872.5435791015625 200.05609130859375 1.8194591 1.8440783 0.6341615 8.95346 0.7217477 26.43092 -0.08819307386875153 0.9149974584579468
Cyclist 0.0 0 -0.15006262063980103 884.5025024414062 144.01963806152344 952.11181640625 203.7296600341797 1.8039876 1.7741172 0.6648083 9.49676 0.6917684 21.559942 0.2648477554321289 0.9001191258430481
Cyclist 0.0 0 -0.4377419948577881 681.2950439453125 158.60659790039062 720.9656982421875 196.00437927246094 1.8711061 1.8357936 0.63037145 4.782511 0.7625197 35.282867 -0.30301541090011597 0.8636201620101929
Cyclist 0.0 0 -0.5889933705329895 295.5732421875 168.7305450439453 360.78070068359375 230.93212890625 1.8020462 1.8151699 0.63755286 -8.445845 1.4732803 21.549753 -0.962517499923706 0.852483332157135
Cyclist 0.0 0 -1.5956230163574219 814.4269409179688 152.0458526611328 832.2666015625 191.39759826660156 1.8569808 1.8001395 0.75399035 10.266062 0.49996716 33.33473 -1.2968714237213135 0.7032120823860168
Cyclist 0.0 0 -1.6365485191345215 413.3901062011719 159.47100830078125 438.1844787597656 216.10159301757812 1.5134356 1.7663523 0.6755653 -5.8402057 1.1119952 22.872644 -1.886542797088623 0.534892737865448
Cyclist 0.0 0 -2.203770875930786 1033.3336181640625 152.89999389648438 1067.84814453125 190.86764526367188 1.6473552 1.6964235 0.44920057 20.399216 0.46469867 32.424126 -1.6422021389007568 0.3464341461658478
Car 0.0 0 -1.4127416610717773 425.0247497558594 177.39183044433594 511.8110656738281 238.2383575439453 3.6126704 1.3955183 1.6177952 -3.4105833 1.325841 18.040113 -1.599591851234436 0.9670475721359253
Car 0.0 0 -3.593496084213257 958.7024536132812 152.77818298339844 1055.2635498046875 185.3694610595703 3.7091832 1.5198754 1.5633539 19.178806 0.22853604 33.86544 -3.0782065391540527 0.7178841233253479
Car 0.0 0 -0.563293993473053 1052.1805419921875 148.12603759765625 1169.4583740234375 181.57717895507812 4.353864 1.5630448 1.6965452 24.231295 0.051784035 34.00127 0.0558772087097168 0.6443549394607544
Car 0.0 0 1.6406993865966797 482.5443115234375 169.1650390625 505.8248291015625 188.5267791748047 3.8301842 1.5546988 1.6498171 -9.159788 0.6457601 58.74736 1.486026406288147 0.4842016100883484
