Pedestrian 0.0 0 2.715344190597534 771.0260620117188 164.71510314941406 802.6255493164062 223.2481231689453 0.7223481 1.7483974 0.6646849 5.326283 1.5056442 21.943806 2.953463077545166 0.7467584609985352
Car 0.0 0 -1.7451421022415161 683.1204833984375 181.29751586914062 775.4129028320312 248.498046875 3.4021413 1.4233713 1.6050214 2.7241697 1.6477852 17.427624 -1.5900835990905762 0.9594225883483887
Car 0.0 0 -1.57964289188385 583.5733642578125 180.36207580566406 638.0991821289062 224.3661346435547 3.390473 1.316858 1.6764535 -0.037952174 1.5834124 23.875214 -1.5812325477600098 0.9294238686561584
Car 0.0 0 0.8608802556991577 449.7557373046875 173.9112548828125 530.3366088867188 204.58743286132812 4.346975 1.485247 1.6456099 -6.2467575 1.542926 37.09405 0.694042444229126 0.8616785407066345
Car 0.0 0 -1.4600831270217896 518.3355102539062 180.48800659179688 571.69287109375 223.0588836669922 3.48633 1.4080474 1.5577619 -2.3447466 1.7048141 26.253063 -1.5491600036621094 0.8501616716384888
Car 0.0 0 -0.8807497024536133 0.0 194.91567993164062 354.8348083496094 375.0 3.6127222 1.5261582 1.6006106 -2.660635 1.6817917 3.2643347 -1.5646075010299683 0.8277410864830017
Car 0.0 0 0.9376097917556763 320.66876220703125 176.37367248535156 454.9765319824219 242.49342346191406 3.559081 1.568127 1.5644847 -5.931172 1.6692731 18.973959 0.6346380710601807 0.8242701292037964
Car 0.0 0 1.2426990270614624 283.6466369628906 183.1321258544922 410.8528137207031 259.05511474609375 3.665372 1.426595 1.5233172 -5.949688 1.6815801 15.971075 0.8860964775085449 0.7958914041519165
Car 0.0 0 1.4286749362945557 0.0 190.49729919433594 208.9306182861328 352.81011962890625 3.6665173 1.421835 1.6478049 -6.30737 1.6790508 8.614846 0.7966952323913574 0.7750012278556824
Car 0.0 0 -1.5724842548370361 595.44873046875 172.76112365722656 630.7227783203125 206.06283569335938 3.6767786 1.5804098 1.674057 0.10998552 1.5763602 36.07902 -1.5694358348846436 0.7419992685317993
Car 0.0 0 1.057883381843567 396.41668701171875 177.48178100585938 486.5583190917969 218.55125427246094 3.9007487 1.39016 1.5353501 -6.363423 1.5750449 26.814268 0.8248789310455322 0.6623679399490356
Car 0.0 0 1.9774281978607178 245.36843872070312 177.87220764160156 317.7679443359375 214.82290649414062 3.8624961 1.5564575 1.6026458 -14.903011 1.7989426 32.865074 1.5517003536224365 0.6605993509292603
Car 0.0 0 2.275599718093872 0.0 186.92039489746094 100.84912109375 252.5907745361328 3.8359926 1.3794167 1.5648416 -14.838922 1.7665105 17.907036 1.5836232900619507 0.6536253690719604
