Pedestrian 0.0 0 -3.2411370277404785 790.9490356445312 130.10540771484375 844.9867553710938 220.2761688232422 1.0502377 1.8640317 0.51674396 4.335638 0.9806802 15.259984 -2.9643137454986572 0.5525897145271301
Pedestrian 0.0 0 -0.3072963058948517 921.8475952148438 156.1150360107422 938.8129272460938 188.40382385253906 0.770667 1.8567938 0.5396454 18.520706 0.89456344 41.800304 0.10978460311889648 0.3311605751514435
Pedestrian 0.0 0 -3.1957201957702637 834.7918701171875 169.70555114746094 860.2221069335938 215.4136505126953 0.93137676 1.7962717 0.5808201 9.416449 1.6728992 28.75403 -2.879244327545166 0.13015396893024445
Pedestrian 0.0 0 1.9936487674713135 133.84994506835938 177.89926147460938 150.37014770507812 207.00804138183594 0.76623905 1.816038 0.6162478 -29.589476 2.138142 45.585632 1.4179089069366455 0.12873642146587372
Pedestrian 0.0 0 0.9559260010719299 1120.5589599609375 118.48818969726562 1171.0177001953125 204.96463012695312 0.73476404 1.8066808 0.541544 11.407346 0.67121845 15.444807 1.592083215713501 0.12332288175821304
Pedestrian 0.0 0 2.3753299713134766 1179.7147216796875 160.23045349121094 1242.0 269.6789855957031 0.91992444 1.6089976 0.63792473 9.303939 1.4237772 10.951402 3.0795719623565674 0.10885907709598541
Pedestrian 0.0 0 0.9146190881729126 1077.4437255859375 184.8944854736328 1142.625 257.0903625488281 0.9855133 1.4402502 0.6515756 10.373984 1.700643 15.070684 1.5174869298934937 0.1053435280919075
Cyclist 0.0 0 -1.8313355445861816 1010.5492553710938 170.97174072265625 1057.756103515625 234.9872589111328 1.8460424 1.6896175 0.6707317 11.690822 1.6402956 20.020311 -1.302802562713623 0.172001913189888
Car 0.0 0 1.8730628490447998 360.56976318359375 186.4039306640625 429.6273498535156 226.48825073242188 3.7886097 1.4403079 1.6140041 -8.625092 2.0233083 29.117493 1.5850803852081299 0.9137271046638489
Car 0.0 0 -1.519296646118164 598.9786987304688 177.20887756347656 628.8815307617188 204.41419982910156 3.5833127 1.6026846 1.681666 0.2483976 1.8853095 44.9282 -1.513767957687378 0.8696067929267883
Car 0.0 0 0.11335113644599915 828.50537109375 165.3578643798828 936.7648315429688 206.2315216064453 3.8672323 1.5330511 1.6059986 10.773876 1.252251 28.655697 0.472977876663208 0.21005822718143463
Car 0.0 0 1.7850713729858398 395.4977111816406 182.98062133789062 462.1701965332031 227.65826416015625 3.9434972 1.4674209 1.5776415 -6.6296024 1.8690594 26.5946 1.540766954421997 0.11813130974769592
