Pedestrian 0.0 0 1.3326334953308105 776.9683227539062 159.6061553955078 806.2086791992188 207.76348876953125 0.9281914 1.8941638 0.93955153 7.2082806 1.3734468 28.844616 1.5775184631347656 0.3764708340167999
Pedestrian 0.0 0 -1.3312606811523438 0.0 166.4766845703125 20.461341857910156 203.0264892578125 1.7219682 1.7616369 0.6471353 -29.858406 1.4546194 35.689503 -2.027933120727539 0.11400474607944489
Cyclist 0.0 0 -1.4155960083007812 0.0 164.98753356933594 20.614423751831055 202.20896911621094 1.7726191 1.7975557 0.6662985 -29.852526 1.4180144 35.77433 -2.1110033988952637 0.34753623604774475
Car 0.0 0 -1.5598033666610718 636.8633422851562 175.56863403320312 678.968017578125 214.72718811035156 3.2217147 1.4865412 1.6119168 1.9165356 1.6033709 29.287197 -1.4944571256637573 0.9334014058113098
Car 0.0 0 -1.439908504486084 585.3856811523438 171.8148956298828 628.9119873046875 203.95602416992188 4.3736434 1.5391412 1.6647142 -0.120652795 1.4897394 36.824467 -1.4431849718093872 0.8830187320709229
Car 0.0 0 -1.5318810939788818 651.2201538085938 170.09326171875 684.3008422851562 201.29354858398438 3.7347095 1.6140156 1.6527141 3.1486688 1.4715582 39.27517 -1.4518827199935913 0.803122878074646
Car 0.0 0 -0.7096079587936401 946.80908203125 149.77410888671875 1060.5445556640625 188.6774139404297 4.074341 1.5610015 1.6726738 16.404192 0.635275 30.195236 -0.21194571256637573 0.7999598979949951
Car 0.0 0 2.4893782138824463 0.0 190.0101318359375 85.83650970458984 309.3874206542969 3.7264392 1.4984113 1.646448 -10.834238 1.8214849 11.595552 1.7379090785980225 0.7290490865707397
Car 0.0 0 -0.5763452053070068 910.236328125 157.96841430664062 1003.3850708007812 193.41749572753906 3.5817788 1.5870143 1.6066512 15.944949 0.920962 33.328556 -0.13011255860328674 0.6315168142318726
Car 0.0 0 -0.7500993013381958 1094.141845703125 139.59512329101562 1242.0 190.89463806152344 4.0385523 1.4926273 1.6412289 17.219954 0.52527446 21.981544 -0.08557353168725967 0.3536767363548279
Car 0.0 0 -0.6471249461174011 1017.3187255859375 142.09188842773438 1154.0301513671875 184.11871337890625 4.2307305 1.5663354 1.7243458 18.277933 0.42019278 27.890766 -0.0670049861073494 0.32320597767829895
