Pedestrian 0.0 0 2.9020116329193115 650.6949462890625 180.8816375732422 668.4654541015625 215.6959686279297 0.7450668 1.7107139 0.67752546 2.4350345 2.116422 36.03323 2.9694864749908447 0.2931813895702362
Pedestrian 0.0 0 -3.3548226356506348 848.8961791992188 153.5927276611328 878.6397705078125 216.69544982910156 0.7251231 1.8561152 0.60832816 7.532355 1.2899187 21.56698 -3.018812656402588 0.13708679378032684
Pedestrian 0.0 0 -0.44662249088287354 911.2202758789062 139.0883026123047 954.3344116210938 215.00790405273438 0.7641275 1.8401712 0.6531378 7.9161525 1.0221021 17.82357 -0.02865278348326683 0.11104876548051834
Pedestrian 0.0 0 -2.313288688659668 1141.135986328125 199.3692626953125 1224.371337890625 308.81195068359375 1.028744 1.7741891 0.58521944 9.834853 2.253232 12.488358 -1.646202802658081 0.10682640969753265
Cyclist 0.0 0 -1.7286490201950073 764.7687377929688 145.56967163085938 786.8223266601562 194.41639709472656 1.7261708 1.7779636 0.5396529 6.180037 0.7852038 27.13939 -1.504752278327942 0.3967374265193939
Cyclist 0.0 0 -2.100585460662842 883.6231689453125 177.01742553710938 929.0729370117188 230.6454315185547 1.7550284 1.701667 0.58453155 9.76398 1.8454533 23.94378 -1.713383674621582 0.21146784722805023
Cyclist 0.0 0 -1.4175270795822144 745.7237548828125 173.68809509277344 759.2572021484375 205.9309539794922 1.6690223 1.7338829 0.4835461 7.8135843 1.7811509 39.710274 -1.2232441902160645 0.16751869022846222
Cyclist 0.0 0 -1.7984309196472168 727.4331665039062 179.42015075683594 742.5902709960938 211.9978790283203 1.6613184 1.7795873 0.47509202 6.9901533 2.1570594 40.594524 -1.627908706665039 0.10478799790143967
Car 0.0 0 1.834959864616394 390.0691833496094 183.13961791992188 435.1925964355469 210.1309051513672 4.6146636 1.734069 1.9024403 -13.750043 2.4861593 50.42213 1.5687345266342163 0.8601158261299133
Car 0.0 0 2.2565972805023193 0.0 195.3639373779297 128.42300415039062 273.323974609375 4.397666 1.4612833 1.8156074 -13.777055 2.060714 16.996998 1.5754516124725342 0.7543699741363525
Car 0.0 0 -1.6782593727111816 638.6458740234375 180.8619384765625 677.6860961914062 212.61380004882812 3.9111366 1.541759 1.6319792 2.4499843 1.9862368 38.024757 -1.6139169931411743 0.11222424358129501
