Pedestrian 0.0 0 0.33163172006607056 655.6055908203125 138.02801513671875 701.60986328125 215.78506469726562 0.92128325 1.7398362 0.5609426 1.5298306 0.9609529 16.586893 0.423602819442749 0.40569525957107544
Pedestrian 0.0 0 -2.588442325592041 1072.1673583984375 178.89187622070312 1204.806640625 288.1492004394531 1.0691094 1.3855691 1.0734514 7.189971 1.4748365 9.923461 -1.9614338874816895 0.32671093940734863
Cyclist 0.0 0 1.1734025478363037 659.3612670898438 137.8587646484375 698.6349487304688 215.50132751464844 0.9300701 1.7279428 0.5815442 1.5269284 0.94947875 16.586115 1.2652044296264648 0.14265745878219604
Car 0.0 0 -1.8560830354690552 644.1185302734375 181.22067260742188 771.5040893554688 270.3459167480469 3.2042644 1.4601415 1.5482656 1.6974107 1.6408663 13.845326 -1.7340936660766602 0.9491296410560608
Car 0.0 0 -1.0976306200027466 805.0435791015625 166.45762634277344 895.982177734375 207.72845458984375 4.2345543 1.5017928 1.6360234 9.454749 1.2693949 28.319368 -0.775404691696167 0.8669764995574951
Car 0.0 0 -1.0133938789367676 728.5419921875 171.77133178710938 829.1015625 218.3328094482422 3.901731 1.5120468 1.6268771 5.9506483 1.4772463 25.38142 -0.7831041812896729 0.8405710458755493
Car 0.0 0 2.4125940799713135 561.587158203125 176.23660278320312 656.6110229492188 214.54141235351562 3.7648475 1.4410964 1.581651 -0.034668673 1.5875382 29.313417 2.4114112854003906 0.8223149180412292
Car 0.0 0 -1.1902549266815186 930.61962890625 158.73304748535156 1009.5672607421875 199.43922424316406 4.5203176 1.7884421 1.7624649 16.90623 1.1683902 33.85909 -0.7271583676338196 0.8088778257369995
Car 0.0 0 -1.0540292263031006 881.992431640625 168.05490112304688 954.6356201171875 203.6701202392578 3.2441692 1.454197 1.4619364 13.23638 1.2586043 31.022411 -0.6507436633110046 0.8015220761299133
Car 0.0 0 -1.9320979118347168 43.94607162475586 159.6513214111328 135.0980224609375 204.47518920898438 3.7000203 1.6023434 1.6065346 -19.889238 1.1307381 27.47951 -2.5586087703704834 0.29758545756340027
