Pedestrian 0.0 0 -2.0712239742279053 875.1383666992188 132.9973907470703 969.5699462890625 281.8252258300781 0.8775906 1.7352843 0.7323927 3.766086 1.2709268 8.883131 -1.6702351570129395 0.4944305717945099
Pedestrian 0.0 0 -0.19809415936470032 765.9298095703125 119.67835235595703 843.9501953125 257.7688903808594 0.88213867 1.7526367 0.62414736 2.4930365 1.0780923 9.492394 0.05874061584472656 0.28205662965774536
Pedestrian 0.0 0 3.1544246673583984 576.6246948242188 173.76258850097656 587.4550170898438 199.86483764648438 0.73959756 1.7884945 0.5890907 -1.955576 1.851899 49.761528 3.1151459217071533 0.2659175992012024
Cyclist 0.0 0 -2.042680501937866 870.2454833984375 130.99085998535156 966.4224243164062 278.7733459472656 0.94471276 1.724982 0.740547 3.728359 1.2366949 8.918436 -1.6467105150222778 0.10367578268051147
Car 0.0 0 -1.405846357345581 460.6748046875 186.95263671875 561.54296875 259.0571594238281 4.1190095 1.3827515 1.6464398 -2.2019372 1.7509581 16.73653 -1.536659836769104 0.9333492517471313
Car 0.0 0 -1.4441982507705688 522.3780517578125 181.70767211914062 582.3087158203125 226.68890380859375 4.1903834 1.4159249 1.606499 -2.0111778 1.7575897 25.680681 -1.5223535299301147 0.9128961563110352
Car 0.0 0 -1.690175175666809 678.9132080078125 173.9911651611328 725.7030029296875 209.97520446777344 3.4721062 1.4035336 1.5139186 3.7390943 1.453902 29.98986 -1.5661365985870361 0.8145965933799744
Car 0.0 0 -1.7535972595214844 704.4544677734375 173.76242065429688 799.0179443359375 243.2724609375 3.8197842 1.5467894 1.6152319 3.3652058 1.5722382 18.014812 -1.5689235925674438 0.7535752058029175
Car 0.0 0 -2.461724281311035 1043.020751953125 178.3623504638672 1242.0 375.0 3.7515562 1.4703046 1.5971931 3.278016 1.5038801 2.4425673 -1.531308650970459 0.6059213876724243
Car 0.0 0 -1.4930925369262695 662.4111938476562 174.74017333984375 690.362548828125 197.61988830566406 3.732121 1.4352758 1.5514452 4.3779893 1.5651056 47.555344 -1.4012904167175293 0.3860897719860077
