Pedestrian 0.0 0 -0.7604273557662964 929.45361328125 143.8114471435547 1028.0286865234375 316.07452392578125 0.6732034 1.8011792 0.6994909 4.005419 1.4978688 7.974125 -0.2949398159980774 0.4310670495033264
Car 0.0 0 -1.7859609127044678 687.9158325195312 178.85299682617188 805.8604125976562 263.4183349609375 3.884426 1.5293086 1.6184458 2.6966438 1.6732992 15.29932 -1.6114938259124756 0.9497034549713135
Car 0.0 0 0.2743282914161682 312.3656311035156 190.02227783203125 404.4740905761719 221.69802856445312 3.9715903 1.4653685 1.590854 -12.282832 2.3270547 35.28225 -0.060680218040943146 0.9137897491455078
Car 0.0 0 -1.7057982683181763 671.1202392578125 179.7228240966797 747.0970458984375 239.02833557128906 3.7490523 1.4890821 1.6147652 2.6605268 1.7018244 20.428274 -1.5762897729873657 0.7992598414421082
Car 0.0 0 2.0576252937316895 0.0 204.96922302246094 409.3865051269531 375.0 3.8199646 1.4152071 1.603451 -2.9557426 1.7509284 5.619825 1.5734343528747559 0.7764540910720825
Car 0.0 0 -1.6579638719558716 649.6314697265625 178.81295776367188 697.3919677734375 218.67184448242188 4.12887 1.5420572 1.647918 2.5840542 1.812197 30.59685 -1.5737088918685913 0.7686676979064941
Car 0.0 0 -2.1071152687072754 805.8074340820312 169.8610382080078 1217.1444091796875 375.0 2.7267933 1.5951039 1.5054303 2.6783648 1.5782384 5.573967 -1.659178376197815 0.7359766960144043
Car 0.0 0 -1.5542410612106323 595.2142333984375 177.98765563964844 620.0230102539062 202.18936157226562 3.7265437 1.5601474 1.6271899 -0.16262276 1.9237638 49.179607 -1.5575478076934814 0.7341431379318237
Car 0.0 0 -2.6700544357299805 190.28912353515625 192.75900268554688 297.2342529296875 224.59375 4.3714204 1.4740458 1.7149506 -17.918482 2.4734228 35.348087 -3.139218807220459 0.461280882358551
Car 0.0 0 -2.463742733001709 0.0 0.0 1242.0 375.0 3.638509 1.478538 1.572593 2.6748886 1.578273 1.7621069 -1.4754544496536255 0.4389941692352295
Car 0.0 0 0.5827991962432861 98.64408874511719 199.04815673828125 198.30398559570312 229.566650390625 3.8867748 1.4000639 1.5698143 -22.569887 2.711664 35.30438 0.013986825942993164 0.36174696683883667
