Pedestrian 0.0 0 -0.36365818977355957 811.2167358398438 165.54904174804688 861.0524291992188 242.79391479492188 0.93074065 1.7927539 0.7256994 5.3101144 1.6235732 17.134705 -0.06314004957675934 0.6644934415817261
Pedestrian 0.0 0 -3.513916254043579 1056.1490478515625 162.83665466308594 1085.3076171875 195.951416015625 1.2662023 1.8526095 0.5738353 25.99055 1.2925458 40.768066 -2.9463627338409424 0.36161237955093384
Pedestrian 0.0 0 1.9652674198150635 327.0837707519531 163.7734375 372.60040283203125 229.02633666992188 0.96407133 1.8415513 0.94136244 -7.556309 1.5856397 20.863922 1.6177911758422852 0.25991010665893555
Pedestrian 0.0 0 2.917623281478882 414.7662353515625 167.92591857910156 429.7906188964844 192.30484008789062 1.0374082 1.8845959 0.5498787 -14.66289 1.5039904 56.25824 2.6626601219177246 0.1993761956691742
Pedestrian 0.0 0 0.24557265639305115 980.9041137695312 149.19512939453125 1010.4605712890625 193.73251342773438 0.9828769 1.8369285 0.58266604 16.155375 0.8614849 30.302555 0.7353761196136475 0.1834854781627655
Cyclist 0.0 0 2.2249419689178467 138.63180541992188 188.45645141601562 168.49398803710938 217.8811798095703 1.8192163 1.7308385 0.56179976 -28.07703 2.7105951 44.358574 1.6606417894363403 0.458609014749527
Cyclist 0.0 0 1.1569011211395264 1047.2933349609375 163.63088989257812 1078.6162109375 199.9002685546875 1.7133765 1.6387 0.589486 20.965332 1.2223451 33.48767 1.7162631750106812 0.45677047967910767
Car 0.0 0 2.0921614170074463 179.49676513671875 192.3717803955078 236.45962524414062 217.1328887939453 3.697714 1.4467486 1.6105269 -26.117764 2.7674124 46.946938 1.584475040435791 0.4529155194759369
Car 0.0 0 -1.8717331886291504 523.9909057617188 178.0909881591797 576.8245849609375 209.91455078125 3.6765182 1.4505333 1.5649596 -3.02524 1.723365 35.540344 -1.9566497802734375 0.38759711384773254
Car 0.0 0 2.6655828952789307 503.3631286621094 167.05674743652344 568.5335693359375 192.0846405029297 3.643638 1.4693257 1.5631038 -4.5343223 1.1293414 44.007652 2.562910318374634 0.3058321177959442
Car 0.0 0 2.2879409790039062 775.8483276367188 164.9992218017578 876.8228149414062 206.4239044189453 3.837056 1.4948136 1.5882969 8.296566 1.211731 27.729458 2.578660726547241 0.2692118287086487
Car 0.0 0 -1.7740824222564697 371.50701904296875 169.96368408203125 408.5556335449219 194.35963439941406 3.9255695 1.5684999 1.6169618 -14.8502865 1.3830291 48.497417 -2.0712246894836426 0.18706738948822021
