Pedestrian 0.0 0 1.26503324508667 710.8516235351562 169.62615966796875 737.427734375 221.41954040527344 0.8211242 1.7873241 0.70660967 3.960564 1.6762933 25.35559 1.4199819564819336 0.3016737401485443
Pedestrian 0.0 0 -3.4084267616271973 832.4483032226562 132.11868286132812 851.2446899414062 188.9075164794922 0.48682114 2.0480094 0.69533074 8.427751 0.5793056 26.376171 -3.0991580486297607 0.2593279182910919
Pedestrian 0.0 0 2.589195489883423 762.7898559570312 145.1322021484375 810.0716552734375 223.9532012939453 0.83466333 1.784713 0.68153477 4.049779 1.1573772 16.788246 2.8259003162384033 0.2007320076227188
Pedestrian 0.0 0 2.0773043632507324 399.04193115234375 176.39886474609375 434.0435791015625 226.62498474121094 0.94042104 1.8120756 0.90873915 -7.187883 1.9462788 26.674843 1.8140932321548462 0.20026589930057526
Cyclist 0.0 0 1.2134109735488892 659.9351196289062 173.56585693359375 678.2883911132812 201.79920959472656 1.6437901 1.7544245 0.62223405 3.7076876 1.8007891 45.75352 1.294270396232605 0.2642892897129059
Cyclist 0.0 0 1.6864701509475708 330.4408874511719 140.8415069580078 356.0237731933594 197.26220703125 1.7032316 1.7888285 0.6009525 -8.819543 0.7742247 23.772327 1.3312106132507324 0.1686697006225586
Car 0.0 0 1.763790249824524 420.99072265625 184.1991424560547 510.12823486328125 248.24229431152344 3.6838756 1.4114845 1.5417142 -3.6178057 1.7301039 18.395424 1.5695998668670654 0.9544559121131897
Car 0.0 0 3.3403611183166504 0.0 187.03953552246094 188.1712646484375 307.836181640625 4.194484 1.5657908 1.7194504 -9.244347 1.8260134 11.485634 2.6626627445220947 0.9127519726753235
Car 0.0 0 2.9012813568115234 429.4930419921875 178.5878448486328 506.6669006347656 207.13671875 4.0567718 1.542987 1.6225023 -8.13724 1.8836039 41.224144 2.7063965797424316 0.7714351415634155
Car 0.0 0 1.6371363401412964 528.8388671875 179.423828125 556.9625244140625 203.51980590820312 3.9659145 1.5317861 1.6427758 -4.544366 1.9962282 48.962025 1.5445873737335205 0.46300777792930603
