Pedestrian 0.0 0 -1.1229292154312134 674.57373046875 177.490478515625 702.0723266601562 227.12989807128906 0.69614524 1.6988922 0.72860414 2.7009797 1.8647853 25.27045 -1.0164505243301392 0.5013973712921143
Car 0.0 0 -1.7935675382614136 724.5651245117188 185.29112243652344 830.6090087890625 258.14111328125 3.7781692 1.5047344 1.6676434 3.8636389 1.8383857 17.440186 -1.5755521059036255 0.9482337832450867
Car 0.0 0 -1.5947588682174683 588.78759765625 187.7096405029297 654.0237426757812 242.13233947753906 3.45435 1.323313 1.6735079 0.22201668 1.7759899 20.228453 -1.5837838649749756 0.9226915836334229
Car 0.0 0 -2.1371912956237793 312.0637512207031 183.16494750976562 487.9206848144531 264.0797424316406 4.079838 1.4293371 1.5862232 -4.5560308 1.674149 15.169744 -2.428956985473633 0.8660407066345215
Car 0.0 0 -1.7142233848571777 699.940185546875 177.5392608642578 767.0603637695312 231.61146545410156 4.1240773 1.6772846 1.6799198 4.107007 1.8523144 24.818031 -1.5502249002456665 0.8506811857223511
Car 0.0 0 -2.096184492111206 232.90655517578125 182.8650360107422 434.727783203125 283.18994140625 3.6299825 1.4021709 1.5427564 -4.781182 1.5953171 12.159875 -2.4708092212677 0.8457110524177551
Car 0.0 0 -1.7536230087280273 133.54635620117188 174.46701049804688 341.4974670410156 327.5689697265625 3.5226514 1.4841995 1.6185372 -4.7817917 1.5086911 8.912262 -2.2460741996765137 0.8178472518920898
Car 0.0 0 -2.326446294784546 492.74652099609375 179.12452697753906 565.576904296875 210.3002471923828 3.6338313 1.4422272 1.509478 -4.0825634 1.7691875 35.82944 -2.439901351928711 0.7317632436752319
Car 0.0 0 -1.5223499536514282 599.1157836914062 177.13693237304688 639.2778930664062 212.12100219726562 3.7211156 1.4960322 1.6723378 0.43426573 1.7049725 33.22827 -1.5092815160751343 0.7195612788200378
Car 0.0 0 -2.2952377796173096 416.058837890625 179.79843139648438 537.5789794921875 234.16134643554688 3.738171 1.5345684 1.691086 -4.266141 1.7703348 22.642504 -2.4814674854278564 0.5900051593780518
