Pedestrian 0.0 0 -2.3170509338378906 402.7241516113281 142.48338317871094 466.6448669433594 252.97146606445312 0.76793534 1.7997878 0.7281859 -3.0292296 1.3054255 12.265959 -2.559168577194214 0.2303999811410904
Pedestrian 0.0 0 -2.9432621002197266 471.2853088378906 141.7823944091797 519.177490234375 230.93310546875 0.8545129 1.7948103 0.71410453 -2.409338 1.1696247 14.8965 -3.103611946105957 0.21931251883506775
Pedestrian 0.0 0 -1.9202882051467896 864.1553344726562 144.0632781982422 909.310546875 221.9765625 0.97964984 1.8964016 0.76322347 6.8611917 1.1959964 18.054413 -1.5571162700653076 0.1597566157579422
Pedestrian 0.0 0 -0.16967123746871948 251.51327514648438 92.65303802490234 373.25445556640625 301.9095764160156 0.87120736 1.6709462 0.6980588 -2.6556227 1.0308869 6.287635 -0.5693005919456482 0.14128141105175018
Pedestrian 0.0 0 3.5775554180145264 202.8863983154297 139.5834503173828 259.4556884765625 243.80186462402344 0.6578273 1.7244158 0.60532767 -6.4754 1.1742735 12.254711 3.0914461612701416 0.13368405401706696
Pedestrian 0.0 0 0.3608115315437317 0.0 139.24090576171875 89.12388610839844 352.27630615234375 0.7626441 1.7225753 0.73462605 -5.189511 1.4511424 6.3020997 -0.3280699849128723 0.13242675364017487
Pedestrian 0.0 0 2.769906997680664 689.4147338867188 172.3255157470703 703.4476928710938 199.0845184326172 0.76877373 1.8323926 0.6760406 5.937675 1.7965612 49.82994 2.8885066509246826 0.11900720000267029
Cyclist 0.0 0 1.2877509593963623 844.3158569335938 150.57000732421875 888.7505493164062 228.07244873046875 1.7418901 1.8072213 0.5565387 6.22023 1.2879555 17.70712 1.6255693435668945 0.21119597554206848
Cyclist 0.0 0 -2.6646037101745605 233.75062561035156 127.48153686523438 342.110595703125 232.52749633789062 1.6385816 1.7480029 0.5029057 -5.528215 0.99334633 12.299681 -3.087008476257324 0.1325806826353073
Car 0.0 0 1.5799835920333862 584.2371215820312 173.48536682128906 622.841064453125 208.90921020507812 4.1675067 1.4212646 1.5528471 -0.30316624 1.4506663 31.10504 1.570237398147583 0.8878371715545654
