Pedestrian 0.0 0 2.640467405319214 849.78564453125 162.85760498046875 869.089599609375 189.9477996826172 1.1642852 1.9023727 0.5606903 17.614695 1.2007462 51.04039 2.9727818965911865 0.4805507957935333
Pedestrian 0.0 0 1.4707467555999756 650.9313354492188 139.89474487304688 680.218017578125 203.50990295410156 1.7357477 1.7181218 0.6476737 1.5035974 0.8283145 20.360687 1.5444610118865967 0.15972496569156647
Cyclist 0.0 0 1.4755266904830933 651.2037353515625 140.83995056152344 679.61865234375 205.08360290527344 1.7634963 1.7340271 0.6282904 1.4992152 0.870281 20.360956 1.5490258932113647 0.41011324524879456
Car 0.0 0 2.9284915924072266 700.0455322265625 168.81837463378906 769.1486206054688 195.7490234375 3.7367887 1.5463927 1.6031641 7.238449 1.3150201 42.311264 3.0979275703430176 0.8452993631362915
Car 0.0 0 -1.8788719177246094 820.3569946289062 165.57281494140625 858.1354370117188 187.17385864257812 4.1380353 1.6296483 1.6350911 17.873377 1.080691 56.502663 -1.5725034475326538 0.8432519435882568
Car 0.0 0 1.2265406847000122 786.4736938476562 158.0690460205078 828.895263671875 188.54637145996094 4.369334 2.2523308 1.7728081 15.137062 1.1600522 55.567535 1.4924958944320679 0.8068387508392334
Car 0.0 0 2.9338538646698 199.5100860595703 168.16915893554688 311.0104675292969 203.38592529296875 4.7482805 1.6563555 1.7418219 -17.718916 1.4363705 36.08271 2.4773807525634766 0.7713841795921326
Car 0.0 0 0.8154861330986023 1064.812255859375 160.31690979003906 1122.486083984375 183.89266967773438 3.6450028 1.7619898 1.657551 37.35116 0.82535803 55.857418 1.4048864841461182 0.5551295876502991
Car 0.0 0 -2.0664048194885254 1020.7369995117188 167.80284118652344 1068.5714111328125 188.01882934570312 3.6291509 1.512899 1.6379614 33.55546 1.1352447 55.84474 -1.5253454446792603 0.49201110005378723
Car 0.0 0 -2.027977466583252 856.3204345703125 162.30099487304688 903.0081176757812 183.0851593017578 4.2399783 1.5428342 1.6728331 20.745987 0.7598284 55.75137 -1.6717374324798584 0.48414069414138794
