Pedestrian 0.0 0 -0.6779855489730835 729.1209716796875 165.0473175048828 757.099609375 217.486083984375 0.69744587 1.8166509 0.6814604 4.6504345 1.5465603 25.459509 -0.49731725454330444 0.7410233616828918
Car 0.0 0 -1.9302291870117188 765.2435302734375 184.0373077392578 1095.3909912109375 375.0 4.1043196 1.4319369 1.6374165 2.8370833 1.5814782 7.5696025 -1.571634292602539 0.9557936191558838
Car 0.0 0 -1.7682746648788452 693.0391235351562 181.01327514648438 787.2352294921875 247.9907989501953 3.623157 1.4334689 1.5649775 3.030546 1.6549555 17.719172 -1.5988816022872925 0.9545282125473022
Car 0.0 0 -1.7107839584350586 670.6445922851562 176.3143768310547 742.6034545898438 232.7590789794922 3.769468 1.566614 1.656216 2.8269708 1.6823084 22.151194 -1.583848476409912 0.8659127950668335
Car 0.0 0 0.14999067783355713 424.5448913574219 184.2519073486328 479.5511779785156 204.01718139648438 3.9591565 1.4726601 1.5926137 -12.194704 2.3682685 55.746693 -0.06536899507045746 0.8390917181968689
Car 0.0 0 1.6656757593154907 543.3231201171875 179.98959350585938 577.1890258789062 208.03378295898438 3.8770435 1.5624065 1.6622895 -2.9637363 2.008928 43.152786 1.5971033573150635 0.7867245674133301
Car 0.0 0 -2.4658641815185547 946.1793212890625 214.5174560546875 1242.0 375.0 3.732945 1.4638181 1.5887588 2.761577 1.7104475 2.3701766 -1.6043431758880615 0.6303706765174866
Car 0.0 0 -1.5623893737792969 599.280029296875 176.31329345703125 623.0780639648438 199.32571411132812 3.5140076 1.5805426 1.6523091 0.06960102 1.83796 51.849625 -1.5610469579696655 0.5625876784324646
Car 0.0 0 3.3973238468170166 352.1437683105469 182.15866088867188 411.1558532714844 202.37962341308594 4.0774665 1.5164291 1.6319599 -17.670761 2.2491436 55.870415 3.0909979343414307 0.5016936659812927
Car 0.0 0 -1.6975919008255005 647.4971313476562 178.4606170654297 689.5050048828125 210.87728881835938 3.791029 1.4914584 1.5994434 2.8104331 1.7849895 35.794807 -1.6192375421524048 0.48400118947029114
