Pedestrian 0.0 0 1.813748836517334 449.4361572265625 174.92788696289062 484.29754638671875 251.43736267089844 0.8603775 1.7442998 0.615813 -3.1769254 1.5956773 16.821165 1.6270828247070312 0.8455765247344971
Pedestrian 0.0 0 1.9771517515182495 202.8329620361328 179.24588012695312 278.1988220214844 298.9267578125 0.7630248 1.5779512 0.68138814 -4.9847317 1.54956 9.870057 1.5094836950302124 0.8001905679702759
Pedestrian 0.0 0 -1.4178003072738647 606.7134399414062 176.01939392089844 630.039306640625 217.7093505859375 0.99471444 1.7867768 0.8778935 0.73203194 1.5528522 31.350933 -1.3944549560546875 0.7291111946105957
Pedestrian 0.0 0 -1.9705705642700195 848.3406372070312 164.51528930664062 934.39501953125 292.3280334472656 0.7006512 1.6693697 0.8759588 3.8660755 1.4488614 9.73943 -1.5926954746246338 0.6963270306587219
Pedestrian 0.0 0 -1.401882290840149 507.72650146484375 179.8623809814453 532.000732421875 232.20140075683594 1.1321195 1.6365963 0.594186 -2.6336503 1.5864977 23.04067 -1.5156927108764648 0.39466026425361633
Pedestrian 0.0 0 -0.22654014825820923 0.0 12.622326850891113 138.41531372070312 374.0 0.73111284 1.7094067 0.6693366 -3.0348039 0.93703806 3.7831056 -0.9026205539703369 0.35165390372276306
Pedestrian 0.0 0 -1.126090407371521 567.06982421875 179.35757446289062 594.2793579101562 217.60693359375 0.9541281 1.6478248 0.8699546 -0.92094463 1.5564903 31.556099 -1.155266523361206 0.32984399795532227
Pedestrian 0.0 0 1.760524868965149 302.1809387207031 132.49940490722656 338.67291259765625 209.83279418945312 1.0549997 1.8804364 0.66927356 -7.07858 0.6901324 18.044247 1.3866825103759766 0.3279753625392914
Pedestrian 0.0 0 2.0565860271453857 349.47509765625 148.53781127929688 429.0616760253906 280.0496520996094 0.9175418 1.7831672 0.75107497 -3.055262 1.3375572 10.260508 1.7671771049499512 0.2527637183666229
Pedestrian 0.0 0 -0.2441655844449997 472.77947998046875 186.27935791015625 499.2344665527344 235.845703125 0.775358 1.6996695 0.67174226 -4.0724883 1.8713406 25.17975 -0.4045136868953705 0.22179771959781647
Pedestrian 0.0 0 2.584740161895752 633.30126953125 176.07749938964844 654.2896118164062 199.80076599121094 1.4820446 1.750648 0.57881033 3.18158 1.3510858 53.614635 2.644012212753296 0.1965099424123764
Pedestrian 0.0 0 0.2569510340690613 389.9146728515625 190.16468811035156 426.35443115234375 256.9939880371094 0.70775783 1.6063905 0.73084325 -4.795685 1.8258742 17.72742 -0.007248685695230961 0.18849748373031616
Pedestrian 0.0 0 -1.0180671215057373 1131.779296875 57.27452850341797 1238.0 266.2723388671875 0.7338287 1.7909229 0.6507005 5.4017186 0.7278076 6.5797215 -0.330672949552536 0.1884864866733551
Pedestrian 0.0 0 1.774723768234253 434.1138000488281 171.60107421875 463.6715087890625 232.29464721679688 1.6211158 1.7627327 0.55878854 -4.6142807 1.476372 21.67228 1.5649445056915283 0.10517045110464096
Cyclist 0.0 0 -1.405022382736206 507.79510498046875 179.93629455566406 531.9217529296875 232.2643280029297 1.1367936 1.636756 0.59216976 -2.6347513 1.5889529 23.049015 -1.5188391208648682 0.5209656953811646
Cyclist 0.0 0 1.774723768234253 434.1138000488281 171.60107421875 463.6715087890625 232.29464721679688 1.6211158 1.7627327 0.55878854 -4.6142807 1.476372 21.67228 1.5649445056915283 0.19992172718048096
Cyclist 0.0 0 1.6972730159759521 307.1847229003906 163.79995727539062 342.5557556152344 235.78216552734375 1.3296169 1.6909254 0.64913905 -6.791526 1.2763388 17.594904 1.3288989067077637 0.192841038107872
Cyclist 0.0 0 2.584740161895752 633.30126953125 176.07749938964844 654.2896118164062 199.80076599121094 1.4820446 1.750648 0.57881033 3.18158 1.3510858 53.614635 2.644012212753296 0.14142197370529175
Cyclist 0.0 0 -0.6496760249137878 0.0 8.195501327514648 150.9459228515625 374.0 0.89565337 1.7297451 0.6837596 -3.0491548 0.95700693 3.7213264 -1.3361186981201172 0.10728304088115692
Car 0.0 0 1.7003943920135498 560.9186401367188 186.31732177734375 609.0906372070312 220.54164123535156 4.3488917 1.5605854 1.8426224 -0.7541729 1.8156838 35.648926 1.6792420148849487 0.18299292027950287
