Pedestrian 0.0 0 -1.79268217086792 767.8096923828125 169.83592224121094 807.18017578125 241.7017364501953 0.85242176 1.6544209 0.7278623 4.349344 1.3871113 16.970737 -1.541797161102295 0.772375762462616
Pedestrian 0.0 0 -1.098578691482544 195.77957153320312 156.40914916992188 322.6949157714844 345.1995544433594 0.8930384 1.6571982 0.7570146 -3.2325175 1.4383336 6.759169 -1.5446687936782837 0.7617659568786621
Pedestrian 0.0 0 -1.8035579919815063 941.1369018554688 158.6210479736328 1010.3594970703125 289.6114501953125 0.84558076 1.720083 0.66608113 5.101803 1.4209802 9.920438 -1.328558087348938 0.6682617664337158
Pedestrian 0.0 0 2.3580918312072754 495.8607482910156 175.90846252441406 519.2211303710938 219.28443908691406 0.7762471 1.7600002 0.5752025 -3.8874097 1.5341157 29.627144 2.227626085281372 0.62270587682724
Pedestrian 0.0 0 2.1085896492004395 480.4356994628906 180.06402587890625 504.82733154296875 224.87571716308594 0.7559348 1.7621508 0.67292076 -4.364936 1.7066933 28.721798 1.9577707052230835 0.4626312851905823
Pedestrian 0.0 0 -0.39449286460876465 872.8856201171875 160.5561981201172 911.6793823242188 223.94418334960938 0.8373626 1.7701501 0.6403082 8.215045 1.1864301 20.382242 -0.011360709555447102 0.38636741042137146
Pedestrian 0.0 0 -1.5350054502487183 600.9892578125 175.45860290527344 615.1699829101562 207.31851196289062 1.043894 1.6851681 0.7251922 0.35775042 1.3664643 38.530075 -1.5257207155227661 0.365396112203598
Pedestrian 0.0 0 2.494399070739746 1060.6473388671875 96.4490737915039 1212.535400390625 291.7435302734375 0.9060673 1.761986 0.725957 5.016285 0.99601877 6.8480716 3.126612663269043 0.34753429889678955
Pedestrian 0.0 0 -2.9159252643585205 767.4172973632812 160.97911071777344 884.211181640625 374.0 0.8066432 1.693646 0.8235378 1.9074374 1.5330554 6.2258086 -2.6186294555664062 0.33538490533828735
Pedestrian 0.0 0 -3.0215015411376953 665.6514282226562 175.0053253173828 682.938720703125 202.0010528564453 1.1014519 1.8076538 0.56762564 4.931839 1.3734374 48.49545 -2.9201531410217285 0.29736799001693726
Pedestrian 0.0 0 -0.49407488107681274 1054.6917724609375 105.03194427490234 1159.51025390625 260.10992431640625 0.83880645 1.7826974 0.60473454 5.985237 0.90500885 8.603022 0.11376833915710449 0.27273571491241455
Pedestrian 0.0 0 -0.7497100830078125 808.0602416992188 169.54261779785156 852.9181518554688 246.6509552001953 0.69848704 1.6984634 0.6701207 5.1488047 1.4362992 16.2726 -0.4432675540447235 0.2668647766113281
Pedestrian 0.0 0 -1.4250731468200684 468.4731750488281 168.83197021484375 488.3506774902344 209.02308654785156 1.6819648 1.7214941 0.6272912 -5.4166803 1.1798552 31.613865 -1.5947641134262085 0.2221304476261139
Pedestrian 0.0 0 1.7770307064056396 414.3334045410156 170.23060607910156 458.984130859375 250.53041076660156 1.8828096 1.7785912 0.6529492 -3.8728347 1.5302004 16.85569 1.551186203956604 0.1641695648431778
Cyclist 0.0 0 1.7770307064056396 414.3334045410156 170.23060607910156 458.984130859375 250.53041076660156 1.8828096 1.7785912 0.6529492 -3.8728347 1.5302004 16.85569 1.551186203956604 0.7533614635467529
Cyclist 0.0 0 -0.986525297164917 651.0191040039062 177.2686004638672 668.389404296875 199.4435272216797 1.6041648 1.7315177 0.5843497 4.6442604 1.4016471 56.89949 -0.9050836563110352 0.4564858078956604
Cyclist 0.0 0 -1.4552706480026245 469.3231506347656 167.7183074951172 487.3831787109375 209.1494903564453 1.6470162 1.7747191 0.60000795 -5.419138 1.1853423 31.606075 -1.6250782012939453 0.3337082862854004
Cyclist 0.0 0 -1.5423909425735474 601.112548828125 173.8366241455078 614.857421875 207.48995971679688 1.0250553 1.7762172 0.7080762 0.35146996 1.372591 38.43644 -1.5332469940185547 0.15579982101917267
Cyclist 0.0 0 -2.100766181945801 1049.3135986328125 105.81470489501953 1182.2852783203125 297.5738525390625 0.8869575 1.78247 0.7222036 5.0260563 1.0803242 7.146443 -1.4878323078155518 0.14704076945781708
Cyclist 0.0 0 1.2150359153747559 856.7167358398438 173.3995361328125 892.7540893554688 239.05853271484375 0.8784156 1.7949322 0.67556584 7.5975385 1.5746447 20.07588 1.5768200159072876 0.10309702157974243
Car 0.0 0 1.7132675647735596 548.7011108398438 167.24961853027344 603.4183959960938 212.66114807128906 4.7411575 2.08056 2.0375848 -1.1724938 1.4285994 35.37598 1.68013596534729 0.8751206994056702
Car 0.0 0 -1.6171029806137085 797.6951904296875 185.6468505859375 891.421142578125 269.5494689941406 3.3862588 1.4240282 1.5567554 4.6551228 1.517912 14.210032 -1.3005266189575195 0.30516859889030457
