Pedestrian 0.0 0 0.015594642609357834 522.5233764648438 148.9077606201172 630.7666625976562 310.1299743652344 1.2052057 1.7922386 0.6489329 -0.37452966 1.4427279 8.197417 -0.030062343925237656 0.8761354684829712
Pedestrian 0.0 0 1.2207815647125244 833.7716064453125 172.67823791503906 875.5350341796875 242.8522186279297 0.83916914 1.7306871 0.7503312 6.257505 1.5393776 17.857256 1.5578287839889526 0.274787962436676
Pedestrian 0.0 0 1.3536996841430664 671.8927001953125 161.3558807373047 717.7449951171875 251.20947265625 0.99547476 1.7656307 0.7262256 1.7755708 1.3910775 14.418399 1.476228952407837 0.13698871433734894
Pedestrian 0.0 0 1.4701741933822632 626.0108642578125 169.33041381835938 664.638671875 259.85650634765625 1.0274438 1.7963729 0.68957067 0.77527344 1.576356 14.554979 1.5233891010284424 0.13556194305419922
Pedestrian 0.0 0 -0.5676754713058472 816.220947265625 186.6861572265625 870.1176147460938 274.2867431640625 0.76042473 1.673709 0.6856166 4.662456 1.8014909 13.989041 -0.2459607720375061 0.11336195468902588
Pedestrian 0.0 0 -1.465506672859192 540.7883911132812 156.5095977783203 574.4421997070312 228.35577392578125 0.91201866 1.7413467 0.74685943 -1.2070031 1.1614876 17.60133 -1.533974051475525 0.11064013838768005
Pedestrian 0.0 0 -1.8809139728546143 852.8091430664062 144.75234985351562 909.5828857421875 250.64837646484375 1.313697 1.7044455 0.5180128 4.6357284 1.1307244 12.045898 -1.5135456323623657 0.10520295053720474
Cyclist 0.0 0 -1.8556305170059204 846.2366333007812 135.3180389404297 906.6528930664062 241.0911865234375 1.6074169 1.7068686 0.5359264 4.6161294 0.9794177 12.226492 -1.4946248531341553 0.10982795059680939
Cyclist 0.0 0 1.3220584392547607 671.1184692382812 163.83677673339844 718.4864501953125 253.5160369873047 1.0180316 1.7652026 0.7290897 1.7805495 1.4388419 14.463094 1.444551944732666 0.10908633470535278
Car 0.0 0 0.9399409890174866 0.0 131.7313995361328 142.65000915527344 268.76312255859375 4.015403 1.8283955 1.7699766 -9.496106 1.1793548 10.722233 0.21511292457580566 0.15530134737491608
