Pedestrian 0.0 0 -1.7139090299606323 737.1295776367188 175.74427795410156 747.9769287109375 199.9578399658203 0.9722897 1.7081066 0.62836856 9.431898 1.9168173 51.513523 -1.5328192710876465 0.24920064210891724
Pedestrian 0.0 0 -1.8683290481567383 767.663330078125 139.41551208496094 791.7410278320312 190.30014038085938 0.8668673 1.9357216 0.6806606 6.513229 0.6640333 27.90116 -1.6389966011047363 0.21084079146385193
Pedestrian 0.0 0 0.7411137819290161 260.1081848144531 169.506591796875 289.8586730957031 208.11782836914062 1.1974999 1.7509024 0.5273528 -15.43047 1.599465 33.148315 0.3054468631744385 0.1639610230922699
Pedestrian 0.0 0 -2.4176154136657715 0.0 163.41871643066406 41.13561248779297 212.36373901367188 0.9211008 1.8672242 0.95904934 -22.977924 1.5076317 28.019781 -3.1044692993164062 0.15570715069770813
Cyclist 0.0 0 -2.009136915206909 757.3998413085938 145.07919311523438 788.2882690429688 192.93052673339844 1.3304324 1.8112513 0.66656786 6.271685 0.76028764 28.030226 -1.7890151739120483 0.17222163081169128
Cyclist 0.0 0 -1.7374995946884155 736.9889526367188 175.78553771972656 748.095458984375 200.16114807128906 0.9380142 1.7188942 0.6312516 9.422317 1.9302847 51.465286 -1.5564239025115967 0.15917083621025085
Car 0.0 0 -1.579857349395752 583.6814575195312 173.3258819580078 639.8578491210938 228.29576110839844 4.4522915 1.6401052 1.6798515 -0.01501585 1.6574898 23.797909 -1.5804883241653442 0.8903712630271912
Car 0.0 0 2.0515387058258057 193.22222900390625 169.7095184326172 258.7418212890625 201.4338836669922 3.9053514 1.6582454 1.5491203 -21.061728 1.4942402 39.670616 1.5634660720825195 0.8442248106002808
Car 0.0 0 -1.1419802904129028 258.1977233886719 171.05101013183594 309.15679931640625 195.70330810546875 3.654844 1.5477972 1.6646401 -21.2831 1.4349539 47.130375 -1.566146731376648 0.8240498304367065
Car 0.0 0 -1.1540710926055908 302.4938659667969 172.3799285888672 344.8582458496094 193.5695343017578 3.678793 1.5493183 1.632849 -21.650686 1.5150133 54.62394 -1.5314346551895142 0.7745434641838074
Car 0.0 0 -1.5454429388046265 739.2634887695312 171.5618896484375 764.4298706054688 196.03216552734375 3.9060133 1.7229763 1.713715 10.401426 1.6323552 52.894184 -1.3512744903564453 0.18297982215881348
