Pedestrian 0.0 0 0.09163084626197815 666.330078125 176.1387176513672 691.5028686523438 220.86944580078125 0.9525432 1.7697655 0.65927494 2.7337794 1.9041077 29.017128 0.18556618690490723 0.6029262542724609
Pedestrian 0.0 0 2.340644359588623 1007.73876953125 135.00328063964844 1052.6195068359375 217.22047424316406 0.5942781 1.7672619 0.612807 9.1938305 0.95401704 15.882563 2.865377187728882 0.34418755769729614
Pedestrian 0.0 0 -3.2426013946533203 792.7570190429688 155.4283905029297 828.6513671875 212.7319793701172 0.9856448 1.6909993 0.5485006 5.9654016 1.1771367 21.64223 -2.9736428260803223 0.23560181260108948
Pedestrian 0.0 0 -3.100311756134033 719.9096069335938 170.24266052246094 746.965576171875 204.4866943359375 1.3682104 1.7680876 0.6871036 6.422018 1.6336173 37.730225 -2.931718587875366 0.1575513333082199
Pedestrian 0.0 0 -0.39688804745674133 803.6541137695312 158.19065856933594 831.56494140625 209.91656494140625 0.769815 1.7801507 0.5816695 7.191902 1.2758688 25.16333 -0.11850098520517349 0.14601881802082062
Pedestrian 0.0 0 -1.56527841091156 725.337890625 186.59527587890625 746.5418701171875 239.90325927734375 0.7735564 1.634805 0.64869666 3.932415 2.077537 22.78811 -1.3943970203399658 0.14366722106933594
Pedestrian 0.0 0 -1.6860939264297485 798.3787231445312 172.64710998535156 829.5499267578125 238.17771911621094 1.0180709 1.7752699 0.7203411 5.6239696 1.7700231 20.103437 -1.4133155345916748 0.13199517130851746
Cyclist 0.0 0 -3.0463595390319824 716.2274780273438 171.4460906982422 750.7392578125 204.52293395996094 1.7306579 1.7115142 0.67131495 6.4491925 1.639022 37.881927 -2.8777318000793457 0.47022685408592224
Cyclist 0.0 0 -0.5760179162025452 765.4317626953125 159.7039031982422 810.4421997070312 207.14544677734375 1.7060992 1.8248001 0.51901543 6.9324512 1.3193507 28.276579 -0.33559420704841614 0.352225124835968
Cyclist 0.0 0 2.4192545413970947 699.0595703125 175.9910888671875 719.9814453125 198.55426025390625 1.7259493 1.8346752 0.632251 8.202479 2.0974517 59.61384 2.5559895038604736 0.17607548832893372
Cyclist 0.0 0 -1.7980072498321533 797.17138671875 154.58241271972656 823.7741088867188 212.93450927734375 1.007138 1.7085425 0.55349475 5.9566755 1.1739106 21.63839 -1.5293781757354736 0.13830016553401947
Cyclist 0.0 0 -0.05388207733631134 670.0689697265625 180.08987426757812 704.7823486328125 223.5514373779297 1.3584061 1.7233704 0.59614426 3.0676003 2.0184302 29.051449 0.05132007598876953 0.11716292798519135
Car 0.0 0 1.8001700639724731 367.34716796875 179.00738525390625 463.9281311035156 257.28021240234375 4.275521 1.9226934 1.6714226 -5.350901 2.1139655 20.22225 1.5414937734603882 0.7413614392280579
Car 0.0 0 2.5351738929748535 401.3384704589844 158.66575622558594 465.8877258300781 187.9714813232422 4.0723453 1.9215616 1.6605374 -12.0589285 0.9916035 49.38289 2.295668601989746 0.37694960832595825
Car 0.0 0 -3.214695930480957 672.7706298828125 171.9556427001953 749.2958374023438 202.54148864746094 3.937283 1.595581 1.7242062 5.320136 1.5490745 38.623756 -3.0778145790100098 0.2129485309123993
