Pedestrian 0.0 0 1.8968409299850464 399.7911071777344 171.6478271484375 431.61297607421875 226.0723876953125 1.0160557 1.7637565 0.73644686 -6.17148 1.4455678 23.810074 1.643225908279419 0.7298714518547058
Pedestrian 0.0 0 1.1922951936721802 725.7872924804688 152.17906188964844 793.6334838867188 260.9829406738281 0.83416575 1.8136393 0.9019624 2.6877947 1.326178 12.457094 1.404801607131958 0.7011017203330994
Pedestrian 0.0 0 -1.4809542894363403 527.2308349609375 169.39474487304688 554.0125732421875 219.77333068847656 0.91694987 1.7653453 0.8752827 -2.1839263 1.3422202 25.629562 -1.565960168838501 0.6252006888389587
Pedestrian 0.0 0 1.511756181716919 580.5161743164062 169.28460693359375 617.7664184570312 245.17098999023438 0.82864696 1.8021553 0.85700536 -0.10016737 1.5132632 17.49764 1.5060316324234009 0.4996146559715271
Pedestrian 0.0 0 1.3012378215789795 490.8038635253906 171.89663696289062 505.3975524902344 203.79769897460938 0.7510192 1.8346492 0.6636723 -6.0125074 1.2831416 41.78631 1.1583316326141357 0.44845110177993774
Pedestrian 0.0 0 2.472947359085083 754.8436279296875 139.79800415039062 811.3632202148438 236.91690063476562 0.8284008 1.8169562 0.66258943 3.4735243 1.0380323 13.908753 2.7176780700683594 0.39122167229652405
Pedestrian 0.0 0 -1.3033243417739868 49.25795364379883 189.20423889160156 121.11707305908203 353.53680419921875 0.39331052 1.7701181 0.5715345 -5.8181663 1.8608395 8.046039 -1.9293922185897827 0.32593265175819397
Pedestrian 0.0 0 -1.5847679376602173 638.4910278320312 146.56983947753906 689.603271484375 265.828369140625 0.7917713 1.6996654 0.7275086 0.8757068 1.2031585 10.654748 -1.5027629137039185 0.23732422292232513
Pedestrian 0.0 0 1.6688232421875 322.575439453125 173.76463317871094 353.0116271972656 237.70509338378906 1.7662238 1.7157732 0.63750577 -7.4281907 1.5093653 20.208023 1.31656813621521 0.1422153115272522
Pedestrian 0.0 0 -0.7516608834266663 584.7680053710938 177.2840576171875 660.0562133789062 255.3198699951172 1.7744606 1.6775013 0.5979092 0.45756775 1.5881004 16.250544 -0.7235112190246582 0.12147408723831177
Cyclist 0.0 0 -0.9521154761314392 589.7333984375 169.6967315673828 658.22265625 250.1243133544922 1.8107407 1.7294197 0.6271172 0.50270206 1.4768434 16.354305 -0.9213869571685791 0.450882226228714
Cyclist 0.0 0 1.6688232421875 322.575439453125 173.76463317871094 353.0116271972656 237.70509338378906 1.7662238 1.7157732 0.63750577 -7.4281907 1.5093653 20.208023 1.31656813621521 0.3808528184890747
Cyclist 0.0 0 -1.4810857772827148 528.0066528320312 169.69911193847656 553.999755859375 219.23963928222656 0.91819185 1.739985 0.8493057 -2.1754155 1.3265698 25.688377 -1.5655690431594849 0.12962795794010162
Cyclist 0.0 0 1.3880689144134521 760.9808349609375 138.0023651123047 807.6737670898438 237.57858276367188 0.9169575 1.8516941 0.7127106 3.4680011 1.0440856 13.835323 1.6336712837219238 0.12000054121017456
Car 0.0 0 2.0626413822174072 0.0 192.4051055908203 354.96820068359375 374.0 4.184569 1.4708204 1.6571789 -3.9760585 1.6113405 7.056363 1.5495142936706543 0.9193583726882935
