Pedestrian 0.0 0 2.4591758251190186 693.7406616210938 157.97633361816406 714.7337646484375 192.86302185058594 0.95639706 1.8525658 0.5992121 5.0341444 1.0628844 38.818836 2.588139057159424 0.34928345680236816
Pedestrian 0.0 0 2.123349666595459 1176.2373046875 161.61085510253906 1231.811279296875 249.48623657226562 0.72538686 1.7930288 0.6101687 12.398137 1.563979 15.126221 2.80995512008667 0.2292332649230957
Pedestrian 0.0 0 0.40598928928375244 205.7228240966797 175.1132049560547 247.97080993652344 221.8203887939453 1.5115571 2.0097048 0.60199815 -16.727413 2.1096518 31.441053 -0.08294855058193207 0.1839236468076706
Pedestrian 0.0 0 2.0921292304992676 0.0 166.4313507080078 40.214576721191406 245.50299072265625 0.96337575 1.8805528 0.8675181 -14.811527 1.7281618 17.707447 1.3955501317977905 0.16243594884872437
Pedestrian 0.0 0 -3.432854175567627 1056.67724609375 214.049072265625 1119.2220458984375 309.6051025390625 0.8728251 1.7383368 0.5744181 9.11965 2.553498 13.868498 -2.851168632507324 0.13421642780303955
Pedestrian 0.0 0 -1.8476192951202393 996.81884765625 178.27220153808594 1047.0355224609375 247.89344787597656 1.0715686 1.8725802 0.95825183 11.428215 2.028934 20.13702 -1.3314226865768433 0.11387017369270325
Pedestrian 0.0 0 -0.08594964444637299 765.8817749023438 181.78762817382812 785.0653686523438 213.5371551513672 1.025041 1.8201034 0.79553 9.612343 2.347346 42.08712 0.13859057426452637 0.10525441914796829
Cyclist 0.0 0 0.3348121643066406 204.9282989501953 175.07444763183594 248.74288940429688 221.553466796875 1.5876445 1.9918063 0.55550617 -16.679312 2.089875 31.352121 -0.15410609543323517 0.29813405871391296
Car 0.0 0 1.9594151973724365 206.77996826171875 185.9719696044922 332.17333984375 248.0895538330078 4.548585 1.567709 1.769371 -9.992401 2.0009973 21.4971 1.5243010520935059 0.8845400214195251
Car 0.0 0 1.38352370262146 647.2657470703125 181.1898193359375 681.4130249023438 205.94554138183594 3.9897773 1.6050051 1.6500235 3.7107542 2.2099085 50.250496 1.4572349786758423 0.14211688935756683
Car 0.0 0 1.2476550340652466 713.85888671875 184.33265686035156 753.4658813476562 208.28224182128906 3.5190601 1.5387731 1.6690625 8.49865 2.3645217 50.013412 1.4159746170043945 0.13894546031951904
Car 0.0 0 1.5119824409484863 748.3590087890625 176.37841796875 778.0621948242188 203.53726196289062 3.7465596 1.6553109 1.6459605 9.794084 1.8922735 46.461617 1.7197401523590088 0.1363435685634613
