Car 0.0 0 1.9587746858596802 327.9422607421875 178.9968719482422 439.5851745605469 242.66458129882812 3.9942605 1.6223854 1.6807148 -6.435827 1.8178043 20.845345 1.6593173742294312 0.9376688003540039
Car 0.0 0 1.7957569360733032 491.09478759765625 181.06991577148438 542.3671875 211.5231475830078 4.6201053 1.481519 1.7440557 -4.9693785 1.9505105 38.76962 1.6682748794555664 0.9340635538101196
Car 0.0 0 -1.6041899919509888 589.635009765625 177.22702026367188 657.1087036132812 241.90802001953125 3.768817 1.6073968 1.7035726 0.25003737 1.741041 20.08729 -1.5917431116104126 0.9154456853866577
Car 0.0 0 2.2454895973205566 0.0 192.7577362060547 175.9519805908203 292.0178527832031 4.4014306 1.4545583 1.720792 -10.497324 1.8934616 13.6775675 1.590891718864441 0.9108805656433105
Car 0.0 0 1.8502362966537476 448.7391052246094 179.19656372070312 496.97125244140625 207.16619873046875 4.279906 1.53459 1.6955718 -8.100043 1.9305849 42.796276 1.6631791591644287 0.7113355994224548
Car 0.0 0 -1.1019948720932007 701.9019775390625 176.67906188964844 816.6831665039062 235.6003875732422 3.7069283 1.4801575 1.6740776 4.2372255 1.5988538 20.34932 -0.8967038989067078 0.6775297522544861
Car 0.0 0 2.040215015411377 151.7321014404297 179.50241088867188 289.0413818359375 252.4961395263672 4.045774 1.7561269 1.6439806 -10.528849 1.957433 19.766787 1.550787091255188 0.5288517475128174
Car 0.0 0 1.8613383769989014 333.2018737792969 182.84298706054688 401.0035095214844 221.74798583984375 3.9623792 1.4528246 1.5990561 -10.03994 1.8960109 29.977974 1.538169026374817 0.47513720393180847
Car 0.0 0 -0.9505036473274231 757.8284912109375 178.49444580078125 941.2398071289062 265.8591613769531 3.5791419 1.4509847 1.560052 4.612105 1.5730555 13.882664 -0.6297550201416016 0.458108514547348
Car 0.0 0 -1.438620686531067 651.2554321289062 174.5506134033203 675.9671020507812 193.08053588867188 3.571844 1.5280486 1.6550474 4.594469 1.678158 61.766747 -1.3643732070922852 0.4329886734485626
