Pedestrian 0.0 0 -0.8583461046218872 757.3843994140625 148.1635284423828 777.81005859375 191.88812255859375 0.57885635 1.9270842 0.67826253 7.0014825 0.8392531 32.242744 -0.6445167064666748 0.292970210313797
Pedestrian 0.0 0 -2.133059501647949 1001.14404296875 142.9167938232422 1044.8480224609375 223.68031311035156 0.651549 1.8165567 0.6178396 9.424299 1.1435585 16.565638 -1.6158168315887451 0.27745839953422546
Pedestrian 0.0 0 -0.1901407539844513 783.88330078125 143.60076904296875 819.2129516601562 211.74630737304688 0.8288612 1.8309357 0.6242776 5.180431 1.0453173 19.722618 0.06672143936157227 0.27332377433776855
Pedestrian 0.0 0 -3.3023197650909424 919.41015625 156.0235137939453 1029.23388671875 245.49862670898438 1.9098214 1.7547227 0.7654764 7.372341 1.425013 14.796592 -2.840076446533203 0.10097593069076538
Cyclist 0.0 0 -3.3296380043029785 923.838623046875 164.5887908935547 1036.218505859375 248.48068237304688 1.9286937 1.6348485 0.73492163 7.4297843 1.4741377 14.678354 -2.8610641956329346 0.43198737502098083
Car 0.0 0 1.8117010593414307 399.01373291015625 186.77474975585938 539.0299072265625 290.3042297363281 3.6330879 1.4765439 1.5607462 -2.351784 1.7567768 12.6456175 1.6278254985809326 0.9547475576400757
Car 0.0 0 1.84088933467865 623.2009887695312 179.75885009765625 674.0540161132812 208.07412719726562 4.109653 1.4232057 1.7525014 2.1420166 1.8236355 39.57676 1.8949596881866455 0.8479442596435547
Car 0.0 0 1.7410537004470825 547.1222534179688 175.7631072998047 620.67431640625 235.67523193359375 4.433143 1.7984658 1.731294 -0.81451654 1.905714 24.195158 1.707401990890503 0.7904132008552551
Car 0.0 0 -2.4223289489746094 957.6447143554688 221.7831573486328 1242.0 375.0 3.5735967 1.4356184 1.5663657 2.5247252 1.698425 2.0533028 -1.5343173742294312 0.5324292182922363
Car 0.0 0 1.8709430694580078 652.7594604492188 181.98179626464844 695.8504028320312 207.90277099609375 3.9673243 1.5105994 1.618748 4.0866065 2.116191 45.697666 1.9601328372955322 0.505239725112915
Car 0.0 0 1.7219018936157227 493.6734313964844 167.52577209472656 584.1305541992188 250.88699340820312 4.0432725 1.846672 1.6491193 -1.7037693 1.7289956 18.046535 1.6277711391448975 0.5012894868850708
Car 0.0 0 1.6322764158248901 575.4954223632812 176.9473876953125 618.4220581054688 215.03652954101562 4.0424643 1.5097399 1.6044772 -0.543874 1.6981643 31.093014 1.6147863864898682 0.271061509847641
