Pedestrian 0.0 0 1.6624679565429688 1161.0028076171875 129.60279846191406 1232.9176025390625 274.3433532714844 0.62138313 1.7611887 0.66166997 7.4562907 1.2352703 9.23023 2.341954231262207 0.5226845741271973
Pedestrian 0.0 0 2.4681079387664795 837.648681640625 174.39349365234375 897.4366455078125 265.08111572265625 0.8327493 1.698792 0.7078998 4.938709 1.7300322 14.000326 2.807236433029175 0.4851484000682831
Pedestrian 0.0 0 -0.4685741662979126 1137.5584716796875 119.62727355957031 1190.2166748046875 214.8432159423828 0.5794933 1.7510889 0.59811044 10.388454 0.77256924 13.613694 0.18325114250183105 0.3168502449989319
Cyclist 0.0 0 -1.8290579319000244 879.7320556640625 137.62916564941406 925.1649780273438 205.84840393066406 1.7368844 1.7697762 0.71951866 7.8777223 0.8563148 19.621881 -1.447279453277588 0.6898643374443054
Car 0.0 0 -0.48063647747039795 972.2857055664062 159.47137451171875 1242.0 270.013427734375 4.277582 1.6215599 1.7471045 8.428182 1.4256055 11.748391 0.14166569709777832 0.9504225254058838
Car 0.0 0 1.4392471313476562 661.0662231445312 177.2410430908203 752.4590454101562 244.50762939453125 3.9456623 1.4371871 1.6752423 2.1938698 1.5569162 17.650866 1.5629054307937622 0.9466577768325806
Car 0.0 0 0.2033100724220276 413.9146423339844 175.4451141357422 519.8239135742188 208.97897338867188 4.382978 1.4477997 1.6493628 -6.353462 1.5665442 32.12154 0.008036136627197266 0.8869078159332275
Car 0.0 0 1.7158206701278687 532.0081176757812 164.49974060058594 577.078125 203.6373748779297 3.9888349 1.8481853 1.6909913 -2.7536929 1.4540323 36.11815 1.6397266387939453 0.44273918867111206
Car 0.0 0 1.6756447553634644 560.1907958984375 171.45152282714844 591.9352416992188 196.28663635253906 3.9462476 1.4752471 1.5693088 -2.1008143 1.3922952 44.873127 1.6288621425628662 0.434843510389328
Car 0.0 0 -1.5590283870697021 651.1159057617188 165.38511657714844 685.0408325195312 200.22975158691406 3.7607872 1.6279132 1.5832365 2.8501768 1.2793307 35.651783 -1.4792531728744507 0.33768990635871887
