Pedestrian 0.0 0 -2.3205718994140625 967.0762939453125 151.4147491455078 1047.6475830078125 277.9403381347656 0.6864445 1.7716494 0.76813436 5.7329817 1.4718082 10.528342 -1.82193922996521 0.14531618356704712
Pedestrian 0.0 0 -2.080354690551758 915.0814819335938 118.92176818847656 988.8286743164062 239.95864868164062 0.747993 1.8287872 0.77590805 5.286146 1.0142647 11.30015 -1.6428018808364868 0.1354713886976242
Pedestrian 0.0 0 1.9235632419586182 33.65580749511719 157.7214813232422 75.93473815917969 212.2727813720703 1.6530975 1.8051254 0.61818945 -19.068893 1.304742 24.75439 1.267181396484375 0.11300457268953323
Cyclist 0.0 0 -1.1193790435791016 130.45623779296875 181.3549346923828 172.66441345214844 238.00335693359375 1.7117069 1.6763343 0.40613177 -14.30825 1.9519231 22.484627 -1.6861035823822021 0.3246811330318451
Cyclist 0.0 0 -1.176565170288086 351.0091552734375 162.50794982910156 372.6488952636719 197.34446716308594 1.6153363 1.7324833 0.45733246 -12.649706 1.2183139 36.700977 -1.5084832906723022 0.1542293131351471
Cyclist 0.0 0 -1.7190465927124023 728.91162109375 190.4024200439453 751.4954223632812 242.9747772216797 1.5061634 1.6721106 0.5251104 4.31303 2.2799287 24.214018 -1.5427740812301636 0.14356383681297302
Cyclist 0.0 0 1.9235632419586182 33.65580749511719 157.7214813232422 75.93473815917969 212.2727813720703 1.6530975 1.8051254 0.61818945 -19.068893 1.304742 24.75439 1.267181396484375 0.13593892753124237
Car 0.0 0 1.8354346752166748 324.91796875 188.56675720214844 488.55084228515625 295.6730041503906 3.975484 1.4463066 1.6652724 -3.2971966 1.7582406 12.314729 1.5738266706466675 0.9741138815879822
Car 0.0 0 -1.9534704685211182 488.2501220703125 177.10023498535156 527.0518188476562 200.22454833984375 3.9803822 1.7315909 1.6615413 -8.139047 2.0797074 56.951374 -2.095421552658081 0.28121480345726013
Car 0.0 0 0.48331305384635925 179.48916625976562 160.52639770507812 299.9587097167969 204.0398406982422 3.5655408 1.5287586 1.5674205 -13.399898 1.0960107 26.148094 0.00974583625793457 0.1820889264345169
Car 0.0 0 -0.19746671617031097 718.4512329101562 168.99017333984375 776.9609985351562 192.88426208496094 3.542635 1.5480226 1.5929705 9.014613 1.2980553 47.55781 -0.010138518176972866 0.17891108989715576
Car 0.0 0 -3.8467025756835938 884.1282958984375 91.87228393554688 1242.0 375.0 4.135492 1.5397682 1.7512842 3.6207225 1.27854 3.422276 -3.033135414123535 0.15502727031707764
Car 0.0 0 -0.6681959629058838 197.6689910888672 161.21737670898438 268.84326171875 192.8616180419922 4.707256 2.3042412 1.8076973 -28.686405 1.4572537 55.05488 -1.1485422849655151 0.1252547651529312
